conattr
5.28375058452071
2.31390992606738
1.06759540001608
10.9916401542439
6.80212647101725
1.24618591512517
3.16650224995874
1.44355974620807
11.5964310466512
8.93723892930053
4.20456482991094
6.62958217769627
3.75698015624342
3.57125931615326
2.63419148644927
3.21614819762147
9.95272240201007
4.83791562474368
5.35773570928275
5.73106228879728
8.69742763545601
3.45180850716566
2.02247854882389
10.0270907972096
3.67651034928414
2.83080209018038
1.29118064335012
1.14585283304661
3.27807956210604
6.85395745149959
8.32954441678915
7.12276506150676
3.90902810871424
5.1792498121538
2.88621060895979
2.84834551527797
7.65395149693076
1.95322226418937
10.8658818964774
4.72904121810245
5.64361647988765
2.78441688578128
3.27683393071019
1.04895160308427
4.45122383488182
6.25694721477339
5.97291303248414
2.65539053883575
2.634134087438
3.49340384497142
9.48818200953905
1.58808913800276
4.4628452168594
10.7070854650368
4.69707534401357
0.920477888535819
3.00569169417781
6.45637993671463
3.87319138499068
3.31437090935065
3.96824829761462
5.27148994141766
9.79552631343748
4.73430466358335
8.24239848845455
6.8922623469517
4.65908031348158
0.401293991328205
3.43664804734244
3.53038864058458
5.14146329828458
8.90059603300046
11.8792369214933
9.64274317695131
4.60054710701317
-0.269582186672912
3.83366040778477
5.26762166921988
7.53503901220231
7.88758390545281
7.05292828824939
0.814176950601597
7.54892913690007
3.66032835071833
5.52440810048377
5.2236535315212
6.28450029491152
5.07402494847842
-0.00242529275698899
7.20948789432033
6.15807970504903
4.20304512416533
5.35443353314004
5.40211593610539
5.66305840568301
9.92253849793246
4.34284886319957
5.50419615165397
8.50515161920728
8.16254307013076
8.43578933114107
3.26759599682133
11.0074481908785
5.20010261279055
10.6005555341206
0.947291941907865
5.06295075906271
8.74974371290765
2.85427343833161
2.74193309534677
2.18438388917932
1.84246016198379
3.6885214004588
5.99353751887695
-1.04263149376216
5.63594130011688
8.71002513924971
11.1127220547213
8.90352797660176
7.27032429138788
-0.18019119734299
3.19547987597965
3.94386063025215
7.11057170827068
4.68298599798868
1.22405411581948
10.0533071242823
7.73417387538789
5.71229081747308
8.65432583097743
0.983677138295083
6.9824608933694
3.43126287105973
