betweenness harmonic.cent betweenness.scaled harmonic.cent.scaled
7548 119.643781815879 0.0348748018508041 0.244294089115941
179757.75520196 197.570293255936 6.94187130866967 2.00244787963045
0 122.014867687165 -0.267860717239438 0.2977897934045
0 139.163635192225 -0.267860717239438 0.684694968992477
0 139.030301858892 -0.267860717239438 0.681686743664922
0 127.890697412995 -0.267860717239438 0.430358441916788
0 99.985211121009 -0.267860717239438 -0.199236487892758
0 96.9114015971996 -0.267860717239438 -0.268586825354766
0 91.7412318158131 -0.267860717239438 -0.385234592985691
75462.8385292654 155.782626938913 2.75880616063288 1.0596475081735
0 91.7412318158131 -0.267860717239438 -0.385234592985691
8797 120.310448482546 0.0849697492996267 0.259335215753713
0 97.9292587400567 -0.267860717239438 -0.245622248077456
0 97.9292587400567 -0.267860717239438 -0.245622248077456
0 147.583270418763 -0.267860717239438 0.874656168521773
0 68.7152303628094 -0.267860717239438 -0.90474009870991
132713.903178156 172.403962703965 5.05503440320721 1.43465293237012
0 109.458530052268 -0.267860717239438 0.0144975966948395
0 77.6994990741868 -0.267860717239438 -0.702039813556512
0 77.6994990741868 -0.267860717239438 -0.702039813556512
32136 128.598397942786 1.02105139742458 0.446325361852093
0 97.1711123884573 -0.267860717239438 -0.262727311004012
0 77.7161657408535 -0.267860717239438 -0.701663785390568
0 97.9280682638662 -0.267860717239438 -0.245649107232166
0 97.9280682638662 -0.267860717239438 -0.245649107232166
0 100.562755427621 -0.267860717239438 -0.186206112310742
0 128.897285074896 -0.267860717239438 0.45306876065879
0 146.915789043929 -0.267860717239438 0.859596660690935
0 92.4912318158131 -0.267860717239438 -0.368313325518197
0 108.682339576077 -0.267860717239438 -0.00301457217627902
0 9.83333333333333 -0.267860717239438 -2.2332152035488
0 105.955552165002 -0.267860717239438 -0.0645355043226728
0.5 138.196968525558 -0.267840663217241 0.662885335367704
0 103.498720057706 -0.267860717239438 -0.119965788603057
0 105.955552165002 -0.267860717239438 -0.0645355043226728
0 83.5801814539168 -0.267860717239438 -0.569361680971464
21245.645938475 104.903981079271 0.584260593252311 -0.0882607251263167
0 77.4494990741868 -0.267860717239438 -0.707680236045677
0 138.280301858892 -0.267860717239438 0.664765476197426
1261 89.2766056342374 -0.217284473257881 -0.440840724753462
0 0 -0.267860717239438 -2.45507182145593
1261 89.2766056342374 -0.217284473257881 -0.440840724753462
0 96.9114015971996 -0.267860717239438 -0.268586825354766
0 116.537829434927 -0.267860717239438 0.17421855447675
0 124.222021658701 -0.267860717239438 0.347586916996897
7.33333333333333 136.207069535659 -0.267566591580544 0.617989851312529
85846.0500276958 153.570135377178 3.17525646837018 1.00972995952592
0 0 -0.267860717239438 -2.45507182145593
0 0 -0.267860717239438 -2.45507182145593
0 103.155294623491 -0.267860717239438 -0.127714046773045
1261 139.830301858892 -0.217284473257881 0.699736095630252
0 140.76697952012 -0.267860717239438 0.720869126612203
0 6.36666666666667 -0.267860717239438 -2.31142906206521
16298 137.468713646322 0.385820190303324 0.646454674572959
0 128.359586662197 -0.267860717239438 0.440937375781307
0 143.429302164795 -0.267860717239438 0.780935624685946
11060.6028251977 163.496182103072 0.175758431904337 1.23367834825083
0 134.790402868992 -0.267860717239438 0.586027457207264
138861.358226236 190.792029599041 5.30159680318923 1.84951879655911
5027.81666666667 137.977339905684 -0.0662048231649938 0.657930142540486
2504.5 136.810673239017 -0.167410120053228 0.631608170924391
0 169.629815424327 -0.267860717239438 1.37206348155282
0 101.029422094288 -0.267860717239438 -0.175677323664302
0 119.362592601756 -0.267860717239438 0.237949985247749
89944 132.149155389673 3.3396172277861 0.526436450480068
0 140.51697952012 -0.267860717239438 0.715228704123039
0 135.179331001628 -0.267860717239438 0.594802333151202
0 74.886403836091 -0.267860717239438 -0.765507996136981
0 117.793527296166 -0.267860717239438 0.202549220301267
4.5 139.780301858892 -0.267680231039662 0.698608011132419
0 91.241231815813 -0.267860717239438 -0.396515437964021
0 116.793527296166 -0.267860717239438 0.17998753034461
0 116.793527296166 -0.267860717239438 0.17998753034461
0 77.4494990741868 -0.267860717239438 -0.707680236045677
0 129.535380312991 -0.267860717239438 0.467465267583511
427.211020166898 149.499937085429 -0.250726118676733 0.917899407605365
51787 178.563148757661 1.80921457782235 1.57361457849896
0 89.3658913485231 -0.267860717239438 -0.438826288150189
0 158.779515436404 -0.267860717239438 1.12726237728858
1261 134.894006572351 -0.217284473257881 0.588364931840807
11 5 -0.267419528751098 -2.34226337167264
12527 144.244340562258 0.234572754891386 0.799324268312277
0 124.222021658701 -0.267860717239438 0.347586916996897
0 123.764935652171 -0.267860717239438 0.337274284234059
8797 126.348268985505 0.0849697492996267 0.395558649955422
0 129.243616715914 -0.267860717239438 0.460882587765628
0 107.263200097752 -0.267860717239438 -0.0350327570915038
0 0 -0.267860717239438 -2.45507182145593
0 82.8392122834702 -0.267860717239438 -0.586079197662522
0 145.215789043929 -0.267860717239438 0.821241787764616
3 116.834415159144 -0.267740393106254 0.180910029632106
70673.050931785 110.934744201597 2.56669714703256 0.0478034826416377
1563.42728000291 94.1396719409957 -0.205154706485394 -0.331121730501714
0 137.780301858892 -0.267860717239438 0.653484631219095
0 143.066368517102 -0.267860717239438 0.772747228251877
0 100.107830168628 -0.267860717239438 -0.196469994957596
0 97.0625920733901 -0.267860717239438 -0.265175712706558
0 10.0833333333333 -0.267860717239438 -2.22757478105963
0 158.779515436404 -0.267860717239438 1.12726237728858
0 106.84959978405 -0.267860717239438 -0.0443642791352334
427.211020166898 149.499937085429 -0.250726118676733 0.917899407605365
0 111.23921017366 -0.267860717239438 0.0546727495056723
0 102.905294623491 -0.267860717239438 -0.13335446926221
0 78.1435117540107 -0.267860717239438 -0.6920221371375
1636.89957264957 86.2111338348692 -0.20220787651015 -0.510002949061685
0 97.8544457217906 -0.267860717239438 -0.247310156200297
0 105.585710895161 -0.267860717239438 -0.0728797483860079
16 6.66666666666667 -0.267218988529125 -2.30466055507821
0 153.955197129152 -0.267860717239438 1.01841760338813
17505 133.230618408228 0.434230599887574 0.550836083804292
0 134.290402868992 -0.267860717239438 0.574746612228936
13806 135.243616715913 0.285870943672046 0.596252727505563
0 106.63749622646 -0.267860717239438 -0.049149693840276
0 78.6828324075202 -0.267860717239438 -0.679854151765798
0 78.6828324075202 -0.267860717239438 -0.679854151765798
5035 134.13538031299 -0.0659167137127595 0.571249041384118
0 134.790402868992 -0.267860717239438 0.586027457207264
0 0 -0.267860717239438 -2.45507182145593
2475.66258916785 160.946182103071 -0.168566732207109 1.17614603886134
44309.5307257931 126.723005773896 1.5093079082134 0.404013345190454
0 107.09959978405 -0.267860717239438 -0.0387238566460693
2520 135.47099702413 -0.166788445365112 0.601382811521804
0 111.590078192362 -0.267860717239438 0.0625889249593279
2520 140.737197705115 -0.166788445365112 0.720197198535715
0 0 -0.267860717239438 -2.45507182145593
0 0 -0.267860717239438 -2.45507182145593
0 107.698321959707 -0.267860717239438 -0.0252156725487189
0 83.5801814539168 -0.267860717239438 -0.569361680971464
0 135.790402868992 -0.267860717239438 0.608589147163922
0 130.832205709816 -0.267860717239438 0.496723840114606
0 88.6856408548987 -0.267860717239438 -0.454173888880207
0 104.567853752304 -0.267860717239438 -0.0958443256633192
0 100.97435532304 -0.267860717239438 -0.176919723084106
0 1.5 -0.267860717239438 -2.42122928652094
0 0 -0.267860717239438 -2.45507182145593
0 0 -0.267860717239438 -2.45507182145593
32467.196155677 175.021830680313 1.03433502753979 1.49371645799995
58509.5964199104 136.717026083799 2.07884477347892 0.629495332843022
0 117.793527296166 -0.267860717239438 0.202549220301267
6293 91.1856408548988 -0.0154607938643858 -0.39776966398856
0 109.174648319106 -0.267860717239438 0.00809274504689605
0 124.015064609452 -0.267860717239438 0.342917616217414
0 124.015064609452 -0.267860717239438 0.342917616217414
0 6.58333333333333 -0.267860717239438 -2.30654069590793
0 135.290402868992 -0.267860717239438 0.597308302185593
0 109.152577671315 -0.267860717239438 0.00759479393429106
0 123.131731276119 -0.267860717239438 0.322988123422367
0 116.043527296166 -0.267860717239438 0.163066262877117
0 6 -0.267860717239438 -2.31970168171598
0 6.58333333333333 -0.267860717239438 -2.30654069590793
0 126.390697412995 -0.267860717239438 0.3965159069818
0 113.067062319346 -0.267860717239438 0.0959121829032494
0 98.3735930005672 -0.267860717239438 -0.235597316254697
15 11.75 -0.267259096573519 -2.1899719644652
336 18.5 -0.254384414322861 -2.03768055725776
0 143.112635498128 -0.267860717239438 0.773791089533004
0 102.4105138195 -0.267860717239438 -0.144517560358366
0 111.23921017366 -0.267860717239438 0.0546727495056723
0 135.790402868992 -0.267860717239438 0.608589147163922
0 106.166266450717 -0.267860717239438 -0.0597814339389487
65336 101.383527847544 2.35263847132443 -0.167688099447465
0 2.66666666666667 -0.267860717239438 -2.39490731490484
0 123.764935652171 -0.267860717239438 0.337274284234059
52226.9428822098 115.081697184413 1.8268598264731 0.141365750104771
0 97.9280682638662 -0.267860717239438 -0.245649107232166
0 10.0833333333333 -0.267860717239438 -2.22757478105963
0 4.5 -0.267860717239438 -2.35354421665097
14430.5 140.89400657235 0.310918417396457 0.723735071580728
0 109.152577671315 -0.267860717239438 0.00759479393429106
0 87.293272300904 -0.267860717239438 -0.485588076500836
1261 124.431602318838 -0.217284473257881 0.35231541087183
0 6.36666666666667 -0.267860717239438 -2.31142906206521
0 95.2718849140803 -0.267860717239438 -0.305577092438073
0 101.029422094288 -0.267860717239438 -0.175677323664302
0 104.248720057706 -0.267860717239438 -0.103044521135564
2520 124.681602318838 -0.166788445365112 0.357955833360994
0 115.084415159144 -0.267860717239438 0.141427072207957
0 143.212238672731 -0.267860717239438 0.776038305477099
0 107.585710895161 -0.267860717239438 -0.0277563684726949
5032 135.644006572351 -0.0660370378459432 0.605286199308296
0 6.58333333333333 -0.267860717239438 -2.30654069590793
0 122.514867687165 -0.267860717239438 0.309070638382829
48938.8482834892 103.172827390776 1.69498078233405 -0.127318477913483
0 108.902577671315 -0.267860717239438 0.00195437144512726
0 100.107830168628 -0.267860717239438 -0.196469994957596
0 97.9280682638662 -0.267860717239438 -0.245649107232166
0 147.583270418763 -0.267860717239438 0.874656168521773
0 0 -0.267860717239438 -2.45507182145593
0 96.9471158829139 -0.267860717239438 -0.267781050713458
0 106.63749622646 -0.267860717239438 -0.049149693840276
0 97.4211123884573 -0.267860717239438 -0.257086888514848
0 8.83333333333333 -0.267860717239438 -2.25577689350545
0 99.235211121009 -0.267860717239438 -0.216157755360251
52562.744730554 106.010489243972 1.84032818191427 -0.0632960309798359
0 147.583270418763 -0.267860717239438 0.874656168521773
0 138.280301858892 -0.267860717239438 0.664765476197426
0 9.08333333333333 -0.267860717239438 -2.25013647101629
0 96.0667833841284 -0.267860717239438 -0.287642839609826
0 116.948937288352 -0.267860717239438 0.18349384240447
24969 95.0492246818565 0.733597043248672 -0.310600683563184
0 100.562755427621 -0.267860717239438 -0.186206112310742
0 96.5393302816752 -0.267860717239438 -0.276981383017393
0 116.666703119722 -0.267860717239438 0.177126162596671
0 116.666703119722 -0.267860717239438 0.177126162596671
0 92.4912318158131 -0.267860717239438 -0.368313325518197
0 92.4912318158131 -0.267860717239438 -0.368313325518197
0 97.8544457217906 -0.267860717239438 -0.247310156200297
0 9.33333333333333 -0.267860717239438 -2.24449604852713
2520 140.270531038448 -0.166788445365112 0.709668409889275
0 97.0206477459379 -0.267860717239438 -0.266122047617974
0 69.3402303628095 -0.267860717239438 -0.890639042486997
5087.08599804335 151.081265234406 -0.0638276461909011 0.953576843022303
0 99.5960887609545 -0.267860717239438 -0.208015745935511
0 105.805536465599 -0.267860717239438 -0.0679201120212447
0 134.227339905685 -0.267860717239438 0.573323805203039
0 4.5 -0.267860717239438 -2.35354421665097
0 136.095175180668 -0.267860717239438 0.615465325567317
0 0 -0.267860717239438 -2.45507182145593
0 78.1435117540107 -0.267860717239438 -0.6920221371375
0 129.243616715914 -0.267860717239438 0.460882587765628
0 4.5 -0.267860717239438 -2.35354421665097
0 157.476237994892 -0.267860717239438 1.09785823572567
0 122.514867687165 -0.267860717239438 0.309070638382829
0 108.703568855466 -0.267860717239438 -0.00253560375671675
18809.3689275158 161.348166230056 0.48654628673928 1.18521548010186
0 100.799311208864 -0.267860717239438 -0.180869014116892
2520.5 123.814867687165 -0.166768391342915 0.338400835326484
0 103.155294623491 -0.267860717239438 -0.127714046773045
0 91.9537234422349 -0.267860717239438 -0.380440422791974
8795 113.822543506993 0.0848895332108375 0.112957115227039
45788.3530824792 157.098775446071 1.56862058094705 1.08934204272893
12543 143.714153858696 0.2352144836017 0.787362360287384
0 85.5106571659311 -0.267860717239438 -0.525806886488138
0 137.780301858892 -0.267860717239438 0.653484631219095
0 0 -0.267860717239438 -2.45507182145593
0 123.764935652171 -0.267860717239438 0.337274284234059
33133.8163391006 130.807436572004 1.06107185945086 0.496165006506806
0 115.334415159144 -0.267860717239438 0.147067494697121
0 99.485211121009 -0.267860717239438 -0.210517332871087
0 97.683116810091 -0.267860717239438 -0.251175625986674
0 122.711890006278 -0.267860717239438 0.3135157948612
0 4.5 -0.267860717239438 -2.35354421665097
0 98.6667473090921 -0.267860717239438 -0.228983259636299
0 98.6667473090921 -0.267860717239438 -0.228983259636299
0 104.248720057706 -0.267860717239438 -0.103044521135564
0 124.460935508233 -0.267860717239438 0.352977217196392
0 124.460935508233 -0.267860717239438 0.352977217196392
0 2 -0.267860717239438 -2.40994844154262
0 105.021028355479 -0.267860717239438 -0.0856199407702624
0 101.279422094288 -0.267860717239438 -0.170036901175137
0 124.222021658701 -0.267860717239438 0.347586916996897
0 2.5 -0.267860717239438 -2.39866759656429
0 2.66666666666667 -0.267860717239438 -2.39490731490484
9651.57207359373 135.870026417323 0.119244963965687 0.6103855889746
1261 112.724124722887 -0.217284473257881 0.0881749311774621
4938.02072819166 90.7432723009042 -0.0698063626518017 -0.407750246150362
36349.6264680058 146.847911990829 1.19005171486551 0.858065239663727
0 119.362592601756 -0.267860717239438 0.237949985247749
0 0 -0.267860717239438 -2.45507182145593
0 0 -0.267860717239438 -2.45507182145593
53848.5687796097 108.300576547636 1.8919000699574 -0.0116277912608831
0 95.405996948342 -0.267860717239438 -0.302551298301603
1261 124.681731276119 -0.217284473257881 0.357958742855185
0 147.583270418763 -0.267860717239438 0.874656168521773
0 2 -0.267860717239438 -2.40994844154262
0 4.5 -0.267860717239438 -2.35354421665097
524.262578091354 133.040402868992 -0.246833570482936 0.546544499783116
0 92.703723442235 -0.267860717239438 -0.36351915532448
0 107.263200097752 -0.267860717239438 -0.0350327570915038
0 107.585710895161 -0.267860717239438 -0.0277563684726949
0 96.7649796323246 -0.267860717239438 -0.271890352329122
0 105.303287395888 -0.267860717239438 -0.0792516998130773
0 141.745968831461 -0.267860717239438 0.742956779925573
0 0 -0.267860717239438 -2.45507182145593
0 10.0833333333333 -0.267860717239438 -2.22757478105963
0 75.136403836091 -0.267860717239438 -0.759867573647815
0 104.498720057706 -0.267860717239438 -0.0974040986463999
0 90.735908799925 -0.267860717239438 -0.40791637917645
5353.101222238 149.01621007991 -0.0531582957692695 0.906985708883168
0 120.652169261767 -0.267860717239438 0.26704501402624
0 4.45 -0.267860717239438 -2.3546723011488
1261 117.593781815879 -0.217284473257881 0.198042624704791
0 109.549648319106 -0.267860717239438 0.0165533787806421
47373.12007423 100.558878645883 1.63218248580725 -0.18629357905835
0 135.290402868992 -0.267860717239438 0.597308302185593
0 6.58333333333333 -0.267860717239438 -2.30654069590793
0 155.928019039784 -0.267860717239438 1.0629277996755
0 121.102595692921 -0.267860717239438 0.277207395514219
0 143.066368517102 -0.267860717239438 0.772747228251877
0 101.029422094288 -0.267860717239438 -0.175677323664302
0 0 -0.267860717239438 -2.45507182145593
0 4.5 -0.267860717239438 -2.35354421665097
11307 160.678019039785 0.185640940730007 1.17009582696964
0 158.779515436404 -0.267860717239438 1.12726237728858
0 106.88749622646 -0.267860717239438 -0.0435092713511119
0 108.055876840327 -0.267860717239438 -0.0171486301896826
0 105.955552165002 -0.267860717239438 -0.0645355043226728
0 116.543527296166 -0.267860717239438 0.174347107855446
9 97.4559969483418 -0.267499744839887 -0.256299833890459
624.5 136.060673239017 -0.242813243515027 0.614686903456902
0 117.793527296166 -0.267860717239438 0.202549220301267
0 139.163635192225 -0.267860717239438 0.684694968992477
0 139.163635192225 -0.267860717239438 0.684694968992477
0 117.155126293555 -0.267860717239438 0.188145814812334
0 117.793527296166 -0.267860717239438 0.202549220301267
0 4.5 -0.267860717239438 -2.35354421665097
28484 149.599701850437 0.874576819295598 0.920150269302066
0 101.965642488747 -0.267860717239438 -0.154554609393418
0 72.1480983843459 -0.267860717239438 -0.82728879474588
6285 80.327241912741 -0.0157816582195424 -0.642753494347225
0 99.9692607785944 -0.267860717239438 -0.199596354573017
0 107.783530052268 -0.267860717239438 -0.023293233982559
3777 135.810673239017 -0.116372633561133 0.609046480967738
0 107.783530052268 -0.267860717239438 -0.023293233982559
5032 117.954496101593 -0.0660370378459432 0.206180948582014
0 138.030301858892 -0.267860717239438 0.659125053708261
0 111.407935335219 -0.267860717239438 0.0584794742886511
0 109.458530052268 -0.267860717239438 0.0144975966948395
36.6166666666667 137.527339905684 -0.26639209434719 0.647777382059992
15928.6882249851 160.948862785822 0.371007817235586 1.17620651959444
2834.31177501509 158.776237994892 -0.15418201473907 1.12718843266932
0 147.583270418763 -0.267860717239438 0.874656168521773
0 100.719260778594 -0.267860717239438 -0.182675087105525
0 103.155294623491 -0.267860717239438 -0.127714046773045
0 137.530301858891 -0.267860717239438 0.64784420872993
0 97.0459320132769 -0.267860717239438 -0.26555159181749
0 107.585710895161 -0.267860717239438 -0.0277563684726949
0 96.9280682638663 -0.267860717239438 -0.268210797188822
2520 79.5994990741869 -0.166788445365112 -0.659172602638861
0 103.155294623491 -0.267860717239438 -0.127714046773045
319.803589021816 135.687663690797 -0.255034020693407 0.60627117767908
0 84.3837528824882 -0.267860717239438 -0.551231751542007
0 9.33333333333333 -0.267860717239438 -2.24449604852713
0 115.334415159144 -0.267860717239438 0.147067494697121
0 135.288312345547 -0.267860717239438 0.597261136443778
0 138.030301858892 -0.267860717239438 0.659125053708261
0 2.5 -0.267860717239438 -2.39866759656429
0 108.055876840327 -0.267860717239438 -0.0171486301896826
0 101.965642488747 -0.267860717239438 -0.154554609393418
0 0 -0.267860717239438 -2.45507182145593
0 101.279422094288 -0.267860717239438 -0.170036901175137
0 6.58333333333333 -0.267860717239438 -2.30654069590793
6 84.9968481205835 -0.26762006897307 -0.537399286866199
0 0 -0.267860717239438 -2.45507182145593
0 103.155294623491 -0.267860717239438 -0.127714046773045
0 83.0801814539168 -0.267860717239438 -0.580642525949793
0 78.6605752460742 -0.267860717239438 -0.680356310941656
0 100.312755427621 -0.267860717239438 -0.191846534799906
2520 124.681602318838 -0.166788445365112 0.357955833360994
0 123.764935652171 -0.267860717239438 0.337274284234059
121910.576558628 154.634440739858 4.62173409954207 1.0337424871379
0 0 -0.267860717239438 -2.45507182145593
3777 118.093781815879 -0.116372633561133 0.20932346968312
1960 120.677115149212 -0.189248950226074 0.267607835404487
63242.8957622637 154.383035183771 2.26868815363483 1.02807035292809
0 83.8301814539168 -0.267860717239438 -0.5637212584823
199.469991563059 158.142904661559 -0.259860365962441 1.11289936236344
0 107.585710895161 -0.267860717239438 -0.0277563684726949
0 107.585710895161 -0.267860717239438 -0.0277563684726949
0 139.137197705115 -0.267860717239438 0.684098494605063
0 129.456113875094 -0.267860717239438 0.465676882787722
15047 128.014935652171 0.335645026765712 0.433161466549848
6291.5 118.580157557441 -0.0155209559309777 0.220296928366681
5037 85.2266100253454 -0.0658364976239703 -0.53221547000711
0 158.779515436404 -0.267860717239438 1.12726237728858
0 106.594859449117 -0.267860717239438 -0.0501116515914377
0 84.3837528824882 -0.267860717239438 -0.551231751542007
0 114.777272302001 -0.267860717239438 0.134497410292699
0 0 -0.267860717239438 -2.45507182145593
0 95.5714716146772 -0.267860717239438 -0.298817910184066
53 7.83333333333333 -0.265734990886526 -2.27833858346211
12 4.5 -0.267379420706703 -2.35354421665097
0 108.151385115349 -0.267860717239438 -0.0149938021003375
2520 137.228508514001 -0.166788445365112 0.641035240851525
0 134.290402868992 -0.267860717239438 0.574746612228936
104094.286210231 186.14727738292 3.90715753530194 1.74472533713348
1261 139.047952958446 -0.217284473257881 0.682084982300449
0 9.33333333333333 -0.267860717239438 -2.24449604852713
0 114.633455822419 -0.267860717239438 0.131252667469718
0 139.163635192225 -0.267860717239438 0.684694968992477
1396.28994094142 159.642904661559 -0.211858258300463 1.14674189729843
69944 110.616072150058 2.53745633989462 0.0406137026169541
8795 137.110673239017 0.0848895332108375 0.638376677911387
0 10.0833333333333 -0.267860717239438 -2.22757478105963
0 0 -0.267860717239438 -2.45507182145593
48.3712872034865 148.633270418763 -0.265920639504858 0.898345942976263
0 117.793527296166 -0.267860717239438 0.202549220301267
0 96.5393302816752 -0.267860717239438 -0.276981383017393
0 108.09959978405 -0.267860717239438 -0.0161621666894135
0 98.3735930005672 -0.267860717239438 -0.235597316254697
6291 120.72796291256 -0.015541009953175 0.268755046876129
1261 83.293276692012 -0.217284473257881 -0.575834737256648
0 2.5 -0.267860717239438 -2.39866759656429
0 105.045314596824 -0.267860717239438 -0.0850720021228057
0 116.543527296166 -0.267860717239438 0.174347107855446
0 123.394625338841 -0.267860717239438 0.328919457756935
0 92.4912318158131 -0.267860717239438 -0.368313325518197
0 107.09959978405 -0.267860717239438 -0.0387238566460693
0 143.370971984671 -0.267860717239438 0.77961959724687
0 102.1605138195 -0.267860717239438 -0.15015798284753
0 97.0940977894838 -0.267860717239438 -0.264464890508188
116 11.3333333333333 -0.263208184089667 -2.19937266861381
0 5.61666666666667 -0.267860717239438 -2.3283503295327
0 5.61666666666667 -0.267860717239438 -2.3283503295327
21968.1501935122 130.949925972719 0.61323882598861 0.499379808187846
0 2.66666666666667 -0.267860717239438 -2.39490731490484
0 107.585710895161 -0.267860717239438 -0.0277563684726949
0 107.991863385601 -0.267860717239438 -0.0185928819082557
0 124.168612416135 -0.267860717239438 0.34638191422531
0 100.719260778594 -0.267860717239438 -0.182675087105525
0 112.261985981444 -0.267860717239438 0.0777483001760657
0 135.290402868992 -0.267860717239438 0.597308302185593
6291 136.929331001627 -0.015541009953175 0.634285290575342
0 107.943051782016 -0.267860717239438 -0.0196941541746411
0 99.235211121009 -0.267860717239438 -0.216157755360251
0 139.387197705115 -0.267860717239438 0.689738917094227
41774.5070175438 175.269101138613 1.40763306478164 1.49929529741554
34689 138.015539043148 1.12344723476393 0.658791979636558
2 107.929866764419 -0.267780501150649 -0.0199916304537328
0 95.2718849140803 -0.267860717239438 -0.305577092438073
45551.2564700112 161.419453993719 1.55911109948838 1.18682385252334
0 139.163635192225 -0.267860717239438 0.684694968992477
0 0 -0.267860717239438 -2.45507182145593
0 78.0828324075202 -0.267860717239438 -0.693391165739793
0 77.4494990741868 -0.267860717239438 -0.707680236045677
37293.1 99.4189741882324 1.22789259317184 -0.212011750012071
2111.83333333332 81.1828324075202 -0.183159212152165 -0.623449926874153
6291 90.7689741882321 -0.015541009953175 -0.407170368137167
0 77.6994990741868 -0.267860717239438 -0.702039813556512
0 111.23921017366 -0.267860717239438 0.0546727495056723
0 158.779515436404 -0.267860717239438 1.12726237728858
6906.5 119.166789155753 0.00914549137168513 0.233532328606566
16249 142.72529294321 0.38385489612799 0.765051986901926
3.08333333333333 135.810673239018 -0.267737050769221 0.609046480967738
2646.83948820157 166.368898275788 -0.161701161541339 1.29849167987312
18352.2040256023 129.200095338098 0.468210296557695 0.459900671932858
0.5 77.8661657408535 -0.267840663217241 -0.698279531897069
0 114.777272302001 -0.267860717239438 0.134497410292699
0 108.682339576077 -0.267860717239438 -0.00301457217627902
14.6666666666667 137.207069535659 -0.267272465921651 0.640551541269188
0 68.7152303628094 -0.267860717239438 -0.90474009870991
1261 136.895175180668 -0.217284473257881 0.63351467753264
0 108.651385115349 -0.267860717239438 -0.0037129571220099
0 108.651385115349 -0.267860717239438 -0.0037129571220099
0 108.651385115349 -0.267860717239438 -0.0037129571220099
93983.1236263192 167.81005187623 3.50161857750568 1.33100654058621
121925.731083686 207.269829418088 4.62234191790588 2.22128580724432
0 108.193051782016 -0.267860717239438 -0.014053731685477
0 99.485211121009 -0.267860717239438 -0.210517332871087
0 111.590078192362 -0.267860717239438 0.0625889249593279
0 0 -0.267860717239438 -2.45507182145593
0 96.545932013277 -0.267860717239438 -0.276832436795818
0 101.368526588651 -0.267860717239438 -0.168026553199565
0 69.3402303628095 -0.267860717239438 -0.890639042486997
0 116.543527296166 -0.267860717239438 0.174347107855446
0 134.790402868992 -0.267860717239438 0.586027457207264
0 91.241231815813 -0.267860717239438 -0.396515437964021
2520 124.681602318838 -0.166788445365112 0.357955833360994
0 107.585710895161 -0.267860717239438 -0.0277563684726949
4.5 78.9994990741869 -0.267680231039662 -0.672709616612856
0 108.09959978405 -0.267860717239438 -0.0161621666894135
145350.827179996 186.239596484528 5.56187671208385 1.74680821208104
0 100.719260778594 -0.267860717239438 -0.182675087105525
2520 140.737197705115 -0.166788445365112 0.720197198535715
0 101.47435532304 -0.267860717239438 -0.165638878105777
0 4.5 -0.267860717239438 -2.35354421665097
0 124.222021658701 -0.267860717239438 0.347586916996897
0 124.222021658701 -0.267860717239438 0.347586916996897
0 124.222021658701 -0.267860717239438 0.347586916996897
0 143.429302164795 -0.267860717239438 0.780935624685946
0 0 -0.267860717239438 -2.45507182145593
0 96.9471158829139 -0.267860717239438 -0.267781050713458
71735.62913013 176.298229518161 2.60931508058449 1.52251417284052
0 89.5745651491463 -0.267860717239438 -0.434118254558452
0 104.498720057706 -0.267860717239438 -0.0974040986463999
3779 125.332993773512 -0.116292417472344 0.372652325401763
0 116.384415159144 -0.267860717239438 0.17075726915161
3777 117.55108182581 -0.116372633561133 0.19707924076771
0 116.384415159144 -0.267860717239438 0.17075726915161
0 83.8301814539168 -0.267860717239438 -0.5637212584823
0 100.719260778594 -0.267860717239438 -0.182675087105525
0 100.97435532304 -0.267860717239438 -0.176919723084106
0 116.537829434927 -0.267860717239438 0.17421855447675
0 96.7881382813438 -0.267860717239438 -0.271367854070136
0 105.045314596824 -0.267860717239438 -0.0850720021228057
0 9.83333333333333 -0.267860717239438 -2.2332152035488
0 9.83333333333333 -0.267860717239438 -2.2332152035488
0 9.83333333333333 -0.267860717239438 -2.2332152035488
0 96.5393302816752 -0.267860717239438 -0.276981383017393
6291 119.546824224108 -0.015541009953175 0.242106561991447
0 99.985211121009 -0.267860717239438 -0.199236487892758
0 119.362592601756 -0.267860717239438 0.237949985247749
0 0 -0.267860717239438 -2.45507182145593
0 0 -0.267860717239438 -2.45507182145593
0 108.703568855466 -0.267860717239438 -0.00253560375671675
5032 79.2439085794076 -0.0660370378459432 -0.667195325133605
0 138.280301858892 -0.267860717239438 0.664765476197426
5036 90.5189741882321 -0.0658766056683649 -0.412810790626332
0 111.23921017366 -0.267860717239438 0.0546727495056723
17555 130.582993773512 0.436236002107303 0.491101197674215
0 157.476237994892 -0.267860717239438 1.09785823572567
422.066666666676 79.1328324075202 -0.250932448635301 -0.669701391285302
0 111.23921017366 -0.267860717239438 0.0546727495056723
0 99.235211121009 -0.267860717239438 -0.216157755360251
0 107.585710895161 -0.267860717239438 -0.0277563684726949
0 96.9114015971996 -0.267860717239438 -0.268586825354766
5661.10499647738 116.81577293965 -0.0408048667183802 0.180489429655789
0 101.368526588651 -0.267860717239438 -0.168026553199565
0 101.965642488747 -0.267860717239438 -0.154554609393418
0 111.23921017366 -0.267860717239438 0.0546727495056723
0 104.988869798932 -0.267860717239438 -0.0863454921525151
0 99.985211121009 -0.267860717239438 -0.199236487892758
0 111.23921017366 -0.267860717239438 0.0546727495056723
0 102.1605138195 -0.267860717239438 -0.15015798284753
0 104.567853752304 -0.267860717239438 -0.0958443256633192
2520 162.219691926582 -0.166788445365112 1.20487857265614
0 102.4105138195 -0.267860717239438 -0.144517560358366
0 102.4105138195 -0.267860717239438 -0.144517560358366
0 109.458530052268 -0.267860717239438 0.0144975966948395
0 9.33333333333333 -0.267860717239438 -2.24449604852713
0 0 -0.267860717239438 -2.45507182145593
0 137.780301858892 -0.267860717239438 0.653484631219095
0 119.362592601756 -0.267860717239438 0.237949985247749
24051.7096496638 173.098563055453 0.696806321154673 1.45032429014417
0 157.476237994892 -0.267860717239438 1.09785823572567
0 139.030301858892 -0.267860717239438 0.681686743664922
0 0 -0.267860717239438 -2.45507182145593
0 105.668123881212 -0.267860717239438 -0.0710203721463274
0 105.668123881212 -0.267860717239438 -0.0710203721463274
7561.42598039216 133.77278054176 0.0354132916684134 0.563068177767271
0 97.0459320132769 -0.267860717239438 -0.26555159181749
0 105.814881673867 -0.267860717239438 -0.0677092683297069
0 104.248720057706 -0.267860717239438 -0.103044521135564
0 6.36666666666667 -0.267860717239438 -2.31142906206521
0 118.327115149212 -0.267860717239438 0.21458786400634
0 107.932339576077 -0.267860717239438 -0.0199358396437707
0 100.779422094288 -0.267860717239438 -0.181317746153466
0 74.8030705027576 -0.267860717239438 -0.767388136966703
1256 132.552046979657 -0.217485013479853 0.535526365619419
7 4 -0.267579960928676 -2.3648250616293
0.5 7.25 -0.267840663217241 -2.29149956927016
85035.2474443883 158.221324672059 3.14273676236365 1.11466865032674
5037 132.018713646324 -0.0658364976239703 0.523493464309206
0 101.368526588651 -0.267860717239438 -0.168026553199565
0 124.460935508233 -0.267860717239438 0.352977217196392
0 4.2 -0.267860717239438 -2.36031272363797
0 100.779422094288 -0.267860717239438 -0.181317746153466
0 117.793527296166 -0.267860717239438 0.202549220301267
0 139.137197705115 -0.267860717239438 0.684098494605063
0 78.1435117540107 -0.267860717239438 -0.6920221371375
0 97.0206477459379 -0.267860717239438 -0.266122047617974
2520 119.261296245894 -0.166788445365112 0.235664568273031
0 108.682339576077 -0.267860717239438 -0.00301457217627902
0 135.290402868992 -0.267860717239438 0.597308302185593
161.5 15 -0.261383268069714 -2.11664647210607
0 108.682339576077 -0.267860717239438 -0.00301457217627902
0 138.030301858892 -0.267860717239438 0.659125053708261
0 4.7 -0.267860717239438 -2.34903187865964
0 116.384415159144 -0.267860717239438 0.17075726915161
14704.1414673044 176.396482090994 0.321893641515299 1.5247309169262
1 2 -0.267820609195043 -2.40994844154262
35650.4139005973 176.171830680313 1.16200766617064 1.5196624014501
0 137.916606905306 -0.267860717239438 0.656559903415824
0 114.780157557441 -0.267860717239438 0.134562506531382
46793 161.928019039785 1.60891500411585 1.19829793941547
0 9.08333333333333 -0.267860717239438 -2.25013647101629
0 98.6667473090921 -0.267860717239438 -0.228983259636299
0 134.790402868992 -0.267860717239438 0.586027457207264
0 6.58333333333333 -0.267860717239438 -2.30654069590793
0 9.08333333333333 -0.267860717239438 -2.25013647101629
0 124.222021658701 -0.267860717239438 0.347586916996897
3779 117.766789155753 -0.116292417472344 0.201945962667247
0 117.793527296166 -0.267860717239438 0.202549220301267
0 117.793527296166 -0.267860717239438 0.202549220301267
0 9.33333333333333 -0.267860717239438 -2.24449604852713
0 122.711890006278 -0.267860717239438 0.3135157948612
0 91.241231815813 -0.267860717239438 -0.396515437964021
23752 113.844859449117 0.684785553220476 0.113460600594321
0 130.818713646324 -0.267860717239438 0.496419436361221
0 104.988869798932 -0.267860717239438 -0.0863454921525151
0 116.948937288352 -0.267860717239438 0.18349384240447
0 102.4105138195 -0.267860717239438 -0.144517560358366
0 74.936403836091 -0.267860717239438 -0.764379911639148
0 5.61666666666667 -0.267860717239438 -2.3283503295327
0 0 -0.267860717239438 -2.45507182145593
0 97.9292587400567 -0.267860717239438 -0.245622248077456
0 99.985211121009 -0.267860717239438 -0.199236487892758
0 4.7 -0.267860717239438 -2.34903187865964
0 114.777272302001 -0.267860717239438 0.134497410292699
0 75.136403836091 -0.267860717239438 -0.759867573647815
1261 139.937197705115 -0.217284473257881 0.702147846570389
0 111.23921017366 -0.267860717239438 0.0546727495056723
7374.28392487274 161.657587201241 0.0279073897975489 1.19219654011984
0 137.916606905306 -0.267860717239438 0.656559903415824
0 114.633455822419 -0.267860717239438 0.131252667469718
0 147.583270418763 -0.267860717239438 0.874656168521773
87493.4640799834 159.835887693318 3.24133102431557 1.15109592062789
2 117.460193962833 -0.267780501150649 0.195028656982381
0 0 -0.267860717239438 -2.45507182145593
0 109.458530052268 -0.267860717239438 0.0144975966948395
0 97.6792587400567 -0.267860717239438 -0.25126267056662
0 83.8301814539168 -0.267860717239438 -0.5637212584823
9453.63153594771 174.779815424327 0.111305956094295 1.48825618482961
0 100.943847152833 -0.267860717239438 -0.177608038961464
0 105.668123881212 -0.267860717239438 -0.0710203721463274
0 101.47435532304 -0.267860717239438 -0.165638878105777
0 135.290402868992 -0.267860717239438 0.597308302185593
10920.6639750245 126.815986653525 0.170145758289064 0.406111150968549
0 156.232196119156 -0.267860717239438 1.06979054863221
0 97.4211123884573 -0.267860717239438 -0.257086888514848
0 92.4912318158131 -0.267860717239438 -0.368313325518197
0 104.317853752304 -0.267860717239438 -0.101484748152483
0 116.793527296166 -0.267860717239438 0.17998753034461
0 95.4378151301602 -0.267860717239438 -0.301833426348437
7544 137.51266433496 0.0347143696732258 0.647446276383389
0 77.4439085794075 -0.267860717239438 -0.707806367055591
0 134.790402868992 -0.267860717239438 0.586027457207264
0 138.030301858892 -0.267860717239438 0.659125053708261
0 109.402577671315 -0.267860717239438 0.0132352164234552
0 135.790402868992 -0.267860717239438 0.608589147163922
0 135.790402868992 -0.267860717239438 0.608589147163922
0 0 -0.267860717239438 -2.45507182145593
0 99.9692607785944 -0.267860717239438 -0.199596354573017
22534.5765586276 153.279567834985 0.635957079786918 1.00317426472749
0 106.88749622646 -0.267860717239438 -0.0435092713511119
0 97.0459320132769 -0.267860717239438 -0.26555159181749
0 0 -0.267860717239438 -2.45507182145593
0 127.890697412995 -0.267860717239438 0.430358441916788
0 139.137197705115 -0.267860717239438 0.684098494605063
0 0 -0.267860717239438 -2.45507182145593
0 122.514867687165 -0.267860717239438 0.309070638382829
0 9.08333333333333 -0.267860717239438 -2.25013647101629
0 101.368526588651 -0.267860717239438 -0.168026553199565
6293 117.349602001886 -0.0154607938643858 0.192533515447794
0 101.47435532304 -0.267860717239438 -0.165638878105777
0 112.05745805622 -0.267860717239438 0.0731338045396898
0 139.030301858892 -0.267860717239438 0.681686743664922
0 104.498720057706 -0.267860717239438 -0.0974040986463999
0 99.5960887609545 -0.267860717239438 -0.208015745935511
0 147.583270418763 -0.267860717239438 0.874656168521773
0 97.9280682638662 -0.267860717239438 -0.245649107232166
0 137.780301858892 -0.267860717239438 0.653484631219095
0 129.535380312991 -0.267860717239438 0.467465267583511
0 88.6856408548987 -0.267860717239438 -0.454173888880207
0 122.711890006278 -0.267860717239438 0.3135157948612
0 115.334415159144 -0.267860717239438 0.147067494697121
2984.59041581165 160.787945894835 -0.148154632342445 1.1725759625912
0 124.460935508233 -0.267860717239438 0.352977217196392
0 99.485211121009 -0.267860717239438 -0.210517332871087
0 10.0833333333333 -0.267860717239438 -2.22757478105963
0 114.777272302001 -0.267860717239438 0.134497410292699
0 108.703568855466 -0.267860717239438 -0.00253560375671675
0 69.3402303628095 -0.267860717239438 -0.890639042486997
0 139.030301858892 -0.267860717239438 0.681686743664922
0 100.312755427621 -0.267860717239438 -0.191846534799906
0 112.919837058516 -0.267860717239438 0.0925905322146226
0 114.777272302001 -0.267860717239438 0.134497410292699
0 110.580745000203 -0.267860717239438 0.039816662414883
0 107.263200097752 -0.267860717239438 -0.0350327570915038
0 107.991863385601 -0.267860717239438 -0.0185928819082557
0 6.58333333333333 -0.267860717239438 -2.30654069590793
0 134.790402868992 -0.267860717239438 0.586027457207264
0 135.290402868992 -0.267860717239438 0.597308302185593
0 135.790402868992 -0.267860717239438 0.608589147163922
0 108.09959978405 -0.267860717239438 -0.0161621666894135
0 135.288312345547 -0.267860717239438 0.597261136443778
1005.47564768281 108.380009640156 -0.227533055324513 -0.00983564645514759
2520 101.352594111928 -0.166788445365112 -0.168386016799641
0 96.545932013277 -0.267860717239438 -0.276832436795818
7541 132.218713646324 0.0345940455400421 0.528005802300536
10685.8246376962 160.802134484024 0.160726811721912 1.1728960811414
0 100.562755427621 -0.267860717239438 -0.186206112310742
0 108.09959978405 -0.267860717239438 -0.0161621666894135
0 116.948937288352 -0.267860717239438 0.18349384240447
0 134.644006572351 -0.267860717239438 0.582724509351644
11305 119.263490890774 0.185560724641217 0.235714083170396
0 0 -0.267860717239438 -2.45507182145593
0 96.7881382813438 -0.267860717239438 -0.271367854070136
0 103.155294623491 -0.267860717239438 -0.127714046773045
0 5.61666666666667 -0.267860717239438 -2.3283503295327
0 96.7881382813438 -0.267860717239438 -0.271367854070136
0 127.890697412995 -0.267860717239438 0.430358441916788
0 99.985211121009 -0.267860717239438 -0.199236487892758
2520 144.345968831461 -0.166788445365112 0.801617173812882
0 141.365769133686 -0.267860717239438 0.734378832222754
0 108.09959978405 -0.267860717239438 -0.0161621666894135
32873.1653508055 119.422172705848 1.05061765804083 0.239294213083848
0 92.703723442235 -0.267860717239438 -0.36351915532448
0 108.055876840327 -0.267860717239438 -0.0171486301896826
0 96.7881382813438 -0.267860717239438 -0.271367854070136
0 123.883299255597 -0.267860717239438 0.339944767156688
0 134.790402868992 -0.267860717239438 0.586027457207264
0 115.084415159144 -0.267860717239438 0.141427072207957
29926 148.84748719203 0.932412619312574 0.903179035398245
0 137.780301858892 -0.267860717239438 0.653484631219095
0 157.476237994892 -0.267860717239438 1.09785823572567
1261 120.029259268423 -0.217284473257881 0.252991111885521
2.5 140.720531038448 -0.267760447128451 0.719821170369771
10782.6430479031 150.657494384701 0.164610008816699 0.944015856498599
0 157.476237994892 -0.267860717239438 1.09785823572567
4458.49272353695 145.162241825941 -0.0890392931509343 0.820033672034315
0 91.491231815813 -0.267860717239438 -0.390875015474856
0 135.790402868992 -0.267860717239438 0.608589147163922
0 135.790402868992 -0.267860717239438 0.608589147163922
0 107.991863385601 -0.267860717239438 -0.0185928819082557
0 0 -0.267860717239438 -2.45507182145593
0 67.4631720844362 -0.267860717239438 -0.932988649394233
0 107.585710895161 -0.267860717239438 -0.0277563684726949
0 107.585710895161 -0.267860717239438 -0.0277563684726949
0 113.527272302001 -0.267860717239438 0.106295297846879
0 140.76697952012 -0.267860717239438 0.720869126612203
4688.88926625977 115.825081219539 -0.079798538387051 0.158137750224007
0 124.222021658701 -0.267860717239438 0.347586916996897
0 108.703568855466 -0.267860717239438 -0.00253560375671675
0 133.844006572351 -0.267860717239438 0.564675157386323
64.3333333333333 102.100080642426 -0.265280433050054 -0.151521457451771
11841.4986253114 122.836109938393 0.207078635322835 0.316318406456021
0 105.303287395888 -0.267860717239438 -0.0792516998130773
0 83.8801814539168 -0.267860717239438 -0.562593173984467
0 124.460935508233 -0.267860717239438 0.352977217196392
0 95.4381382813439 -0.267860717239438 -0.30182613551162
5647.5 118.500122489086 -0.0413505365210831 0.218491201968795
0 116.384415159144 -0.267860717239438 0.17075726915161
0 116.384415159144 -0.267860717239438 0.17075726915161
0 68.7152303628094 -0.267860717239438 -0.90474009870991
241491.985493643 182.194469539749 9.41791055787333 1.65554331211762
0 109.168141531821 -0.267860717239438 0.00794594092954085
1261 117.466703119722 -0.217284473257881 0.195175514561996
0 133.844006572351 -0.267860717239438 0.564675157386323
0 97.0625920733901 -0.267860717239438 -0.265175712706558
42630.9648145005 191.984115132376 1.44198391212406 1.87641426076401
34826.5 149.537197705116 1.12896209086818 0.918740070154323
0 106.594859449117 -0.267860717239438 -0.0501116515914377
0 111.23921017366 -0.267860717239438 0.0546727495056723
0 111.23921017366 -0.267860717239438 0.0546727495056723
0 99.5960887609545 -0.267860717239438 -0.208015745935511
0 124.460935508233 -0.267860717239438 0.352977217196392
1261 115.446824224108 -0.217284473257881 0.149603633169155
0 115.163490890774 -0.267860717239438 0.143211154348101
0 78.0828324075202 -0.267860717239438 -0.693391165739793
0 139.137197705115 -0.267860717239438 0.684098494605063
0 95.0738525670582 -0.267860717239438 -0.310045036852973
0 1.5 -0.267860717239438 -2.42122928652094
0 95.0738525670582 -0.267860717239438 -0.310045036852973
0 106.38749622646 -0.267860717239438 -0.0547901163294401
0 138.030301858892 -0.267860717239438 0.659125053708261
0 92.4912318158131 -0.267860717239438 -0.368313325518197
0 97.0940977894838 -0.267860717239438 -0.264464890508188
0 89.3658913485231 -0.267860717239438 -0.438826288150189
0 97.6792587400567 -0.267860717239438 -0.25126267056662
148957.770314471 199.008386694147 5.70654414745007 2.03489369791207
0 137.530301858891 -0.267860717239438 0.64784420872993
0 120.652169261767 -0.267860717239438 0.26704501402624
0 95.4378151301602 -0.267860717239438 -0.301833426348437
63711.036913423 124.95257443365 2.28746437970845 0.364069422202278
0 101.368526588651 -0.267860717239438 -0.168026553199565
0 103.140861361721 -0.267860717239438 -0.128039685550156
0 78.6828324075202 -0.267860717239438 -0.679854151765798
5035 116.900122489086 -0.0659167137127595 0.182392498038143
0 74.8030705027576 -0.267860717239438 -0.767388136966703
0 133.003359750657 -0.267860717239438 0.545708744432196
0 111.23921017366 -0.267860717239438 0.0546727495056723
0 134.290402868992 -0.267860717239438 0.574746612228936
0 4.45 -0.267860717239438 -2.3546723011488
69050.5796386164 176.545882402772 2.50162299637723 1.52810164043998
0 69.3402303628095 -0.267860717239438 -0.890639042486997
3.66666666666667 135.707069535659 -0.267713654409991 0.6067090063342
0 134.540402868992 -0.267860717239438 0.5803870347181
0 96.7649796323246 -0.267860717239438 -0.271890352329122
0 2.66666666666667 -0.267860717239438 -2.39490731490484
0 101.279422094288 -0.267860717239438 -0.170036901175137
21881 125.410448482546 0.609743402158229 0.37439983453267
0 2.5 -0.267860717239438 -2.39866759656429
0 74.936403836091 -0.267860717239438 -0.764379911639148
1879.5 114.456744859028 -0.192477647799837 0.127265769501749
9408.5 116.373411525695 0.109495818446908 0.170509008585344
0 124.460935508233 -0.267860717239438 0.352977217196392
0 114.777272302001 -0.267860717239438 0.134497410292699
0 169.629815424327 -0.267860717239438 1.37206348155282
1258.05127454851 118.630157557441 -0.217402740869196 0.221425012864512
0 98.8500806424255 -0.267860717239438 -0.224846949810912
5401.30152068035 119.546824224108 -0.051225076059512 0.242106561991447
0 117.727115149212 -0.267860717239438 0.201050850032345
0 111.23921017366 -0.267860717239438 0.0546727495056723
0 109.402577671315 -0.267860717239438 0.0132352164234552
0 109.549648319106 -0.267860717239438 0.0165533787806421
0 92.703723442235 -0.267860717239438 -0.36351915532448
0 95.2190906622963 -0.267860717239438 -0.306768219978317
0 104.498720057706 -0.267860717239438 -0.0974040986463999
0 0 -0.267860717239438 -2.45507182145593
0 122.496802131103 -0.267860717239438 0.308663048908076
0 4.7 -0.267860717239438 -2.34903187865964
0 97.0625920733901 -0.267860717239438 -0.265175712706558
0 108.055876840327 -0.267860717239438 -0.0171486301896826
0.5 83.1599433586787 -0.267840663217241 -0.578842962584203
0 78.1435117540107 -0.267860717239438 -0.6920221371375
0 105.955552165002 -0.267860717239438 -0.0645355043226728
0 6.36666666666667 -0.267860717239438 -2.31142906206521
0 96.7649796323246 -0.267860717239438 -0.271890352329122
11297 120.037829434927 0.185239860286061 0.253184469325051
10422.3735319941 138.603933532067 0.150160303078613 0.672067153667764
0 118.12796291256 -0.267860717239438 0.210094652988817
0 101.965642488747 -0.267860717239438 -0.154554609393418
3784 116.900395652679 -0.116091877250371 0.18239866107044
0 139.030301858892 -0.267860717239438 0.681686743664922
0 98.1235930005672 -0.267860717239438 -0.241237738743862
0 108.09959978405 -0.267860717239438 -0.0161621666894135
0 122.472021658701 -0.267860717239438 0.308103959572745
0 135.288312345547 -0.267860717239438 0.597261136443778
0 138.030301858892 -0.267860717239438 0.659125053708261
2596.02581699346 171.196482090994 -0.163739198522005 1.40741012915158
1261 170.296482090994 -0.217284473257881 1.38710460819059
21165 172.06314875766 0.581026042371714 1.42696359378069
0 169.629815424327 -0.267860717239438 1.37206348155282
1261 170.296482090994 -0.217284473257881 1.38710460819059
2520 107.511526115784 -0.166788445365112 -0.0294301024645033
0 108.703568855466 -0.267860717239438 -0.00253560375671675
0 139.163635192225 -0.267860717239438 0.684694968992477
0 157.476237994892 -0.267860717239438 1.09785823572567
3 92.6578984824798 -0.267740393106254 -0.364553043858754
0 108.193051782016 -0.267860717239438 -0.014053731685477
0 124.831731276119 -0.267860717239438 0.361342996348685
0 105.585710895161 -0.267860717239438 -0.0728797483860079
0 135.144006572351 -0.267860717239438 0.59400535432997
43723.2357406613 132.804981628277 1.48579276292141 0.541232998740891
0 104.738869798932 -0.267860717239438 -0.0919859146416795
0 78.6605752460742 -0.267860717239438 -0.680356310941656
0 78.6605752460742 -0.267860717239438 -0.680356310941656
0 109.891466418447 -0.267860717239438 0.0242653727595374
5.5 135.957069535659 -0.267640122995268 0.612349428823364
0 134.540402868992 -0.267860717239438 0.5803870347181
0 0 -0.267860717239438 -2.45507182145593
0 147.583270418763 -0.267860717239438 0.874656168521773
0 109.458530052268 -0.267860717239438 0.0144975966948395
17498.8333333333 102.887314412605 0.433983266947141 -0.133760133205577
0 88.6856408548987 -0.267860717239438 -0.454173888880207
0 1 -0.267860717239438 -2.43251013149927
0 114.834415159144 -0.267860717239438 0.135786649718794
0 0 -0.267860717239438 -2.45507182145593
0 129.243616715914 -0.267860717239438 0.460882587765628
0 104.498720057706 -0.267860717239438 -0.0974040986463999
0 127.890697412995 -0.267860717239438 0.430358441916788
0 9.33333333333333 -0.267860717239438 -2.24449604852713
0 99.1000806424255 -0.267860717239438 -0.219206527321747
0 138.280301858892 -0.267860717239438 0.664765476197426
0 104.248720057706 -0.267860717239438 -0.103044521135564
0 124.015064609452 -0.267860717239438 0.342917616217414
0 0 -0.267860717239438 -2.45507182145593
5023.76214524392 156.038530462486 -0.0663674420902161 1.06542112413118
0 121.102595692921 -0.267860717239438 0.277207395514219
11450.7356692805 174.844101138613 0.191405897334593 1.48970657918396
74765.8369134232 149.604775534923 2.73085078888159 0.920264740198368
0 2.66666666666667 -0.267860717239438 -2.39490731490484
0 106.88749622646 -0.267860717239438 -0.0435092713511119
352784.913619724 200.539221725989 13.8816522599563 2.06943192327528
0 111.23921017366 -0.267860717239438 0.0546727495056723
0 96.5393302816752 -0.267860717239438 -0.276981383017393
0 0 -0.267860717239438 -2.45507182145593
6291 130.588951741562 -0.015541009953175 0.491235619502133
0 96.0667833841284 -0.267860717239438 -0.287642839609826
0 139.030301858892 -0.267860717239438 0.681686743664922
3777 135.804330357464 -0.116372633561133 0.60890337484069
0 119.362592601756 -0.267860717239438 0.237949985247749
0 109.402577671315 -0.267860717239438 0.0132352164234552
0 105.916266450717 -0.267860717239438 -0.0654218564281128
0 99.235211121009 -0.267860717239438 -0.216157755360251
0 101.279422094288 -0.267860717239438 -0.170036901175137
0 122.014867687165 -0.267860717239438 0.2977897934045
0 2 -0.267860717239438 -2.40994844154262
0 92.703723442235 -0.267860717239438 -0.36351915532448
0 118.096063432052 -0.267860717239438 0.209374946799814
3780 122.286936447925 -0.116252309427949 0.303928124431663
29347.1810041618 150.217890945708 0.909197321331073 0.934097660004158
3779 156.756642218516 -0.116292417472344 1.08162293892494
18 9.33333333333333 -0.267138772440336 -2.24449604852713
6294 141.722922025515 -0.0154206858199912 0.742436805035319
2521 115.428108370669 -0.166748337320718 0.149181371886594
7536 148.226219128533 0.0343935053180692 0.889162177969635
2506 129.839301225951 -0.167349957986636 0.474322236993057
14361 134.779626750099 0.308130908311035 0.585784329753852
81 13.5 -0.264611965643477 -2.15048900704105
1261 121.70833856998 -0.217284473257881 0.290873978499887
3780 130.265881899319 -0.116252309427949 0.483946617887103
0 118.096063432052 -0.267860717239438 0.209374946799814
166.383487454268 149.102421203032 -0.261187400938098 0.908930777513866
2521 120.724405580162 -0.166748337320718 0.268674787445498
3780 107.504396828663 -0.116252309427949 -0.0295909512301333
2521 82.5422462378236 -0.166748337320718 -0.592779253512055
0 8.66666666666667 -0.267860717239438 -2.2595371751649
2521 119.429396765385 -0.166748337320718 0.239457200075356
30 7.08333333333333 -0.266657475907601 -2.29525985092961
18 9.33333333333333 -0.267138772440336 -2.24449604852713
1261 140.410106571499 -0.217284473257881 0.712817469791502
166.383487454268 149.102421203032 -0.261187400938098 0.908930777513866
1261 84.8978702155662 -0.217284473257881 -0.539632395671758
630 85.7993890949665 -0.242592649270856 -0.519292606224655
2521 107.117492066758 -0.166748337320718 -0.0383201765109832
0 3.78333333333333 -0.267860717239438 -2.36971342778658
1261 160.092536043957 -0.217284473257881 1.15688634114288
5626.4073534667 118.136369205981 -0.0421965213246397 0.210284313174658
66385 104.126130895138 2.39471180989434 -0.10581033981347
0 105.427746116824 -0.267860717239438 -0.0764437007389205
0 137.641572819166 -0.267860717239438 0.650354669636819
10401.4179398463 135.359230730931 0.149319815258434 0.598861175067028
630 85.7993890949665 -0.242592649270856 -0.519292606224655
11307 132.782548565986 0.185640940730007 0.540726870944688
0 112.643000549503 -0.267860717239438 0.0863446327295956
3776 156.581605308027 -0.116412741605528 1.07767381041952
3780 107.427746116824 -0.116252309427949 -0.0313203208256053
1261 112.137059715312 -0.217284473257881 0.0749297524921579
1261 117.841847671095 -0.217284473257881 0.203639409619014
0 128.45581722629 -0.267860717239438 0.443108499932714
9430.33333333333 159.248271974693 0.110371510749523 1.13783831697061
32923.3473387522 122.504247814524 1.05263035944121 0.308831036108937
0 118.876786532543 -0.267860717239438 0.226989379335102
0 0 -0.267860717239438 -2.45507182145593
2521 121.950141957137 -0.166748337320718 0.296329471551391
23420.8102592051 158.753360539753 0.671502180393646 1.12667227861949
0 84.2312035488995 -0.267860717239438 -0.554673522309529
28 8 -0.26673769199639 -2.27457830180267
0 122.931398095257 -0.267860717239438 0.318468268307727
29881.2154157486 150.905986183803 0.930616397219227 0.949622251426717
0 11.5 -0.267860717239438 -2.19561238695437
2263.40000000007 127.267872654522 -0.177080169556757 0.416306462818795
0 85.4385082760373 -0.267860717239438 -0.52743468737264
18 9.33333333333333 -0.267138772440336 -2.24449604852713
0 138.806255358848 -0.267860717239438 0.676631875995068
0 144.41755745395 -0.267860717239438 0.803232334117895
0 126.018262851701 -0.267860717239438 0.388113153880741
0 111.627982101319 -0.267860717239438 0.0634441012013708
28540 100.857764081827 0.876822869781695 -0.179550218520023
0 144.41755745395 -0.267860717239438 0.803232334117895
10060 143.374048464286 0.135626209369973 0.779689007826105
11298 87.6812035488996 0.185279968330455 -0.47683569195906
2521 129.599215232653 -0.166748337320718 0.468905491249335
1889.5 101.384682111686 -0.192076567355891 -0.167662057297763
3780 139.641572819166 -0.116252309427949 0.695478049550134
20 6 -0.267058556351546 -2.31970168171598
0 104.022984212062 -0.267860717239438 -0.108137503297082
2319.7386250083 118.847670728825 -0.174820537483798 0.226332477598762
18 9.33333333333333 -0.267138772440336 -2.24449604852713
7536 135.151371671844 0.0343935053180693 0.594171523421228
0 133.584705005177 -0.267860717239438 0.558824875822465
1261 155.839975551849 -0.217284473257881 1.06094138979801
0 120.851195712837 -0.267860717239438 0.271535387108466
0 81.3255795711569 -0.267860717239438 -0.62022930962599
62531 102.508156028089 2.24013540679765 -0.142314587121493
55 12.8333333333333 -0.265654774797736 -2.16553013367882
8.9 74.3506207798363 -0.267503755644326 -0.77759616733623
1261 124.257952019601 -0.217284473257881 0.348397566659568
2521 108.269873019139 -0.166748337320718 -0.0123205147514053
0 131.096293416765 -0.267860717239438 0.502682105080163
6295 112.786539685806 -0.0153805777755967 0.0895831182195021
16 7.75 -0.267218988529125 -2.28021872429183
0 2.66666666666667 -0.267860717239438 -2.39490731490484
0 109.839775383617 -0.267860717239438 0.0230991356581616
1261 115.979000224425 -0.217284473257881 0.161610423090675
5499.22063117375 149.084224120616 -0.0472977320287656 0.908520220582295
55846.2247922108 115.225643444104 1.97202214599589 0.144613420986348
0 137.641572819166 -0.267860717239438 0.650354669636819
1261 155.839975551849 -0.217284473257881 1.06094138979801
3149.5 102.051348778353 -0.141540431418728 -0.152620930659991
0 96.2410974151599 -0.267860717239438 -0.283710020486598
1261 112.137059715312 -0.217284473257881 0.0749297524921579
24600.8022342631 107.108165274525 0.718829350914513 -0.0385306047056365
1585.19052615632 110.220639334717 -0.204281825242503 0.0316920700385516
1261 81.9922462378236 -0.217284473257881 -0.605188182988218
2521 110.786539685806 -0.166748337320718 0.0444597383061863
1261 91.001013170946 -0.217284473257881 -0.401935176551318
5038 76.0679487121906 -0.0657963895795758 -0.738850346972543
145.633333333333 149.746854049167 -0.262019649040775 0.923470271586264
0 144.41755745395 -0.267860717239438 0.803232334117895
26243 130.197073817497 0.784694691807359 0.482394191278526
47968.4820615237 103.900865227326 1.65606129082446 -0.110892713968509
37874.2364103753 168.86308286227 1.25120083811847 1.35476469920802
1261 138.417918204311 -0.217284473257881 0.667870333515749
115 14.8333333333333 -0.263248292134062 -2.12040675376551
1887 138.801251537644 -0.192176837466877 0.676518981332467
1261 138.417918204311 -0.217284473257881 0.667870333515749
18 9.33333333333333 -0.267138772440336 -2.24449604852713
39691.9978930354 127.297408104452 1.32410769636375 0.416972832482845
33303.3366030826 120.384291614183 1.06787098572443 0.261001241595141
1261 111.068652321415 -0.217284473257881 0.0508246761236581
17478 158.806642218515 0.433147682688921 1.12787440333609
1979.34675871944 139.212617710881 -0.188472989568463 0.685800097391684
1066.91581937193 139.224048464286 -0.225068810190796 0.686057994505986
31032 120.525997974335 0.976772116412972 0.264198376557778
0 104.971865885944 -0.267860717239438 -0.0867291291654103
1261 114.761441704002 -0.217284473257881 0.134140245248822
0 113.294044137688 -0.267860717239438 0.101033276314492
2521 160.759202710624 -0.166748337320718 1.17192746778065
2521 116.645666891091 -0.166748337320718 0.176651549728446
0 105.84203183111 -0.267860717239438 -0.0670967148997337
0 111.127377471022 -0.267860717239438 0.052149614741732
58 9.75 -0.265534450664553 -2.23509534437852
0 159.42586937729 -0.267860717239438 1.14184521450511
314.5 128.932548565986 -0.255246737277344 0.453864364611567
3780 133.433454516262 -0.116252309427949 0.555412409185755
0 81.3351718028678 -0.267860717239438 -0.620012892668136
0 144.188123890437 -0.267860717239438 0.798055925192276
2521 123.019643675401 -0.166748337320718 0.320459237726971
2924.96666666662 86.9660557616331 -0.150546024320125 -0.492970634608555
6296.2 124.479167484925 -0.0153324481223232 0.353388561401809
44 8.66666666666667 -0.266095963286077 -2.2595371751649
1261 111.068652321415 -0.217284473257881 0.0508246761236581
0 81.3351718028678 -0.267860717239438 -0.620012892668136
0 1 -0.267860717239438 -2.43251013149927
314.5 128.932548565986 -0.255246737277344 0.453864364611567
6285 156.489975551849 -0.0157816582195424 1.07560648826984
24600.8022342631 107.108165274525 0.718829350914513 -0.0385306047056365
1261 113.960710804355 -0.217284473257881 0.116074402952264
34579 142.306255358848 1.11903534988052 0.755597790843367
6 4 -0.26762006897307 -2.3648250616293
314.5 128.932548565986 -0.255246737277344 0.453864364611567
0 105.206307047102 -0.267860717239438 -0.0814397403742785
630 160.092536043957 -0.242592649270856 1.15688634114288
139 15.5 -0.262285699068592 -2.10536562712774
0 137.641572819166 -0.267860717239438 0.650354669636819
18110.219173286 178.710088920592 0.458504757358176 1.57692979689721
94670.6097907449 194.151115843221 3.52919230310912 1.92530545893797
2526 133.161153066919 -0.166547797098745 0.549268828310946
2521 108.935699268054 -0.166748337320718 0.00270165064160361
11556.7068653275 155.462613783705 0.195656194770191 1.05242747058364
1261 123.04855465555 -0.217284473257881 0.321111518297435
9211.9666666666 89.3493890949665 0.101613250788559 -0.43919860687852
0 73.0339541131698 -0.267860717239438 -0.807302392445825
1002.39999999999 126.601205987855 -0.227656413538318 0.401265336181022
1261 101.506017367468 -0.217284473257881 -0.164924528876012
0 159.42586937729 -0.267860717239438 1.14184521450511
1261 107.091301590568 -0.217284473257881 -0.03891107791461
0 77.4364650531105 -0.267860717239438 -0.70797430558809
1261 105.872973713769 -0.217284473257881 -0.0663986137365063
630 160.092536043957 -0.242592649270856 1.15688634114288
0 128.272634559284 -0.267860717239438 0.438975589394292
1261 100.718015445019 -0.217284473257881 -0.182703183935536
2521 106.96245733354 -0.166748337320718 -0.0418180220943744
629.5 104.72861191769 -0.242612703293054 -0.092217349777882
50585.5038060189 141.245448183567 1.76102491513424 0.731664188250884
3780 87.1327224282998 -0.116252309427949 -0.489210352949113
1261 131.018646404634 -0.217284473257881 0.500930257266401
3780 132.649288727493 -0.116252309427949 0.537720303784946
0 102.699070928898 -0.267860717239438 -0.138007224321321
0 165.841041301545 -0.267860717239438 1.28658233447879
3780 161.42586937729 -0.116252309427949 1.18696859441843
27693.0815432885 123.588391624218 0.842854626721327 0.333291152611672
6295 113.847935449485 -0.0153805777755967 0.113530000360934
314.25 160.092536043957 -0.255256764288443 1.15688634114288
0 114.911132604777 -0.267860717239438 0.137517524941429
3 3 -0.267740393106254 -2.38738675158596
7544 133.196293416765 0.0347143696732258 0.550061653989144
1261 113.960710804355 -0.217284473257881 0.116074402952264
2521 160.759202710624 -0.166748337320718 1.17192746778065
1261 81.7422462378236 -0.217284473257881 -0.610828605477382
1261 134.251371671844 -0.217284473257881 0.573866002460236
0 91.2679716626426 -0.267860717239438 -0.395912141830364
16 7.75 -0.267218988529125 -2.28021872429183
7551 123.115508160932 0.0349951259839879 0.322622102527391
6285 85.5478702155662 -0.0157816582195424 -0.52496729719993
1261 96.9077640818266 -0.217284473257881 -0.268668893848825
28 12.1666666666667 -0.26673769199639 -2.18057126031659
2521 115.428108370669 -0.166748337320718 0.149181371886594
0 153.91493864136 -0.267860717239438 1.01750930386844
9547.30797102963 143.569938406331 0.115063134711285 0.784108615964157
0 113.294044137688 -0.267860717239438 0.101033276314492
2521 105.383914947993 -0.166748337320718 -0.0774326059805267
0 130.351979737968 -0.267860717239438 0.485889130628633
6295 118.24446593811 -0.0153805777755967 0.212723158130289
1002.39999999999 126.601205987855 -0.227656413538318 0.401265336181022
1261 100.718015445019 -0.217284473257881 -0.182703183935536
72179 119.15871557736 2.62709781911649 0.233350175034026
3780 113.470393048645 -0.116252309427949 0.1050120057677
160185.546769335 191.981190167762 6.15686830395412 1.87634826861926
0 0 -0.267860717239438 -2.45507182145593
0 8.66666666666667 -0.267860717239438 -2.2595371751649
0 131.096293416765 -0.267860717239438 0.502682105080163
1261 107.554746887101 -0.217284473257881 -0.028454968822353
5 3.66666666666667 -0.267660177017465 -2.37234562494819
0 123.400809162458 -0.267860717239438 0.329058975268147
0 84.2312035488995 -0.267860717239438 -0.554673522309529
2520 132.049540578101 -0.166788445365112 0.524188971986289
0 85.1327224282999 -0.267860717239438 -0.534333732862426
0 116.244079589504 -0.267860717239438 0.167591061539504
1811.17461982992 110.887306001384 -0.195218045180974 0.0467331966763229
1261 99.6979562919632 -0.217284473257881 -0.205717442284241
5038 103.506017367468 -0.0657963895795758 -0.119801148962695
2624 112.42225397152 -0.162617208748077 0.0813642168781482
0 148.41907627139 -0.267860717239438 0.893513361032705
3780 74.8108058550478 -0.116252309427949 -0.767213614346627
1261 116.764337395492 -0.217284473257881 0.179328956855728
3780 111.453206352473 -0.116252309427949 0.0595008649439582
24101 135.546293416765 0.698783260714182 0.603081625387289
0 2.66666666666667 -0.267860717239438 -2.39490731490484
7536 129.373825035474 0.0343935053180693 0.463820307501328
314.25 160.092536043957 -0.255256764288443 1.15688634114288
0 131.096293416765 -0.267860717239438 0.502682105080163
3780 108.936539685806 -0.116252309427949 0.002720611886367
5328.92030084123 87.0066003742964 -0.054128145238153 -0.492055879628233
6812.37353199407 125.784196791192 0.00537026281419886 0.382832227994161
4023.25555555556 148.609552461866 -0.106495804806501 0.897810825786353
1261 108.269032601387 -0.217284473257881 -0.0123394759961687
4843.8678338002 150.635754536365 -0.0735826511199322 0.943525368780743
3777 134.634705005177 -0.116372633561133 0.582514650276955
1261 73.0672874465031 -0.217284473257881 -0.806550336113936
4407.5 93.9346383293092 -0.0910845115703545 -0.335747635279279
0 155.173308885182 -0.267860717239438 1.04590026316024
4408.5 121.107010246675 -0.0910444035259599 0.277306995307333
5 3.66666666666667 -0.267660177017465 -2.37234562494819
0 113.294044137688 -0.267860717239438 0.101033276314492
1476.98409367354 108.607940922019 -0.2086217736403 -0.00469313154234271
0 1.5 -0.267860717239438 -2.42122928652094
1261 110.639775383617 -0.217284473257881 0.0411484876234865
15006 133.485313071301 0.334000596945535 0.556582425826156
1261 131.799540578101 -0.217284473257881 0.518548549497125
1261 117.841847671095 -0.217284473257881 0.203639409619014
1261 117.841847671095 -0.217284473257881 0.203639409619014
314.25 160.092536043957 -0.255256764288443 1.15688634114288
1261 131.799540578101 -0.217284473257881 0.518548549497125
0 113.294044137688 -0.267860717239438 0.101033276314492
0 77.4364650531105 -0.267860717239438 -0.70797430558809
0 165.841041301545 -0.267860717239438 1.28658233447879
0 93.1850630461606 -0.267860717239438 -0.35265932041685
1261 160.092536043957 -0.217284473257881 1.15688634114288
0 165.841041301545 -0.267860717239438 1.28658233447879
313.565734265734 136.345952340573 -0.255284208848891 0.62112328209731
0 137.641572819166 -0.267860717239438 0.650354669636819
0 159.42586937729 -0.267860717239438 1.14184521450511
18 9.33333333333333 -0.267138772440336 -2.24449604852713
630 90.9632097578806 -0.242592649270856 -0.402788085436203
1261 107.174607588685 -0.217284473257881 -0.0370315538135522
0 162.82525529017 -0.267860717239438 1.21854110551453
4131.25945165945 112.118652321415 -0.102163979746779 0.0745144505781496
1261 124.531761543411 -0.217284473257881 0.354575172242938
71277.4733777502 164.143556366459 2.59093934932841 1.2482842056673
1261 100.718015445019 -0.217284473257881 -0.182703183935536
0 165.841041301545 -0.267860717239438 1.28658233447879
419.333333333346 162.178363887574 -0.251042077289979 1.20394614225353
5439.55000000011 158.756642218515 -0.0496910043529305 1.12674631883825
0 0 -0.267860717239438 -2.45507182145593
0 131.132873911435 -0.267860717239438 0.503507422859358
0 130.351979737968 -0.267860717239438 0.485889130628633
0 117.548841494266 -0.267860717239438 0.197028695101999
7774.59744049838 164.092536043957 0.0439631820540101 1.24713310096951
1261 110.639775383617 -0.217284473257881 0.0411484876234865
0 121.686310342067 -0.267860717239438 0.290376984451427
3780 121.314881770639 -0.116252309427949 0.28199692818181
7873.32596496123 118.498551392709 0.0479229900961768 0.218455755379433
0 128.45581722629 -0.267860717239438 0.443108499932714
2521 136.76261900724 -0.166748337320718 0.630523986245917
11620.5198849354 164.864078173288 0.198215610193578 1.26454039527999
1261 104.861945251023 -0.217284473257881 -0.0892091244503278
3726.61821152944 169.374374634878 -0.118393348569788 1.36630030565898
1575.25 160.759202710624 -0.204680520306886 1.17192746778065
3779 129.855967892617 -0.116292417472344 0.474698265159002
1261 147.525425477739 -0.217284473257881 0.873351088896833
1261 78.1031317197772 -0.217284473257881 -0.692933178950317
4408.5 134.100121182928 -0.0910444035259599 0.570453535823527
112253.752552948 162.167834874105 4.23441777361168 1.2037085899161
0 107.363114611568 -0.267860717239438 -0.032778516808615
6285 91.8465430912139 -0.0157816582195424 -0.382858592641156
0 155.173308885182 -0.267860717239438 1.04590026316024
12565 123.502809748234 0.23609686057838 0.33136028085981
0 130.351979737968 -0.267860717239438 0.485889130628633
0 76.5793221959676 -0.267860717239438 -0.727312896979511
3780 123.686310342067 -0.116252309427949 0.335500364364744
4020.99778602617 174.484382274297 -0.106586359527018 1.48159071369571
72212.8369134232 137.49404199172 2.62845495154225 0.647026124848938
1261 92.952399585355 -0.217284473257881 -0.35790860128379
5038 122.695834151591 -0.0657963895795758 0.313153547645768
16 7.75 -0.267218988529125 -2.28021872429183
2521 114.627377471022 -0.166748337320718 0.131115529590036
1261 121.092999099994 -0.217284473257881 0.27699088015997
10060 136.766787849595 0.135626209369973 0.630618042374611
47497.5877450466 100.508057698063 1.63717464067405 -0.187440185526371
2521 120.448841494266 -0.166748337320718 0.262457595976304
635.446857717446 97.1577640818266 -0.242374186459714 -0.26302847135966
2521 86.4660557616331 -0.166748337320718 -0.504251479586884
0 96.2410974151599 -0.267860717239438 -0.283710020486598
1261 162.178363887574 -0.217284473257881 1.20394614225353
0 119.115508160932 -0.267860717239438 0.232375342700761
2521 149.752409604723 -0.166748337320718 0.923595614308247
628.5 132.100121182928 -0.242652811337448 0.525330155910212
0 116.244079589504 -0.267860717239438 0.167591061539504
0 125.023428210077 -0.267860717239438 0.365668003138295
0 146.659552461866 -0.267860717239438 0.853815530370871
1261 107.091301590568 -0.217284473257881 -0.03891107791461
623.95 155.839975551849 -0.242835302939444 1.06094138979801
628.5 119.107010246675 -0.242652811337448 0.232183615394019
18 9.33333333333333 -0.267138772440336 -2.24449604852713
0 128.45581722629 -0.267860717239438 0.443108499932714
0 131.132873911435 -0.267860717239438 0.503507422859358
8785 150.11907627139 0.0844884527668918 0.931868233959021
145.633333333333 149.746854049167 -0.262019649040775 0.923470271586264
1 2 -0.267820609195043 -2.40994844154262
19951 148.740504842818 0.532334876476701 0.900765332804486
1261 118.215508160932 -0.217284473257881 0.21206982173977
0 157.381120666623 -0.267860717239438 1.09571222805576
0 165.841041301545 -0.267860717239438 1.28658233447879
1261 139.472922025515 -0.217284473257881 0.69167300263284
0 161.511697220907 -0.267860717239438 1.18890501561576
2521 105.361068951864 -0.166748337320718 -0.0779480502619388
3148.5 93.2679716626425 -0.141580539463123 -0.350788761917051
3394.37596247422 176.24152513144 -0.131718935444648 1.52123482604812
38549.6264680058 165.84264960186 1.27828941253357 1.28661862045187
1261 124.531761543411 -0.217284473257881 0.354575172242938
0 101.580929522199 -0.267860717239438 -0.163234384066982
314.5 128.932548565986 -0.255246737277344 0.453864364611567
1261 158.04778733329 -0.217284473257881 1.11075335469353
5038 114.206442050283 -0.0657963895795758 0.121618515135561
21246 133.322483892956 0.584274793967674 0.552908724388439
0 162.82525529017 -0.267860717239438 1.21854110551453
12249.4651209266 154.13854960399 0.223441373640467 1.02255434507821
71827.1688394404 176.281983818555 2.61298655930938 1.52214764240287
2521 113.976333882837 -0.166748337320718 0.116426886005137
2520 162.428363887574 -0.166788445365112 1.2095865647427
86594.976498284 172.315363278791 3.2052944445008 1.432653979609
1261 138.707381797619 -0.217284473257881 0.67440112136171
1261 81.8755795711569 -0.217284473257881 -0.607820380149828
1261 111.231541271207 -0.217284473257881 0.0544997261062127
0 137.641572819166 -0.267860717239438 0.650354669636819
2521 164.158588623503 -0.166748337320718 1.24862335879007
1261 162.178363887574 -0.217284473257881 1.20394614225353
5038 117.577799271443 -0.0657963895795758 0.197682031492517
630 90.9632097578806 -0.242592649270856 -0.402788085436203
2520 91.2132097578806 -0.166788445365112 -0.397147662947039
1342.25 94.391781186452 -0.214025694650821 -0.32543371987052
6285 149.96907627139 -0.0157816582195424 0.928483980465523
1367.96298113651 167.691041301545 -0.212994397261881 1.32832146089861
3780 113.539775383617 -0.116252309427949 0.10657738849779
0 104.027735618531 -0.267860717239438 -0.108030303537483
35757 165.885506744717 1.16628262617733 1.28758555002144
2060.53456615682 169.107311142814 -0.185216705383467 1.3602749019523
1261 148.443836730229 -0.217284473257881 0.894071998828211
20917.8102592051 157.953360539753 0.571111745274028 1.10862292665416
1261 81.7422462378236 -0.217284473257881 -0.610828605477382
1261 107.091301590568 -0.217284473257881 -0.03891107791461
1261 148.443836730229 -0.217284473257881 0.894071998828211
12520 130.605967892617 0.234291998580624 0.491619532626494
21 6.41666666666667 -0.267018448307152 -2.31030097756738
26432.0815432885 122.921724957551 0.79227838273977 0.3182500259739
3780 120.096063432052 -0.116252309427949 0.254498326713128
3777 158.431120666623 -0.116372633561133 1.11940200251025
4405.66666666667 156.581605308027 -0.0911580429850779 1.07767381041952
0 106.404396828663 -0.267860717239438 -0.0544088101824573
1680.33333333337 162.845030554241 -0.200465833308421 1.21898726889131
1261 120.695834151591 -0.217284473257881 0.268030167732451
13761 163.89264960186 0.28406608167429 1.24262332503638
355.666666666667 135.791998120559 -0.253595622783101 0.608625138735167
6285 131.785313071301 -0.0157816582195424 0.518227552899833
0 110.401985654749 -0.267860717239438 0.0357835494858859
94.6270820034371 159.509692095195 -0.264065410033515 1.14373639667779
386.889197130759 151.457183107794 -0.252343348145136 0.962058185530857
2506 129.839301225951 -0.167349957986636 0.474322236993057
9522.7455368007 161.395803206306 0.114077983508793 1.18629025079049
0 144.188123890437 -0.267860717239438 0.798055925192276
5038 162.092536043957 -0.0657963895795758 1.2020097210562
1261 116.910746256171 -0.217284473257881 0.182632188177275
15000 150.493836730229 0.333759948679167 0.940323463239364
1261 131.018646404634 -0.217284473257881 0.500930257266401
0 5.01666666666667 -0.267860717239438 -2.3418873435067
0 165.841041301545 -0.267860717239438 1.28658233447879
17460 153.635742938057 0.432425737889818 1.01121017697327
9934 151.952409604723 0.130572595776257 0.973231332212892
240143.576053716 187.686785037289 9.36382849219467 1.77945923151725
1261 122.352977008734 -0.217284473257881 0.305418111089199
1261 126.684929518367 -0.217284473257881 0.403154280518512
0 105.517492066758 -0.267860717239438 -0.0744188804416365
169881.501156723 170.331478815303 6.54575407297121 1.38789419343396
6703.58333333349 157.689975551849 0.00100690069662589 1.10268051621782
1261 162.178363887574 -0.217284473257881 1.20394614225353
6405.30303097012 171.61771560763 -0.0109565389125913 1.41691386915329
7545 163.611697220907 0.0347544777176204 1.23628456452474
207724.819685536 186.895435202052 8.06357557256285 1.76160504188739
6 122.352977008734 -0.26762006897307 0.305418111089199
1261 163.491921956837 -0.217284473257881 1.2335822321523
1261 105.256307047102 -0.217284473257881 -0.0803116558764457
1261 119.782174827599 -0.217284473257881 0.247416469338533
2521 115.428108370669 -0.166748337320718 0.149181371886594
12249.4651209266 154.13854960399 0.223441373640467 1.02255434507821
12249.4651209266 154.13854960399 0.223441373640467 1.02255434507821
7296.71666666687 158.089975551849 0.0247963187618625 1.11170519220048
0 118.440343580009 -0.267860717239438 0.217142488756247
0 112.643000549503 -0.267860717239438 0.0863446327295956
1261 91.9346383293092 -0.217284473257881 -0.380871015192593
7551 104.051348778353 0.0349951259839879 -0.107497550746674
10059 164.342536043957 0.135586101325579 1.25277352345868
440.284084118987 149.345460106852 -0.250201783647369 0.914414145909273
1261 120.259069883867 -0.217284473257881 0.258176027739913
9098.23970302405 160.280146354334 0.0970518846819236 1.16111914679827
5668.5 107.77861191769 -0.0405082675887971 -0.0234041954100763
3148.16666666667 155.91493864136 -0.141593908811254 1.06263268378175
1261 120.629793590782 -0.217284473257881 0.266540181074916
2521 114.627377471022 -0.166748337320718 0.131115529590036
0 161.511697220907 -0.267860717239438 1.18890501561576
0 161.511697220907 -0.267860717239438 1.18890501561576
5038 119.148841494266 -0.0657963895795758 0.23312739903265
3778.33333333333 156.581605308027 -0.116319156168607 1.07767381041952
1261 106.508698497776 -0.217284473257881 -0.0520555882619621
1261 110.639775383617 -0.217284473257881 0.0411484876234865
1261 106.508698497776 -0.217284473257881 -0.0520555882619621
3774.91164646188 140.903564060937 -0.116456393337552 0.723950704674987
4816.86666666671 88.0493890949664 -0.0746656151300272 -0.468528803822176
3859.31260514167 93.5179716626425 -0.113071235939878 -0.345148339427886
0 119.697073817498 -0.267860717239438 0.245496446733634
0 121.686310342067 -0.267860717239438 0.290376984451427
2521 118.169476414901 -0.166748337320718 0.211031267757638
141150.462641064 170.718837303048 5.39340830468298 1.39663365553654
2521 110.786539685806 -0.166748337320718 0.0444597383061863
0 122.508843620485 -0.267860717239438 0.308934725258123
0 130.351979737968 -0.267860717239438 0.485889130628633
87774.2980669114 154.898995191256 3.25259472633079 1.03971128264701
2521 155.248271974693 -0.166748337320718 1.04759155714398
36989 151.794473096786 1.21569573687145 0.96966801768799
0 105.74152761826 -0.267860717239438 -0.0693642597893857
1265.23785475608 154.242375688467 -0.217114501191186 1.02489683700558
11180.6873948583 99.6577640818267 0.18057478915539 -0.206624246468013
2521 112.089775383617 -0.166748337320718 0.0738629380606374
5000.25310212283 142.368643426016 -0.0673103438353906 0.757005371071804
2521 121.296460257449 -0.166748337320718 0.281581307712688
8.5 9.33333333333333 -0.267519798862084 -2.24449604852713
0 130.351979737968 -0.267860717239438 0.485889130628633
112369 142.992419920981 4.23904012333441 0.771078822953447
1888.5 155.248271974693 -0.192116675400286 1.04759155714398
16 7.75 -0.267218988529125 -2.28021872429183
0 161.511697220907 -0.267860717239438 1.18890501561576
1261 111.794044137688 -0.217284473257881 0.0671907413795042
1261 128.932548565986 -0.217284473257881 0.453864364611567
1261 162.178363887574 -0.217284473257881 1.20394614225353
6295 109.737730161997 -0.0153805777755967 0.0207968230064043
7551 157.91493864136 0.0349951259839879 1.10775606369506
3767 130.505967892617 -0.116773714005079 0.489363363630828
10032 157.006642218516 0.134503184126925 1.08726336141411
5038 122.363740484165 -0.0657963895795758 0.305660953284721
3780 107.84203183111 -0.116252309427949 -0.0219733349864182
6353.04743589744 133.985313071301 -0.0130524086396311 0.567863270804485
0 162.82525529017 -0.267860717239438 1.21854110551453
0 161.511697220907 -0.267860717239438 1.18890501561576
1261 145.084224120617 -0.217284473257881 0.818273460755667
10243.7068349387 145.251768385554 0.142994331261279 0.822053542515191
73.4474089635853 148.819087869699 -0.26491488530006 0.902538298692813
3780 110.120639334717 -0.116252309427949 0.0294359010428859
0 130.351979737968 -0.267860717239438 0.485889130628633
7 4 -0.267579960928676 -2.3648250616293
0 128.272634559284 -0.267860717239438 0.438975589394292
8785 132.912960083432 0.0844884527668918 0.543669175168091
0 146.126219128533 -0.267860717239438 0.841782629060655
2521 113.976333882837 -0.166748337320718 0.116426886005137
0 161.511697220907 -0.267860717239438 1.18890501561576
1476.98409367354 108.607940922019 -0.2086217736403 -0.00469313154234271
0 157.381120666623 -0.267860717239438 1.09571222805576
0 133.584705005177 -0.267860717239438 0.558824875822465
1261 132.100121182928 -0.217284473257881 0.525330155910212
1888.3 86.4660557616331 -0.192124697009164 -0.504251479586884
54337.0773565986 106.27723358737 1.9114931936504 -0.0572778278063937
3780 139.751251537644 -0.116252309427949 0.697952586791291
1887 138.801251537644 -0.192176837466877 0.676518981332467
55 12.8333333333333 -0.265654774797736 -2.16553013367882
0 153.3257090218 -0.267860717239438 1.00421528787864
0 129.196867352634 -0.267860717239438 0.459827843125632
0 130.351979737968 -0.267860717239438 0.485889130628633
2521 112.87310871695 -0.166748337320718 0.091536261860018
0 146.126219128533 -0.267860717239438 0.841782629060655
20619.8468827451 138.874784370257 0.559161016943015 0.678178006303497
1002.39999999999 126.601205987855 -0.227656413538318 0.401265336181022
0 104.589640380435 -0.267860717239438 -0.0953527825142183
46090.1926829756 171.802152749211 1.5807267770438 1.42107508275813
419.333333333346 162.178363887574 -0.251042077289979 1.20394614225353
1261 118.762730098719 -0.217284473257881 0.224416073437585
1342.25 94.391781186452 -0.214025694650821 -0.32543371987052
0 110.401985654749 -0.267860717239438 0.0357835494858859
1334.44740896358 149.485754536365 -0.214338641318503 0.917579425330584
1261 105.63853255261 -0.217284473257881 -0.0716880025276387
1261 139.748339435762 -0.217284473257881 0.697886884851505
0 110.401985654749 -0.267860717239438 0.0357835494858859
3777 154.3757090218 -0.116372633561133 1.02790506233313
1261 115.577799271443 -0.217284473257881 0.152558651579201
1261 107.07106349533 -0.217284473257881 -0.039367683544685
0 146.525425477739 -0.267860717239438 0.850789398940177
0 131.132873911435 -0.267860717239438 0.503507422859358
1261 126.704370316012 -0.217284473257881 0.403592897767481
5038 113.068652321415 -0.0657963895795758 0.0959480560369756
5032 154.509042355133 -0.0660370378459432 1.03091328766069
307654.711246276 214.103335062134 12.071568099626 2.37546124290235
1261 105.63853255261 -0.217284473257881 -0.0716880025276387
2521 117.431004062158 -0.166748337320718 0.194370083493499
8.5 9.33333333333333 -0.267519798862084 -2.24449604852713
1002.39999999999 126.601205987855 -0.227656413538318 0.401265336181022
81 13.5 -0.264611965643477 -2.15048900704105
5044 108.922973713769 -0.0655557413132083 0.00241454063130175
11 5.75 -0.267419528751098 -2.32534210420515
70888.7958654887 111.540461868938 2.57535025441145 0.0614694968534494
55051.4179398466 146.542564064263 1.94014399747616 0.851176074415626
228839.999621843 182.927427650609 8.91046414684765 1.67208008576604
0 128.272634559284 -0.267860717239438 0.438975589394292
10791.6587051757 123.871949820906 0.164971609198838 0.339688704730022
0 116.482174827599 -0.267860717239438 0.172962892481565
0 146.525425477739 -0.267860717239438 0.850789398940177
17472 163.537887697098 0.432907034422553 1.23461929693271
0 112.643000549503 -0.267860717239438 0.0863446327295956
21582.2943293762 140.137236215797 0.597762901859939 0.706661053427788
5 3.66666666666667 -0.267660177017465 -2.37234562494819
0 1.5 -0.267860717239438 -2.42122928652094
8806 143.881049517442 0.0853307216991778 0.791127808395121
1263 118.882174827599 -0.217204257169091 0.227110948377542
3780 112.756442050283 -0.116252309427949 0.088904064698408
12372.3285235776 155.867521378915 0.228369184448464 1.06156287020786
3515.41513683942 174.984382274297 -0.126864290865726 1.49287155867404
225.597440498281 160.092536043957 -0.258812445080631 1.15688634114288
0 157.381120666623 -0.267860717239438 1.09571222805576
7551 130.0182628517 0.0349951259839879 0.47835991370736
1261 120.953603114592 -0.217284473257881 0.27384587115612
146748.235510194 195.058921926027 5.61792402742878 1.94578709831901
166.383487454268 149.102421203032 -0.261187400938098 0.908930777513866
1261 105.622973713769 -0.217284473257881 -0.0720390362256707
13768 127.906761543411 0.284346837985052 0.43072087584666
1261 81.9922462378236 -0.217284473257881 -0.605188182988218
26777.9598013391 134.494856781506 0.806150883268779 0.579359438013487
3780 161.42586937729 -0.116252309427949 1.18696859441843
2521 107.841274255352 -0.166748337320718 -0.0219904271757803
1261 166.507707968211 -0.217284473257881 1.30162346111656
0 128.45581722629 -0.267860717239438 0.443108499932714
3777 162.561697220907 -0.116372633561133 1.21259479007025
2520 158.29778733329 -0.166788445365112 1.11639377718269
0 146.659552461866 -0.267860717239438 0.853815530370871
1261 148.443836730229 -0.217284473257881 0.894071998828211
1261 97.8680154450195 -0.217284473257881 -0.24700400031201
0 0 -0.267860717239438 -2.45507182145593
7659.96298113651 170.074374634878 0.0393654180687759 1.38209348862864
