3 202
3 545
3 2051
3 2066
3 2343
3 2898
3 4041
3 4822
3 4865
3 4965
3 5488
9 391
9 2141
9 2628
9 2851
9 3275
9 3553
9 3726
9 4510
9 4936
9 5217
10 30
10 1378
11 81
11 191
11 434
11 1276
11 4976
13 2377
13 3298
13 3414
13 4654
13 4719
16 1702
16 2235
16 4503
19 69
19 228
19 612
19 931
19 2435
19 2598
19 2721
19 3155
19 5122
20 141
20 941
20 2458
20 4024
20 4377
20 4822
20 4939
21 249
21 583
21 3911
21 4230
21 4408
30 10
30 1378
41 797
41 3827
41 4072
44 1179
44 1222
44 1839
44 2078
44 2268
44 3488
48 196
48 1334
48 3777
49 3730
49 3734
49 3814
49 4995
53 2191
53 2566
53 4821
53 5766
54 300
54 572
54 1121
54 4071
63 381
63 852
63 2018
63 2097
64 1286
64 1988
64 3734
64 4124
64 4460
64 4870
66 1104
66 1725
66 1846
66 2168
66 3236
66 5263
66 5359
69 19
69 228
69 612
69 931
69 2435
69 2598
69 2721
69 3155
69 5122
73 204
73 1572
73 5272
73 5485
75 541
75 1246
75 2916
75 3678
77 630
77 2609
77 3034
77 3260
77 4818
77 5026
78 356
78 858
78 3338
78 3442
79 2659
79 2794
81 11
81 191
81 434
81 1276
81 4976
90 2723
90 2852
90 3458
90 3639
90 3752
90 5238
100 262
100 2894
100 4911
100 5168
104 277
104 888
104 1132
104 1630
104 2144
104 2898
106 264
106 2712
109 2032
109 2070
109 2498
109 2568
109 4388
109 4597
110 4037
110 5006
114 2155
114 2855
114 3036
114 5324
119 1446
119 3005
119 5321
127 168
127 2924
127 3430
127 4901
127 5695
136 1140
136 3262
136 4983
141 20
141 182
141 916
141 941
141 2004
141 2458
141 2633
141 4024
141 4377
141 4822
141 4939
141 5227
142 341
142 1978
142 2616
142 4330
142 5488
145 643
145 783
145 2028
145 5065
146 189
146 427
146 1633
146 3621
146 4738
146 5134
151 3780
151 3860
151 3878
156 758
156 1234
156 1347
156 1553
156 3213
163 894
163 1690
163 1914
163 4588
168 127
168 2924
168 3430
168 4901
168 5695
175 3806
175 4295
175 4649
182 141
182 916
182 2004
182 2633
182 5227
185 508
185 1053
185 4623
185 5376
189 146
189 427
189 1633
189 3621
189 4738
189 5134
191 11
191 81
191 434
191 1276
191 1357
191 1488
191 2643
191 4752
191 4976
196 48
196 1334
196 3777
200 281
200 1336
200 1435
200 2321
200 3053
200 3188
200 4549
200 4814
200 5740
202 3
202 2898
202 4865
202 4965
204 73
204 1047
204 1572
204 1783
204 2193
204 2258
204 3027
204 4653
204 5082
204 5272
204 5468
204 5485
204 5496
205 694
205 3101
205 3567
205 3870
205 4707
205 5623
207 1290
207 1576
207 2606
207 3153
209 617
209 1338
209 1563
209 2826
209 3474
209 3648
209 4961
209 5196
211 593
211 602
211 640
211 810
211 1734
211 2833
211 5460
211 5498
213 1493
213 1716
213 3862
213 4011
215 1279
215 1548
215 4172
215 4679
216 407
216 3032
216 5195
216 5431
217 2462
217 3238
217 5064
218 871
218 1067
218 1152
218 5143
222 2858
222 4186
222 4713
222 5133
224 1241
224 1931
224 3550
224 3800
224 4020
224 4021
224 4708
226 1968
226 4326
226 5192
226 5712
228 19
228 69
228 612
228 931
228 2435
228 2598
228 2721
228 3155
228 5122
230 820
230 2542
230 3374
230 3834
233 972
233 999
233 3208
233 3399
235 2444
235 3072
236 1168
236 2245
236 4682
236 4722
237 531
237 597
237 1739
237 2998
237 3147
237 3408
247 1438
247 2192
247 3592
247 3928
247 4568
247 4894
249 21
249 583
249 3911
249 4230
249 4408
252 2908
252 3735
252 4965
252 5666
256 1681
256 4651
256 4827
256 5342
258 2565
258 3426
258 3589
258 4510
258 4946
258 5027
260 597
260 1602
260 4025
262 100
262 2894
262 4911
262 5168
264 106
264 2712
265 559
265 1801
265 3865
265 5563
267 657
267 689
267 1216
267 3018
267 3193
267 5092
267 5251
267 5342
269 1059
269 3094
269 3119
269 5438
273 1772
273 3181
273 3219
273 4707
273 5125
275 1298
275 1643
275 1649
275 3638
275 4748
275 5303
276 913
276 1054
276 1081
276 1500
276 1970
276 2167
276 2654
276 3970
277 104
277 888
277 1132
277 1630
277 2144
277 2898
281 200
281 1336
281 1435
281 2321
281 3053
281 3188
281 4549
281 4814
281 5740
286 1704
286 1878
286 2564
286 3696
286 4268
290 670
290 681
290 1841
290 2053
290 2671
290 2687
300 54
300 572
300 1121
300 4071
304 779
304 2041
304 4754
312 1365
312 3483
312 3670
312 3975
313 409
313 1640
313 2814
313 4285
338 2107
338 2688
338 3509
341 142
341 1978
341 2616
341 4330
341 5488
356 78
356 858
356 3338
356 3442
358 577
358 623
358 684
358 832
358 1473
358 4892
358 5671
359 1159
359 4941
360 1433
360 4525
360 4694
361 1085
361 3571
381 63
381 852
381 2018
381 2097
382 823
382 1900
382 2534
382 3048
382 5427
382 5551
391 9
391 688
391 2007
391 2141
391 2393
391 2851
391 3553
391 3726
391 4936
393 1730
393 3868
393 4139
393 5331
396 1252
396 3198
396 3827
396 5342
404 962
404 2239
404 2926
404 4521
407 216
407 3032
407 5195
407 5431
409 313
409 1640
409 2814
409 4285
415 492
415 935
415 1196
415 2244
415 3151
415 5559
427 146
427 189
427 1633
427 3305
427 3621
427 4738
427 5134
434 11
434 81
434 191
434 502
434 542
434 583
434 679
434 1111
434 1179
434 1276
434 2890
434 3614
434 4976
434 5732
434 5733
436 609
436 3630
436 4712
436 5433
444 1591
444 2280
444 3608
445 923
445 1155
445 1448
445 1463
445 5071
449 1715
449 2697
449 3911
449 5134
462 1006
462 2120
462 2450
462 3091
462 3570
472 714
472 2545
472 2976
472 3227
472 4272
472 4408
472 4874
472 5069
472 5312
473 712
473 1072
473 2792
473 3927
473 4967
484 620
484 1989
484 2261
484 3047
484 3469
484 4900
492 415
492 935
492 1196
492 2244
492 3151
492 5559
500 562
500 2090
500 2385
500 4510
502 434
502 583
502 679
502 1111
502 1179
502 5732
504 702
504 761
504 1704
504 2505
504 4367
504 5109
508 185
508 1053
508 4623
508 5376
514 1344
514 2020
514 3652
514 4104
519 1515
519 3576
519 5485
522 1793
522 2126
522 2268
522 3591
522 3778
522 4464
527 1184
527 1494
527 2943
527 3032
527 3632
531 237
531 597
531 1739
531 2998
531 3147
531 3408
532 4490
532 5219
541 75
541 1246
541 2916
541 3678
542 434
542 1161
542 2441
542 2890
542 3429
542 3447
542 3614
542 3950
542 4218
542 5733
545 3
545 1769
545 2051
545 2066
545 2247
545 2343
545 3948
545 4041
545 4412
545 4822
545 5488
546 1263
546 1990
546 3233
546 3403
548 1628
548 1933
548 2218
548 2402
548 3064
548 5328
555 866
555 1970
555 2643
555 3095
555 3474
555 4082
555 4724
559 265
559 1801
559 3865
559 5563
562 500
562 567
562 616
562 671
562 720
562 2090
562 2385
562 2934
562 3079
562 4510
562 4720
562 5133
564 2165
564 5764
567 562
567 616
567 671
567 720
567 2934
567 3079
567 4720
567 5133
569 1337
569 1673
569 2395
569 2747
569 2762
569 2807
569 3950
569 4249
569 4870
570 573
570 1962
570 3408
570 3488
570 4154
570 5073
571 1695
571 1841
571 2602
571 3199
571 3610
571 3708
571 5034
571 5225
572 54
572 300
572 1121
572 4071
573 570
573 1962
573 3408
573 3488
573 4154
573 5073
577 358
577 623
577 684
577 832
577 1473
577 4892
577 5671
580 914
580 3137
580 3553
580 4249
580 5223
581 1041
581 1258
581 2129
581 3679
583 21
583 249
583 434
583 502
583 679
583 1111
583 1179
583 3911
583 4230
583 4408
583 5732
587 1350
587 2036
587 2858
587 4059
588 863
588 2264
588 3055
588 3465
588 4035
588 4252
588 4273
588 4571
588 4841
588 4849
588 4868
588 5719
593 211
593 602
593 640
593 810
593 1734
593 2833
593 5460
593 5498
597 237
597 260
597 531
597 1602
597 1739
597 2998
597 3147
597 3408
597 4025
602 211
602 593
602 810
602 1734
602 5460
606 1465
606 2103
609 436
609 3630
609 4712
609 5433
612 19
612 69
612 228
612 931
612 2435
612 2598
612 2721
612 3155
612 5122
616 562
616 567
616 671
616 720
616 1431
616 1488
616 2218
616 2934
616 3079
616 3495
616 4720
616 5133
616 5208
617 209
617 1338
617 1563
617 2826
617 3474
617 3648
617 4961
617 5196
620 484
620 1989
620 2261
620 3047
620 3469
620 4900
622 3910
622 3969
623 358
623 577
623 684
623 832
623 1473
623 4892
623 5671
624 1246
624 1348
624 1755
624 2033
624 2826
624 3054
624 3503
624 3596
624 3658
624 4833
624 5447
624 5614
624 5650
630 77
630 2609
630 3034
630 3260
630 4818
630 5026
631 1218
631 2947
632 818
632 1667
632 2066
632 3504
632 3686
632 3738
632 4046
632 4337
632 5259
632 5616
634 2342
634 2344
635 1118
635 3857
635 4031
635 4199
638 2032
638 4652
638 5075
638 5660
639 2242
639 2606
639 2637
639 2745
639 3350
639 3592
639 4391
639 4407
640 211
640 593
640 707
640 1702
640 2533
640 2833
640 4961
640 5498
642 1452
642 1515
642 2658
642 3409
642 3648
642 5558
643 145
643 783
643 2028
643 5065
653 841
653 1004
653 1446
653 2914
653 3416
653 3641
653 4108
653 5170
655 1258
655 2151
655 3410
655 4031
656 3459
656 4632
657 267
657 3018
657 5251
657 5342
660 2281
660 2892
660 3392
660 3950
660 5232
660 5601
661 1566
661 1717
661 2331
661 3499
661 3587
661 3661
661 4390
661 4806
661 5128
661 5134
664 1114
664 2063
664 3861
664 3970
664 3986
666 2597
666 2805
666 4543
666 5342
670 290
670 681
670 1020
670 1841
670 1856
670 1920
670 2053
670 2671
670 2687
670 3206
670 3596
670 4096
671 562
671 567
671 616
671 720
671 2934
671 3079
671 4720
671 5133
672 3604
672 3621
672 4470
672 5230
679 434
679 502
679 583
679 1111
679 1179
679 5732
681 290
681 670
681 1841
681 2053
681 2671
681 2687
682 1636
682 2131
682 3283
682 3616
684 358
684 577
684 623
684 832
684 1473
684 4892
684 5671
687 3275
687 4727
688 391
688 2007
688 2393
689 267
689 1216
689 3193
689 5092
692 847
692 3486
692 3747
692 5416
692 5507
692 5569
694 205
694 3101
694 3567
694 3870
694 4707
694 5623
702 504
702 761
702 1704
702 2505
702 4367
702 5109
705 2629
705 3610
705 3777
705 4092
705 4123
707 640
707 1047
707 1702
707 2533
707 2958
707 2959
707 3982
707 4961
709 833
709 1304
709 2228
709 4955
712 473
712 1072
712 2792
712 3927
712 4967
714 472
714 2545
714 2976
714 3227
714 4272
714 4408
714 4874
714 5069
714 5312
716 982
716 3242
716 4620
716 5347
718 2117
718 2281
718 3245
718 3950
718 4249
718 4961
720 562
720 567
720 616
720 671
720 2934
720 3079
720 4720
720 5133
728 1945
728 2051
728 3243
728 4065
728 5133
729 1261
729 2521
729 2540
729 2855
729 3036
729 3661
730 2686
730 3777
737 1550
737 2630
737 3590
737 3688
743 4405
743 4601
743 4963
743 5216
748 937
748 1353
748 2736
749 925
749 2868
749 3288
749 4691
749 4707
749 5531
750 1075
750 1341
750 2457
750 2663
750 3827
758 156
758 1234
758 1347
758 1553
758 3213
758 3484
758 3637
758 4037
759 2109
759 2911
759 3839
759 4032
759 4211
759 5687
759 5754
761 504
761 702
761 1704
761 2505
761 4367
761 5109
766 1854
766 2166
767 1473
767 1797
767 1856
767 2105
767 3027
767 3054
767 3219
767 3503
767 3663
767 5136
767 5441
767 5716
775 1662
775 1670
775 2390
775 3128
775 3725
775 5708
779 304
779 2041
779 4754
781 1262
781 1477
781 2231
781 3255
781 4132
781 4485
781 5635
783 145
783 643
783 2028
783 5065
785 911
785 1452
785 2117
785 2903
789 3496
789 4283
797 41
797 3827
797 4072
810 211
810 593
810 602
810 1734
810 5460
818 632
818 2066
818 3738
818 4046
818 4337
818 5616
819 1439
819 1444
819 2414
819 3290
819 3766
819 3966
819 4030
819 4718
819 4749
820 230
820 2542
820 3374
820 3834
823 382
823 1900
823 2534
823 3048
823 5427
823 5551
825 3617
825 5130
825 5383
826 895
826 1618
826 3499
826 3614
826 3769
826 5343
826 5368
826 5371
831 2334
831 3037
831 3185
831 3286
831 3795
832 358
832 577
832 623
832 684
832 1473
832 4892
832 5671
833 709
833 1114
833 1304
833 2228
833 3621
833 3748
833 4955
841 653
841 1004
841 1446
841 2914
841 3416
841 3641
841 4108
841 5170
843 1256
843 1615
843 1687
843 2058
843 2337
843 2788
843 3030
843 3461
843 3648
843 4668
843 5065
847 692
847 1119
847 1234
847 1750
847 1755
847 2653
847 3747
847 3777
847 4357
847 5416
847 5507
852 63
852 381
852 2018
852 2097
855 2073
855 2097
855 4021
855 5712
858 78
858 356
858 3338
858 3442
860 2289
860 4495
863 588
863 3055
863 3465
863 4035
863 4252
863 4273
863 4849
863 4868
866 555
866 1970
866 2643
866 3095
866 3474
866 4082
866 4724
871 218
871 1067
871 1152
871 5143
876 3000
876 3001
876 4896
876 5138
877 1302
877 4089
878 2430
878 4937
881 983
881 2904
881 3705
886 2759
886 3496
888 104
888 277
888 1132
888 1630
888 2144
888 2898
891 3609
891 5528
893 986
893 4495
894 163
894 1690
894 1914
894 4588
895 826
895 1618
895 3499
895 3614
895 3769
895 5343
895 5368
895 5371
905 1236
905 3583
905 4414
905 5467
907 2984
907 4207
911 785
911 1452
911 2117
911 2903
913 276
913 1081
913 1500
913 1970
913 2167
913 3970
914 580
914 3137
914 3553
914 4249
914 5223
916 141
916 182
916 2004
916 2633
916 5227
920 2137
920 4657
923 445
923 1155
923 1448
923 1463
923 5071
925 749
925 2868
925 3288
925 4691
925 4707
925 5531
926 930
926 1115
926 1357
926 3852
926 4186
926 4190
926 5025
930 926
930 1115
930 1357
930 3852
930 4186
930 4190
930 5025
931 19
931 69
931 228
931 612
931 1120
931 1452
931 1569
931 2199
931 2435
931 2598
931 2721
931 3155
931 5122
935 415
935 492
935 1196
935 2244
935 3151
935 5559
937 748
937 1353
937 2736
939 2200
939 2380
939 4253
939 5613
940 953
940 1246
940 2033
940 3380
940 4094
940 4277
940 4845
940 5015
940 5274
940 5401
941 20
941 141
941 2458
941 4024
941 4939
943 1047
943 1846
943 2744
943 5263
943 5577
943 5578
943 5597
943 5747
946 1219
946 1278
946 1980
946 2683
947 1337
947 2709
947 3589
947 5092
953 940
953 2033
953 3380
953 4094
953 4845
953 5274
953 5401
958 4233
958 4548
962 404
962 2239
962 2926
962 4521
968 1683
968 2012
968 3783
968 4515
972 233
972 999
972 2462
972 3208
972 3399
972 3777
972 4113
972 5493
975 2128
975 5134
982 716
982 3242
982 4620
982 5347
983 881
983 2904
983 3705
984 1094
984 2066
984 2270
984 5146
986 893
986 4495
995 2179
995 3739
999 233
999 972
999 3208
999 3399
1004 653
1004 841
1004 1446
1004 2914
1004 3416
1004 3641
1004 4108
1004 5170
1006 462
1006 2120
1006 2450
1006 3091
1006 3570
1008 2631
1008 3652
1008 5531
1011 1211
1011 1286
1011 1539
1011 1605
1011 3814
1011 4204
1011 4870
1015 1686
1015 2699
1020 670
1020 1856
1020 1920
1020 3206
1020 3596
1020 4096
1022 3316
1022 5467
1023 1301
1023 1526
1023 2395
1023 3176
1023 3226
1023 4550
1023 4912
1023 5542
1041 581
1041 1258
1041 2129
1041 3679
1045 1535
1045 1709
1045 3189
1045 4302
1047 204
1047 707
1047 943
1047 1783
1047 1846
1047 2744
1047 2958
1047 2959
1047 3027
1047 3982
1047 5263
1047 5577
1047 5578
1047 5597
1047 5747
1049 1076
1049 1750
1049 1920
1049 3777
1053 185
1053 508
1053 4623
1053 5376
1054 276
1054 2654
1055 1058
1055 4984
1058 1055
1058 4984
1059 269
1059 3094
1059 3119
1059 5438
1060 1687
1060 2153
1060 3961
1060 4556
1060 5005
1060 5464
1067 218
1067 871
1067 1152
1067 5143
1072 473
1072 712
1072 2792
1072 3927
1072 4967
1075 750
1075 1341
1075 2457
1075 2663
1075 3827
1076 1049
1076 1750
1076 1920
1076 3777
1078 1428
1081 276
1081 913
1081 1500
1081 1970
1081 2167
1081 3970
1085 361
1085 3571
1093 4230
1093 4355
1093 4480
1093 5652
1094 984
1094 2066
1094 2270
1094 5146
1104 66
1104 1846
1104 2168
1104 3236
1111 434
1111 502
1111 583
1111 679
1111 1179
1111 5732
1113 1617
1113 4555
1114 664
1114 833
1114 2063
1114 3621
1114 3748
1114 3861
1114 3970
1114 3986
1115 926
1115 930
1115 1357
1115 3852
1115 4186
1115 4190
1115 5025
1117 1306
1117 2249
1117 2374
1117 5342
1117 5541
1117 5659
1118 635
1118 3857
1118 4031
1118 4199
1119 847
1119 1234
1119 1755
1119 4357
1120 931
1120 1452
1120 1569
1120 2199
1121 54
1121 300
1121 572
1121 4071
1123 3373
1123 5195
1132 104
1132 277
1132 888
1132 1630
1132 2144
1132 2898
1140 136
1140 3262
1140 4983
1152 218
1152 871
1152 1067
1152 5143
1155 445
1155 923
1155 1448
1155 1463
1155 5071
1159 359
1159 4941
1161 542
1161 2441
1161 3429
1161 3447
1161 3950
1161 4218
1168 236
1168 2245
1168 4682
1168 4722
1179 44
1179 434
1179 502
1179 583
1179 679
1179 1111
1179 1222
1179 1839
1179 2078
1179 2268
1179 3488
1179 5732
1184 527
1184 1494
1184 2943
1184 3032
1184 3632
1196 415
1196 492
1196 935
1196 2244
1196 3151
1196 5559
1211 1011
1211 1286
1211 1605
1211 3814
1216 267
1216 689
1216 1284
1216 1722
1216 3193
1216 5092
1216 5140
1218 631
1218 2947
1219 946
1219 1278
1219 1980
1219 2683
1222 44
1222 1179
1222 1496
1222 1839
1222 2078
1222 2171
1222 2268
1222 2732
1222 3488
1222 3600
1222 4345
1222 4531
1222 5237
1222 5539
1234 156
1234 758
1234 847
1234 1119
1234 1347
1234 1553
1234 1755
1234 3213
1234 3270
1234 4113
1234 4357
1234 4772
1234 4899
1236 905
1236 3583
1236 4414
1236 5467
1241 224
1241 1931
1241 1953
1241 2403
1241 3550
1241 3800
1241 4020
1241 4021
1241 4708
1243 1244
1243 1481
1243 1930
1243 1963
1243 2066
1243 3230
1243 4956
1243 5208
1243 5449
1244 1243
1244 1481
1244 1930
1244 1963
1244 2066
1244 3230
1244 4956
1244 5208
1244 5449
1246 75
1246 541
1246 624
1246 940
1246 1515
1246 1755
1246 2916
1246 3219
1246 3658
1246 3678
1246 3836
1246 4277
1246 5015
1246 5169
1246 5401
1246 5558
1246 5614
1251 1566
1251 2707
1251 2922
1251 4012
1251 4390
1252 396
1252 3198
1252 3827
1252 5342
1254 1261
1254 2041
1254 4239
1254 4394
1254 5031
1254 5512
1256 843
1256 1615
1256 1687
1256 2058
1256 2337
1256 2788
1256 3030
1256 3461
1256 3648
1256 4668
1256 5065
1257 2374
1257 5650
1258 581
1258 655
1258 1041
1258 2129
1258 2151
1258 3410
1258 3679
1258 4031
1261 729
1261 1254
1261 2041
1261 2521
1261 2540
1261 2855
1261 3036
1261 3661
1261 4239
1261 4394
1261 5031
1261 5512
1262 781
1262 1477
1262 2231
1262 3255
1262 4132
1262 4485
1262 5635
1263 546
1263 1990
1263 3233
1263 3403
1268 1548
1268 2090
1268 2983
1268 4172
1270 2447
1270 3799
1274 2540
1274 2855
1274 4659
1274 5324
1276 11
1276 81
1276 191
1276 434
1276 4976
1278 946
1278 1219
1278 1473
1278 1980
1278 2090
1278 2607
1278 2683
1278 2891
1278 3644
1278 5724
1279 215
1279 1548
1279 4172
1279 4679
1284 1216
1284 1722
1284 3193
1284 5140
1286 64
1286 1011
1286 1211
1286 1605
1286 1988
1286 3734
1286 3814
1286 4124
1286 4460
1286 4870
1290 207
1290 1576
1290 2606
1290 3153
1293 2215
1293 4271
1293 5524
1294 1397
1294 1499
1294 3122
1294 5215
1297 1307
1297 2126
1297 5225
1297 5716
1298 275
1298 1643
1298 1649
1298 3638
1298 4748
1298 5303
1301 1023
1301 1526
1301 2395
1301 5542
1302 877
1302 4089
1304 709
1304 833
1304 2228
1304 3734
1304 4955
1304 5288
1304 5735
1305 2676
1305 5134
1305 5203
1306 1117
1306 2249
1306 2374
1306 5342
1306 5541
1306 5659
1307 1297
1307 2126
1307 2870
1307 5225
1307 5258
1307 5716
1326 1767
1326 3643
1326 4163
1326 4432
1328 1450
1328 2713
1328 2866
1328 3717
1334 48
1334 196
1334 3777
1336 200
1336 281
1336 1435
1336 2321
1336 3053
1336 3188
1336 4549
1336 4814
1336 5740
1337 569
1337 947
1337 1673
1337 2709
1337 2762
1337 2807
1337 3589
1337 5092
1338 209
1338 617
1338 1563
1338 2826
1338 3474
1338 3648
1338 4961
1338 5196
1341 750
1341 1075
1341 2457
1341 2663
1341 3827
1344 514
1344 2020
1344 3652
1344 4104
1347 156
1347 758
1347 1234
1347 1553
1347 3213
1348 624
1348 3658
1348 4833
1348 5650
1350 587
1350 2036
1350 2858
1350 4059
1353 748
1353 937
1353 2736
1357 191
1357 926
1357 930
1357 1115
1357 1488
1357 1761
1357 1848
1357 2051
1357 2205
1357 2643
1357 3033
1357 3507
1357 3611
1357 3621
1357 3852
1357 4186
1357 4190
1357 4752
1357 4792
1357 4961
1357 5025
1357 5557
1357 5560
1363 2229
1363 2290
1363 2648
1363 5713
1365 312
1365 3483
1365 3670
1365 3975
1372 1785
1372 4249
1372 4730
1372 5069
1378 10
1378 30
1397 1294
1397 1499
1397 3122
1397 5215
1428 1078
1431 616
1431 1488
1431 2218
1431 3495
1431 5208
1432 1996
1432 2016
1432 4437
1433 360
1433 4525
1433 4694
1435 200
1435 281
1435 1336
1435 2321
1435 3053
1435 3188
1435 4549
1435 4814
1435 5740
1438 247
1438 2192
1438 3592
1438 3928
1438 4568
1438 4894
1439 819
1439 1444
1439 2414
1439 3290
1439 3766
1439 3966
1439 4030
1439 4718
1439 4749
1443 1791
1443 5432
1444 819
1444 1439
1444 2414
1444 3290
1444 3766
1444 3966
1444 4030
1444 4718
1444 4749
1446 119
1446 653
1446 841
1446 1004
1446 2914
1446 3005
1446 3416
1446 3641
1446 4108
1446 5170
1446 5321
1448 445
1448 923
1448 1155
1448 1463
1448 5071
1450 1328
1450 2713
1450 2866
1450 3717
1452 642
1452 785
1452 911
1452 931
1452 1120
1452 1515
1452 1569
1452 2117
1452 2199
1452 2658
1452 2903
1452 3190
1452 3409
1452 3648
1452 4782
1452 5242
1452 5485
1452 5558
1463 445
1463 923
1463 1155
1463 1448
1463 5071
1465 606
1465 2103
1473 358
1473 577
1473 623
1473 684
1473 767
1473 832
1473 1278
1473 1577
1473 1856
1473 2090
1473 2607
1473 2891
1473 3027
1473 3054
1473 3219
1473 3503
1473 3644
1473 4892
1473 5569
1473 5671
1473 5724
1477 781
1477 1262
1477 2231
1477 3255
1477 4132
1477 4485
1477 5635
1481 1243
1481 1244
1481 1930
1481 1963
1481 2066
1481 3230
1481 4956
1481 5208
1481 5449
1488 191
1488 616
1488 1357
1488 1431
1488 2218
1488 2643
1488 3495
1488 4752
1488 5208
1493 213
1493 1716
1493 3862
1493 4011
1494 527
1494 1184
1494 2943
1494 3032
1494 3632
1496 1222
1496 2171
1496 2732
1496 3600
1496 4345
1496 4531
1496 5237
1496 5539
1499 1294
1499 1397
1499 3122
1499 5215
1500 276
1500 913
1500 1081
1500 1970
1500 2167
1500 3970
1507 1691
1507 2424
1507 3115
1507 4003
1507 4813
1507 5139
1515 519
1515 642
1515 1246
1515 1452
1515 2658
1515 3219
1515 3409
1515 3576
1515 3648
1515 3836
1515 5169
1515 5485
1515 5558
1520 3553
1520 5006
1526 1023
1526 1301
1526 2395
1526 5542
1532 2615
1532 3496
1535 1045
1535 1709
1535 3189
1535 4302
1539 1011
1539 1605
1548 215
1548 1268
1548 1279
1548 2090
1548 2983
1548 4172
1548 4679
1550 737
1550 2157
1550 2630
1550 2722
1550 3590
1550 3688
1550 4354
1550 5653
1553 156
1553 758
1553 1234
1553 1347
1553 3213
1563 209
1563 617
1563 1338
1563 2826
1563 3474
1563 3648
1563 4961
1563 5196
1566 661
1566 1251
1566 2707
1566 2922
1566 3661
1566 4012
1566 4390
1566 5134
1569 931
1569 1120
1569 1452
1569 2199
1569 3449
1569 3626
1569 4891
1569 5644
1572 73
1572 204
1572 5272
1572 5485
1576 207
1576 1290
1576 2606
1576 3153
1577 1473
1577 5569
1582 1621
1582 2066
1582 2270
1582 3180
1589 2197
1589 4690
1591 444
1591 2280
1591 3608
1602 260
1602 597
1602 4025
1605 1011
1605 1211
1605 1286
1605 1539
1605 3814
1605 4204
1605 4870
1615 843
1615 1256
1615 1687
1615 2058
1615 2337
1615 2788
1615 3030
1615 3461
1615 3648
1615 4668
1615 5065
1617 1113
1617 4555
1618 826
1618 895
1618 3499
1618 3614
1618 3769
1618 5343
1618 5368
1618 5371
1619 3432
1619 3872
1619 4823
1619 5160
1621 1582
1621 2066
1621 2270
1621 3180
1625 2414
1625 5144
1628 548
1628 1933
1628 2218
1628 2402
1628 3064
1628 5328
1630 104
1630 277
1630 888
1630 1132
1630 2144
1630 2898
1633 146
1633 189
1633 427
1633 3621
1633 4738
1633 5134
1636 682
1636 2131
1636 3283
1636 3616
1640 313
1640 409
1640 2814
1640 4285
1643 275
1643 1298
1643 1649
1643 3638
1643 4748
1643 5303
1649 275
1649 1298
1649 1643
1649 3638
1649 4748
1649 5303
1655 2295
1655 4176
1655 4222
1662 775
1662 2390
1662 3128
1662 5708
1663 3460
1663 4041
1666 2578
1666 2580
1666 4541
1666 4794
1667 632
1667 3504
1667 3686
1667 5259
1670 775
1670 3725
1673 569
1673 1337
1673 2762
1673 2807
1681 256
1681 4651
1681 4827
1681 5342
1682 1897
1682 2504
1683 968
1683 2012
1683 3783
1683 4515
1686 1015
1686 2699
1687 843
1687 1060
1687 1256
1687 1615
1687 2058
1687 2153
1687 2337
1687 2788
1687 3030
1687 3461
1687 3648
1687 3961
1687 4556
1687 4668
1687 5005
1687 5065
1687 5464
1690 163
1690 894
1690 1914
1690 4588
1691 1507
1691 2424
1691 3115
1691 4003
1691 4813
1691 5139
1695 571
1695 1841
1695 2602
1695 3708
1695 5034
1702 16
1702 640
1702 707
1702 2235
1702 2533
1702 4503
1702 4961
1704 286
1704 504
1704 702
1704 761
1704 1878
1704 2505
1704 2564
1704 3696
1704 4268
1704 4367
1704 5109
1706 3320
1706 4473
1709 1045
1709 1535
1709 3189
1709 4302
1713 3095
1713 3952
1713 4065
1713 4947
1715 449
1715 2697
1715 3911
1715 5134
1716 213
1716 1493
1716 3862
1716 4011
1717 661
1717 2331
1717 3499
1717 3587
1717 4806
1717 5128
1722 1216
1722 1284
1722 3193
1722 5140
1725 66
1725 5263
1725 5359
1730 393
1730 3868
1730 4139
1730 5331
1734 211
1734 593
1734 602
1734 810
1734 5460
1738 2431
1738 3494
1738 4160
1739 237
1739 531
1739 597
1739 2998
1739 3147
1739 3408
1744 1868
1744 2240
1744 3167
1744 3825
1750 847
1750 1049
1750 1076
1750 1920
1750 2653
1750 3777
1755 624
1755 847
1755 1119
1755 1234
1755 1246
1755 3658
1755 4357
1755 5614
1758 2428
1758 3510
1758 4527
1758 4532
1758 5743
1761 1357
1761 1848
1761 2205
1761 4792
1761 4961
1761 5560
1767 1326
1767 3643
1767 4163
1767 4432
1769 545
1769 2247
1769 3948
1769 4412
1770 2266
1770 2268
1770 5020
1772 273
1772 3181
1772 3219
1772 4707
1772 5125
1776 2509
1776 2567
1776 2964
1776 3184
1783 204
1783 1047
1783 3027
1785 1372
1785 4249
1785 4730
1785 5069
1791 1443
1791 5432
1792 3291
1792 4816
1793 522
1793 2126
1793 2268
1793 3591
1793 3778
1793 4464
1797 767
1797 3027
1797 3663
1797 5136
1801 265
1801 559
1801 3865
1801 4442
1801 5173
1801 5563
1807 2683
1807 5233
1807 5529
1828 2494
1828 2520
1828 2886
1828 3581
1828 3755
1828 3985
1828 4093
1828 5421
1828 5679
1839 44
1839 1179
1839 1222
1839 2078
1839 2268
1839 3488
1841 290
1841 571
1841 670
1841 681
1841 1695
1841 2053
1841 2602
1841 2671
1841 2687
1841 3708
1841 5034
1846 66
1846 943
1846 1047
1846 1104
1846 2168
1846 2744
1846 3236
1846 5577
1846 5578
1846 5597
1846 5747
1848 1357
1848 1761
1848 2205
1848 4792
1848 4961
1848 5560
1854 766
1854 2166
1856 670
1856 767
1856 1020
1856 1473
1856 1920
1856 3027
1856 3054
1856 3206
1856 3219
1856 3503
1856 3596
1856 4096
1857 1995
1857 2582
1857 2720
1857 3850
1861 2893
1861 4008
1861 4619
1868 1744
1868 2240
1868 3167
1868 3825
1878 286
1878 1704
1878 2564
1878 3696
1878 4268
1887 3220
1887 4409
1892 2056
1892 2159
1892 4629
1897 1682
1897 2504
1900 382
1900 823
1900 2534
1900 3048
1900 5427
1900 5551
1914 163
1914 894
1914 1690
1914 4588
1920 670
1920 1020
1920 1049
1920 1076
1920 1750
1920 1856
1920 3206
1920 3596
1920 3777
1920 4096
1930 1243
1930 1244
1930 1481
1930 1963
1930 2066
1930 3230
1930 4956
1930 5208
1930 5449
1931 224
1931 1241
1931 3550
1931 3800
1931 4020
1931 4021
1931 4708
1933 548
1933 1628
1933 2218
1933 2402
1933 3064
1933 5328
1945 728
1945 2051
1945 3243
1945 4065
1945 5133
1949 2181
1949 2348
1949 2676
1949 3482
1949 4457
1949 4820
1953 1241
1953 2403
1962 570
1962 573
1962 3408
1962 3488
1962 4154
1962 5073
1963 1243
1963 1244
1963 1481
1963 1930
1963 2066
1963 3230
1963 4956
1963 5208
1963 5449
1968 226
1968 4326
1968 5192
1968 5712
1970 276
1970 555
1970 866
1970 913
1970 1081
1970 1500
1970 2167
1970 2643
1970 3095
1970 3474
1970 3970
1970 4082
1970 4724
1976 2196
1976 3156
1976 4485
1976 5443
1978 142
1978 341
1978 2616
1978 4330
1978 5488
1980 946
1980 1219
1980 1278
1980 2683
1988 64
1988 1286
1988 3734
1988 4124
1988 4460
1988 4870
1989 484
1989 620
1989 2261
1989 3047
1989 3469
1989 4900
1990 546
1990 1263
1990 3233
1990 3403
1995 1857
1995 2582
1995 2720
1995 3850
1996 1432
1996 2016
1996 4437
2004 141
2004 182
2004 916
2004 2633
2004 5227
2007 391
2007 688
2007 2393
2012 968
2012 1683
2012 3783
2012 4515
2016 1432
2016 1996
2016 2460
2016 3488
2016 3696
2016 3775
2016 4437
2016 4556
2017 2637
2017 2975
2017 3703
2017 4558
2018 63
2018 381
2018 852
2018 2097
2020 514
2020 1344
2020 3652
2020 4104
2028 145
2028 643
2028 783
2028 5065
2032 109
2032 638
2032 2070
2032 2498
2032 2568
2032 4388
2032 4597
2032 4652
2032 5075
2032 5660
2033 624
2033 940
2033 953
2033 2826
2033 3054
2033 3380
2033 3503
2033 3596
2033 3610
2033 4094
2033 4845
2033 5070
2033 5274
2033 5401
2033 5447
2036 587
2036 1350
2036 2858
2036 4059
2041 304
2041 779
2041 1254
2041 1261
2041 4239
2041 4394
2041 4754
2041 5031
2041 5512
2051 3
2051 545
2051 728
2051 1357
2051 1945
2051 2066
2051 2343
2051 3033
2051 3243
2051 3611
2051 3621
2051 3852
2051 4065
2051 4186
2051 5133
2053 290
2053 670
2053 681
2053 1841
2053 2671
2053 2687
2056 1892
2056 2159
2056 4629
2058 843
2058 1256
2058 1615
2058 1687
2058 2337
2058 2788
2058 3030
2058 3461
2058 3648
2058 4668
2058 5065
2063 664
2063 1114
2063 3861
2063 3970
2063 3986
2064 3273
2064 3440
2064 3508
2064 4815
2064 5437
2066 3
2066 545
2066 632
2066 818
2066 984
2066 1094
2066 1243
2066 1244
2066 1481
2066 1582
2066 1621
2066 1930
2066 1963
2066 2051
2066 2270
2066 2343
2066 3180
2066 3230
2066 3738
2066 4046
2066 4337
2066 4956
2066 5146
2066 5208
2066 5449
2066 5616
2070 109
2070 2032
2070 2498
2070 2568
2070 4388
2070 4597
2073 855
2073 2097
2073 2158
2073 2200
2073 4020
2073 4021
2073 5712
2078 44
2078 1179
2078 1222
2078 1839
2078 2268
2078 3488
2090 500
2090 562
2090 1268
2090 1278
2090 1473
2090 1548
2090 2385
2090 2607
2090 2891
2090 2983
2090 3644
2090 4172
2090 4510
2090 5724
2094 2882
2094 3344
2094 3472
2094 4186
2097 63
2097 381
2097 852
2097 855
2097 2018
2097 2073
2097 2158
2097 2200
2097 4020
2097 4021
2097 5712
2103 606
2103 1465
2105 767
2105 3054
2105 5441
2105 5716
2107 338
2107 2688
2107 3509
2109 759
2109 2911
2109 3839
2109 4032
2109 4211
2109 5687
2109 5754
2117 718
2117 785
2117 911
2117 1452
2117 2281
2117 2320
2117 2903
2117 3245
2117 3950
2117 4249
2117 4816
2117 4961
2120 462
2120 1006
2120 2450
2120 3091
2120 3570
2126 522
2126 1297
2126 1307
2126 1793
2126 2268
2126 3591
2126 3778
2126 4464
2126 5225
2126 5716
2128 975
2128 5134
2129 581
2129 1041
2129 1258
2129 3679
2131 682
2131 1636
2131 3283
2131 3616
2137 920
2137 4657
2141 9
2141 391
2141 2420
2141 2851
2141 3553
2141 3726
2141 3804
2141 4936
2144 104
2144 277
2144 888
2144 1132
2144 1630
2144 2268
2144 2636
2144 2796
2144 2812
2144 2840
2144 2898
2144 4284
2144 4880
2149 2910
2149 3684
2149 3754
2151 655
2151 1258
2151 3410
2151 4031
2153 1060
2153 1687
2153 3961
2153 4556
2153 5005
2153 5464
2155 114
2155 2230
2155 2855
2155 3036
2155 3100
2155 4154
2155 4237
2155 5010
2155 5162
2155 5212
2155 5248
2155 5324
2155 5742
2157 1550
2157 2722
2157 4354
2157 5653
2158 2073
2158 2097
2158 2200
2158 4020
2159 1892
2159 2056
2159 4629
2165 564
2165 5764
2166 766
2166 1854
2167 276
2167 913
2167 1081
2167 1500
2167 1970
2167 3970
2168 66
2168 1104
2168 1846
2168 3236
2171 1222
2171 1496
2171 2732
2171 3600
2171 4345
2171 4531
2171 5237
2171 5539
2176 2854
2176 3093
2176 4664
2179 995
2179 3739
2180 3244
2180 3843
2180 4756
2180 5100
2181 1949
2181 2348
2181 2676
2181 3482
2181 4457
2181 4820
2182 3054
2182 3503
2182 4194
2182 4404
2182 5668
2191 53
2191 2566
2191 4821
2191 5766
2192 247
2192 1438
2192 3592
2192 3928
2192 4568
2192 4894
2193 204
2193 2258
2193 4653
2193 5082
2193 5468
2193 5496
2196 1976
2196 3156
2196 4485
2196 5443
2197 1589
2197 4690
2199 931
2199 1120
2199 1452
2199 1569
2200 939
2200 2073
2200 2097
2200 2158
2200 2380
2200 4020
2200 4253
2200 5613
2205 1357
2205 1761
2205 1848
2205 4792
2205 4961
2205 5560
2215 1293
2215 4271
2215 5524
2217 4595
2217 5367
2218 548
2218 616
2218 1431
2218 1488
2218 1628
2218 1933
2218 2402
2218 3064
2218 3495
2218 5208
2218 5328
2228 709
2228 833
2228 1304
2228 4955
2229 1363
2229 2290
2229 2648
2229 5713
2230 2155
2230 3100
2230 4154
2230 4237
2230 5010
2230 5162
2230 5212
2230 5248
2230 5742
2231 781
2231 1262
2231 1477
2231 3255
2231 4132
2231 4485
2231 5635
2232 2326
2232 3388
2232 5157
2232 5198
2235 16
2235 1702
2235 4503
2239 404
2239 962
2239 2926
2239 4521
2240 1744
2240 1868
2240 3167
2240 3825
2242 639
2242 2606
2242 2637
2242 2745
2242 4391
2244 415
2244 492
2244 935
2244 1196
2244 3151
2244 5559
2245 236
2245 1168
2245 4682
2245 4722
2247 545
2247 1769
2247 3948
2247 4412
2249 1117
2249 1306
2249 2374
2249 5342
2249 5541
2249 5659
2258 204
2258 2193
2258 4653
2258 5082
2258 5468
2258 5496
2260 2823
2260 2898
2260 2919
2260 3222
2260 3358
2261 484
2261 620
2261 1989
2261 3047
2261 3469
2261 4900
2264 588
2264 3055
2264 3465
2264 4252
2264 4571
2264 4841
2264 5719
2266 1770
2266 2268
2266 5020
2268 44
2268 522
2268 1179
2268 1222
2268 1770
2268 1793
2268 1839
2268 2078
2268 2126
2268 2144
2268 2266
2268 2636
2268 2796
2268 2812
2268 2840
2268 3488
2268 3591
2268 3778
2268 4284
2268 4464
2268 4880
2268 5020
2270 984
2270 1094
2270 1582
2270 1621
2270 2066
2270 3180
2270 5146
2275 2401
2275 3718
2280 444
2280 1591
2280 3608
2281 660
2281 718
2281 2117
2281 2892
2281 3245
2281 3392
2281 3950
2281 4249
2281 4961
2281 5232
2281 5601
2288 2822
2288 3572
2288 5225
2288 5342
2289 860
2289 4495
2290 1363
2290 2229
2290 2648
2290 5713
2295 1655
2295 4176
2295 4222
2305 3246
2305 3610
2305 3777
2305 4152
2305 4462
2305 4721
2305 4736
2319 3707
2320 2117
2320 4816
2321 200
2321 281
2321 1336
2321 1435
2321 3053
2321 3188
2321 4549
2321 4814
2321 5740
2326 2232
2326 5157
2331 661
2331 1717
2331 3499
2331 3587
2331 4806
2331 5128
2334 831
2334 3037
2334 3185
2334 3286
2334 3795
2337 843
2337 1256
2337 1615
2337 1687
2337 2058
2337 2788
2337 3030
2337 3461
2337 3648
2337 4668
2337 5065
2342 634
2342 2344
2343 3
2343 545
2343 2051
2343 2066
2344 634
2344 2342
2348 1949
2348 2181
2348 2676
2348 3482
2348 4457
2348 4820
2374 1117
2374 1257
2374 1306
2374 2249
2374 5342
2374 5541
2374 5650
2374 5659
2377 13
2377 3298
2377 3414
2377 4654
2377 4719
2380 939
2380 2200
2380 4253
2380 5613
2385 500
2385 562
2385 2090
2385 4510
2390 775
2390 1662
2390 3128
2390 5708
2393 391
2393 688
2393 2007
2395 569
2395 1023
2395 1301
2395 1526
2395 2747
2395 3950
2395 4249
2395 4870
2395 5542
2401 2275
2401 3718
2402 548
2402 1628
2402 1933
2402 2218
2402 3064
2402 5328
2403 1241
2403 1953
2414 819
2414 1439
2414 1444
2414 1625
2414 3290
2414 3766
2414 3966
2414 4030
2414 4718
2414 4749
2414 5144
2420 2141
2420 3804
2424 1507
2424 1691
2424 3115
2424 4003
2424 4813
2424 5139
2428 1758
2428 3510
2428 4527
2428 4532
2428 5743
2430 878
2430 4937
2431 1738
2431 3494
2431 4160
2435 19
2435 69
2435 228
2435 612
2435 931
2435 2598
2435 2721
2435 3098
2435 3155
2435 4318
2435 5122
2441 542
2441 1161
2441 3429
2441 3447
2441 3950
2441 4218
2444 235
2444 3072
2447 1270
2447 3799
2450 462
2450 1006
2450 2120
2450 3091
2450 3570
2457 750
2457 1075
2457 1341
2457 2663
2457 3827
2458 20
2458 141
2458 941
2458 4024
2458 4377
2458 4822
2458 4939
2460 2016
2460 3488
2460 3696
2460 3775
2460 4556
2462 217
2462 972
2462 3238
2462 3777
2462 4113
2462 5064
2462 5493
2494 1828
2494 2520
2494 2886
2494 3581
2494 3755
2494 3985
2494 4093
2494 5421
2494 5679
2498 109
2498 2032
2498 2070
2498 2568
2498 4388
2498 4597
2504 1682
2504 1897
2505 504
2505 702
2505 761
2505 1704
2505 4367
2505 5109
2509 1776
2509 2567
2509 2964
2509 3184
2520 1828
2520 2494
2520 2886
2520 3581
2520 3755
2520 3985
2520 4093
2520 5421
2520 5679
2521 729
2521 1261
2521 2540
2521 2855
2521 3036
2521 3661
2533 640
2533 707
2533 1702
2533 4961
2534 382
2534 823
2534 1900
2534 3048
2534 5427
2534 5551
2540 729
2540 1261
2540 1274
2540 2521
2540 2855
2540 3036
2540 3661
2540 4659
2540 5324
2542 230
2542 820
2542 3374
2542 3834
2545 472
2545 714
2545 2976
2545 3227
2545 4272
2545 4408
2545 4874
2545 5069
2545 5312
2564 286
2564 1704
2564 1878
2564 3696
2564 4268
2565 258
2565 3426
2565 3589
2565 4510
2565 4946
2565 5027
2566 53
2566 2191
2566 4821
2566 5766
2567 1776
2567 2509
2567 2964
2567 3184
2568 109
2568 2032
2568 2070
2568 2498
2568 4388
2568 4597
2571 4217
2571 4848
2578 1666
2578 2580
2578 4541
2578 4794
2580 1666
2580 2578
2580 4541
2580 4794
2582 1857
2582 1995
2582 2720
2582 3850
2597 666
2597 2805
2597 4543
2597 5342
2598 19
2598 69
2598 228
2598 612
2598 931
2598 2435
2598 2721
2598 3155
2598 5122
2602 571
2602 1695
2602 1841
2602 3708
2602 5034
2606 207
2606 639
2606 1290
2606 1576
2606 2242
2606 2637
2606 2745
2606 3153
2606 3350
2606 3592
2606 4391
2606 4407
2607 1278
2607 1473
2607 2090
2607 2891
2607 3644
2607 5724
2609 77
2609 630
2609 3034
2609 3260
2609 4818
2609 5026
2615 1532
2615 2691
2615 3182
2615 3496
2615 3673
2616 142
2616 341
2616 1978
2616 4330
2616 5488
2618 2754
2618 5647
2623 5422
2623 5656
2628 9
2628 3275
2628 4510
2628 5217
2629 705
2629 3610
2629 3777
2629 4092
2629 4123
2630 737
2630 1550
2630 3590
2630 3688
2631 1008
2631 3652
2631 5531
2633 141
2633 182
2633 916
2633 2004
2633 5227
2636 2144
2636 2268
2636 2796
2636 2812
2636 2840
2636 4284
2636 4880
2637 639
2637 2017
2637 2242
2637 2606
2637 2745
2637 2975
2637 3703
2637 4391
2637 4558
2639 3323
2639 3506
2639 5699
2639 5705
2643 191
2643 555
2643 866
2643 1357
2643 1488
2643 1970
2643 3095
2643 3474
2643 4082
2643 4724
2643 4752
2648 1363
2648 2229
2648 2290
2648 5713
2653 847
2653 1750
2653 3777
2654 276
2654 1054
2658 642
2658 1452
2658 1515
2658 3409
2658 3648
2658 5558
2659 79
2659 2794
2663 750
2663 1075
2663 1341
2663 2457
2663 3827
2671 290
2671 670
2671 681
2671 1841
2671 2053
2671 2687
2676 1305
2676 1949
2676 2181
2676 2348
2676 3482
2676 4457
2676 4820
2676 5134
2676 5203
2683 946
2683 1219
2683 1278
2683 1807
2683 1980
2683 5233
2683 5529
2686 730
2686 3777
2687 290
2687 670
2687 681
2687 1841
2687 2053
2687 2671
2688 338
2688 2107
2688 3509
2691 2615
2691 3673
2697 449
2697 1715
2697 3911
2697 5134
2699 1015
2699 1686
2707 1251
2707 1566
2707 2922
2707 4012
2707 4390
2707 5434
2707 5523
2709 947
2709 1337
2709 3589
2709 5092
2712 106
2712 264
2713 1328
2713 1450
2713 2866
2713 3717
2720 1857
2720 1995
2720 2582
2720 3850
2721 19
2721 69
2721 228
2721 612
2721 931
2721 2435
2721 2598
2721 3155
2721 5122
2722 1550
2722 2157
2722 4354
2722 5653
2723 90
2723 2852
2723 3458
2723 3639
2723 3752
2723 5238
2726 3291
2726 4816
2732 1222
2732 1496
2732 2171
2732 3600
2732 4345
2732 4531
2732 5237
2732 5539
2736 748
2736 937
2736 1353
2744 943
2744 1047
2744 1846
2744 5747
2745 639
2745 2242
2745 2606
2745 2637
2745 3302
2745 3558
2747 569
2747 2395
2747 3950
2747 4249
2747 4870
2754 2618
2754 5647
2759 886
2759 3496
2760 5624
2762 569
2762 1337
2762 1673
2762 2807
2788 843
2788 1256
2788 1615
2788 1687
2788 2058
2788 2337
2788 3030
2788 3461
2788 3648
2788 4668
2788 5065
2792 473
2792 712
2792 1072
2792 3927
2792 4967
2794 79
2794 2659
2796 2144
2796 2268
2796 2636
2796 2812
2796 2840
2796 4284
2796 4880
2805 666
2805 2597
2805 4543
2805 5342
2807 569
2807 1337
2807 1673
2807 2762
2812 2144
2812 2268
2812 2636
2812 2796
2812 2840
2812 4284
2812 4880
2814 313
2814 409
2814 1640
2814 4285
2822 2288
2822 3572
2822 5225
2822 5342
2823 2260
2823 2898
2823 2919
2823 3222
2823 3358
2826 209
2826 617
2826 624
2826 1338
2826 1563
2826 2033
2826 3054
2826 3474
2826 3503
2826 3596
2826 3610
2826 3648
2826 4961
2826 5070
2826 5196
2826 5447
2833 211
2833 593
2833 640
2833 5498
2840 2144
2840 2268
2840 2636
2840 2796
2840 2812
2840 4284
2840 4880
2851 9
2851 391
2851 2141
2851 3553
2851 3726
2851 4936
2852 90
2852 2723
2852 3458
2852 3639
2852 3752
2852 5238
2854 2176
2854 3093
2854 4664
2855 114
2855 729
2855 1261
2855 1274
2855 2155
2855 2521
2855 2540
2855 3036
2855 3661
2855 4659
2855 5324
2858 222
2858 587
2858 1350
2858 2036
2858 4059
2858 4186
2858 4713
2858 5133
2866 1328
2866 1450
2866 2713
2866 3717
2868 749
2868 925
2868 3288
2868 4691
2868 4707
2868 5531
2870 1307
2870 5258
2882 2094
2882 3344
2882 3472
2882 4186
2886 1828
2886 2494
2886 2520
2886 3581
2886 3755
2886 3985
2886 4093
2886 5421
2886 5679
2890 434
2890 542
2890 3614
2890 5733
2891 1278
2891 1473
2891 2090
2891 2607
2891 3644
2891 5724
2892 660
2892 2281
2892 3392
2892 3950
2892 5232
2892 5601
2893 1861
2893 4008
2893 4619
2894 100
2894 262
2894 4911
2894 5168
2898 3
2898 104
2898 202
2898 277
2898 888
2898 1132
2898 1630
2898 2144
2898 2260
2898 2823
2898 2919
2898 3222
2898 3358
2898 4865
2898 4965
2899 3850
2899 4459
2899 4633
2899 5737
2903 785
2903 911
2903 1452
2903 2117
2904 881
2904 983
2904 3705
2908 252
2908 3735
2908 4965
2908 5666
2910 2149
2910 3684
2910 3754
2911 759
2911 2109
2911 3839
2911 4032
2911 4211
2911 5687
2911 5754
2914 653
2914 841
2914 1004
2914 1446
2914 3416
2914 3641
2914 4108
2914 5170
2916 75
2916 541
2916 1246
2916 3678
2919 2260
2919 2823
2919 2898
2919 3222
2919 3358
2922 1251
2922 1566
2922 2707
2922 4012
2922 4390
2924 127
2924 168
2924 3430
2924 4901
2924 5695
2926 404
2926 962
2926 2239
2926 4521
2934 562
2934 567
2934 616
2934 671
2934 720
2934 3079
2934 4720
2934 5133
2943 527
2943 1184
2943 1494
2943 3032
2943 3632
2947 631
2947 1218
2949 3130
2949 3569
2949 5285
2949 5657
2955 4436
2955 4861
2955 5204
2955 5493
2958 707
2958 1047
2958 2959
2958 3982
2959 707
2959 1047
2959 2958
2959 3982
2964 1776
2964 2509
2964 2567
2964 3184
2975 2017
2975 2637
2975 3703
2975 4558
2976 472
2976 714
2976 2545
2976 3227
2976 4272
2976 4408
2976 4874
2976 5069
2976 5312
2983 1268
2983 1548
2983 2090
2983 4172
2984 907
2984 4207
2998 237
2998 531
2998 597
2998 1739
2998 3147
2998 3408
3000 876
3000 3001
3000 4896
3000 5138
3001 876
3001 3000
3001 4896
3001 5138
3005 119
3005 1446
3005 5321
3018 267
3018 657
3018 5251
3018 5342
3027 204
3027 767
3027 1047
3027 1473
3027 1783
3027 1797
3027 1856
3027 3054
3027 3219
3027 3503
3027 3663
3027 5136
3030 843
3030 1256
3030 1615
3030 1687
3030 2058
3030 2337
3030 2788
3030 3461
3030 3648
3030 4668
3030 5065
3032 216
3032 407
3032 527
3032 1184
3032 1494
3032 2943
3032 3632
3032 5195
3032 5431
3033 1357
3033 2051
3033 3507
3033 3611
3033 3621
3033 3852
3033 4186
3033 5557
3034 77
3034 630
3034 2609
3034 3260
3034 4818
3034 5026
3036 114
3036 729
3036 1261
3036 2155
3036 2521
3036 2540
3036 2855
3036 3661
3036 5324
3037 831
3037 2334
3037 3185
3037 3286
3037 3795
3047 484
3047 620
3047 1989
3047 2261
3047 3469
3047 4900
3048 382
3048 823
3048 1900
3048 2534
3048 5427
3048 5551
3053 200
3053 281
3053 1336
3053 1435
3053 2321
3053 3188
3053 4549
3053 4814
3053 5740
3054 624
3054 767
3054 1473
3054 1856
3054 2033
3054 2105
3054 2182
3054 2826
3054 3027
3054 3219
3054 3503
3054 3596
3054 4194
3054 4404
3054 5441
3054 5447
3054 5668
3054 5716
3055 588
3055 863
3055 2264
3055 3465
3055 4035
3055 4252
3055 4273
3055 4571
3055 4841
3055 4849
3055 4868
3055 5719
3064 548
3064 1628
3064 1933
3064 2218
3064 2402
3064 5328
3067 4023
3067 4328
3067 5059
3072 235
3072 2444
3079 562
3079 567
3079 616
3079 671
3079 720
3079 2934
3079 4720
3079 5133
3091 462
3091 1006
3091 2120
3091 2450
3091 3570
3093 2176
3093 2854
3093 4664
3094 269
3094 1059
3094 3119
3094 5438
3095 555
3095 866
3095 1713
3095 1970
3095 2643
3095 3474
3095 3952
3095 4065
3095 4082
3095 4724
3095 4947
3098 2435
3098 4318
3100 2155
3100 2230
3100 4154
3100 4237
3100 5010
3100 5162
3100 5212
3100 5248
3100 5742
3101 205
3101 694
3101 4707
3101 5623
3115 1507
3115 1691
3115 2424
3115 4003
3115 4813
3115 5139
3119 269
3119 1059
3119 3094
3119 5438
3122 1294
3122 1397
3122 1499
3122 5215
3128 775
3128 1662
3128 2390
3128 5708
3130 2949
3130 3569
3130 5285
3130 5657
3137 580
3137 914
3137 3553
3137 4249
3137 5223
3147 237
3147 531
3147 597
3147 1739
3147 2998
3147 3408
3151 415
3151 492
3151 935
3151 1196
3151 2244
3151 5559
3153 207
3153 1290
3153 1576
3153 2606
3155 19
3155 69
3155 228
3155 612
3155 931
3155 2435
3155 2598
3155 2721
3155 5122
3156 1976
3156 2196
3156 4485
3156 5443
3167 1744
3167 1868
3167 2240
3167 3825
3176 1023
3176 3226
3176 4550
3176 4912
3180 1582
3180 1621
3180 2066
3180 2270
3181 273
3181 1772
3181 3219
3181 4707
3181 5125
3182 2615
3182 3496
3184 1776
3184 2509
3184 2567
3184 2964
3185 831
3185 2334
3185 3037
3185 3286
3185 3795
3188 200
3188 281
3188 1336
3188 1435
3188 2321
3188 3053
3188 4549
3188 4814
3188 5740
3189 1045
3189 1535
3189 1709
3189 4302
3190 1452
3190 4782
3190 5242
3190 5485
3193 267
3193 689
3193 1216
3193 1284
3193 1722
3193 5092
3193 5140
3198 396
3198 1252
3198 3827
3198 5342
3199 571
3199 3610
3199 5225
3206 670
3206 1020
3206 1856
3206 1920
3206 3596
3206 4096
3208 233
3208 972
3208 999
3208 3399
3213 156
3213 758
3213 1234
3213 1347
3213 1553
3219 273
3219 767
3219 1246
3219 1473
3219 1515
3219 1772
3219 1856
3219 3027
3219 3054
3219 3181
3219 3503
3219 3836
3219 4707
3219 5125
3219 5169
3219 5558
3220 1887
3220 4409
3222 2260
3222 2823
3222 2898
3222 2919
3222 3358
3224 4081
3224 4184
3224 4750
3224 4981
3224 5049
3226 1023
3226 3176
3226 4550
3226 4912
3227 472
3227 714
3227 2545
3227 2976
3227 4272
3227 4408
3227 4874
3227 5069
3227 5312
3230 1243
3230 1244
3230 1481
3230 1930
3230 1963
3230 2066
3230 4956
3230 5208
3230 5449
3233 546
3233 1263
3233 1990
3233 3403
3236 66
3236 1104
3236 1846
3236 2168
3238 217
3238 2462
3238 5064
3242 716
3242 982
3242 4620
3242 5347
3243 728
3243 1945
3243 2051
3243 4065
3243 5133
3244 2180
3244 3729
3244 3843
3244 4756
3244 5100
3244 5316
3245 718
3245 2117
3245 2281
3245 3950
3245 4249
3245 4961
3246 2305
3246 3610
3246 3777
3246 4152
3246 4462
3246 4721
3246 4736
3255 781
3255 1262
3255 1477
3255 2231
3255 4132
3255 4485
3255 5635
3260 77
3260 630
3260 2609
3260 3034
3260 4818
3260 5026
3262 136
3262 1140
3262 4983
3269 4458
3269 5420
3270 1234
3270 4113
3270 4772
3270 4899
3273 2064
3273 3440
3273 3508
3273 4815
3273 5437
3274 3548
3274 3665
3274 3787
3274 4647
3274 4764
3275 9
3275 687
3275 2628
3275 4510
3275 4727
3275 5217
3283 682
3283 1636
3283 2131
3283 3616
3286 831
3286 2334
3286 3037
3286 3185
3286 3795
3288 749
3288 925
3288 2868
3288 4691
3288 4707
3288 5531
3290 819
3290 1439
3290 1444
3290 2414
3290 3766
3290 3966
3290 4030
3290 4718
3290 4749
3291 1792
3291 2726
3291 4816
3298 13
3298 2377
3298 3414
3298 4654
3298 4719
3302 2745
3302 3558
3305 427
3305 5134
3316 1022
3316 5467
3320 1706
3320 4473
3323 2639
3323 3506
3323 5699
3323 5705
3338 78
3338 356
3338 858
3338 3442
3344 2094
3344 2882
3344 3472
3344 4186
3350 639
3350 2606
3350 3592
3350 4407
3352 3434
3352 5606
3358 2260
3358 2823
3358 2898
3358 2919
3358 3222
3373 1123
3373 5195
3374 230
3374 820
3374 2542
3374 3834
3380 940
3380 953
3380 2033
3380 4094
3380 4845
3380 5274
3380 5401
3388 2232
3388 5198
3392 660
3392 2281
3392 2892
3392 3950
3392 5232
3392 5601
3399 233
3399 972
3399 999
3399 3208
3403 546
3403 1263
3403 1990
3403 3233
3408 237
3408 531
3408 570
3408 573
3408 597
3408 1739
3408 1962
3408 2998
3408 3147
3408 3488
3408 4154
3408 5073
3409 642
3409 1452
3409 1515
3409 2658
3409 3648
3409 5558
3410 655
3410 1258
3410 2151
3410 4031
3414 13
3414 2377
3414 3298
3414 4654
3414 4719
3416 653
3416 841
3416 1004
3416 1446
3416 2914
3416 3641
3416 4108
3416 5170
3426 258
3426 2565
3426 3589
3426 4510
3426 4946
3426 5027
3429 542
3429 1161
3429 2441
3429 3447
3429 3950
3429 4218
3430 127
3430 168
3430 2924
3430 4901
3430 5695
3432 1619
3432 3872
3432 4823
3432 5160
3434 3352
3434 5606
3440 2064
3440 3273
3440 3508
3440 4815
3440 5437
3442 78
3442 356
3442 858
3442 3338
3447 542
3447 1161
3447 2441
3447 3429
3447 3950
3447 4218
3449 1569
3449 3626
3449 4891
3449 5644
3458 90
3458 2723
3458 2852
3458 3639
3458 3752
3458 5238
3459 656
3459 4632
3460 1663
3460 4041
3461 843
3461 1256
3461 1615
3461 1687
3461 2058
3461 2337
3461 2788
3461 3030
3461 3648
3461 4668
3461 5065
3465 588
3465 863
3465 2264
3465 3055
3465 4035
3465 4252
3465 4273
3465 4571
3465 4841
3465 4849
3465 4868
3465 5719
3469 484
3469 620
3469 1989
3469 2261
3469 3047
3469 4900
3472 2094
3472 2882
3472 3344
3472 4186
3474 209
3474 555
3474 617
3474 866
3474 1338
3474 1563
3474 1970
3474 2643
3474 2826
3474 3095
3474 3648
3474 4082
3474 4724
3474 4961
3474 5196
3482 1949
3482 2181
3482 2348
3482 2676
3482 4457
3482 4820
3483 312
3483 1365
3483 3670
3483 3975
3484 758
3484 3637
3484 4037
3486 692
3486 5569
3488 44
3488 570
3488 573
3488 1179
3488 1222
3488 1839
3488 1962
3488 2016
3488 2078
3488 2268
3488 2460
3488 3408
3488 3696
3488 3775
3488 4154
3488 4556
3488 5073
3494 1738
3494 2431
3494 4160
3495 616
3495 1431
3495 1488
3495 2218
3495 5208
3496 789
3496 886
3496 1532
3496 2615
3496 2759
3496 3182
3496 4283
3499 661
3499 826
3499 895
3499 1618
3499 1717
3499 2331
3499 3587
3499 3614
3499 3769
3499 4806
3499 5128
3499 5343
3499 5368
3499 5371
3503 624
3503 767
3503 1473
3503 1856
3503 2033
3503 2182
3503 2826
3503 3027
3503 3054
3503 3219
3503 3596
3503 3610
3503 4194
3503 4404
3503 5070
3503 5447
3503 5668
3504 632
3504 1667
3504 3686
3504 5259
3506 2639
3506 3323
3506 5699
3506 5705
3507 1357
3507 3033
3507 4186
3507 5557
3508 2064
3508 3273
3508 3440
3508 4815
3508 5437
3509 338
3509 2107
3509 2688
3510 1758
3510 2428
3510 4527
3510 4532
3510 5743
3548 3274
3548 3665
3548 3787
3548 4647
3548 4764
3550 224
3550 1241
3550 1931
3550 3800
3550 4020
3550 4021
3550 4708
3553 9
3553 391
3553 580
3553 914
3553 1520
3553 2141
3553 2851
3553 3137
3553 3726
3553 4249
3553 4936
3553 5006
3553 5223
3558 2745
3558 3302
3567 205
3567 694
3567 3870
3569 2949
3569 3130
3569 5285
3569 5657
3570 462
3570 1006
3570 2120
3570 2450
3570 3091
3571 361
3571 1085
3572 2288
3572 2822
3572 5225
3572 5342
3576 519
3576 1515
3576 5485
3581 1828
3581 2494
3581 2520
3581 2886
3581 3755
3581 3985
3581 4093
3581 5421
3581 5679
3583 905
3583 1236
3583 4414
3583 5467
3587 661
3587 1717
3587 2331
3587 3499
3587 4806
3587 5128
3589 258
3589 947
3589 1337
3589 2565
3589 2709
3589 3426
3589 4510
3589 4946
3589 5027
3589 5092
3590 737
3590 1550
3590 2630
3590 3688
3591 522
3591 1793
3591 2126
3591 2268
3591 3778
3591 4464
3592 247
3592 639
3592 1438
3592 2192
3592 2606
3592 3350
3592 3928
3592 4407
3592 4568
3592 4894
3596 624
3596 670
3596 1020
3596 1856
3596 1920
3596 2033
3596 2826
3596 3054
3596 3206
3596 3503
3596 4096
3596 5447
3600 1222
3600 1496
3600 2171
3600 2732
3600 4345
3600 4531
3600 5237
3600 5539
3604 672
3604 3621
3604 4470
3604 5230
3608 444
3608 1591
3608 2280
3609 891
3609 5528
3610 571
3610 705
3610 2033
3610 2305
3610 2629
3610 2826
3610 3199
3610 3246
3610 3503
3610 3777
3610 4092
3610 4123
3610 4152
3610 4462
3610 4721
3610 4736
3610 5070
3610 5225
3610 5447
3611 1357
3611 2051
3611 3033
3611 3621
3611 3852
3611 4186
3614 434
3614 542
3614 826
3614 895
3614 1618
3614 2890
3614 3499
3614 3769
3614 5343
3614 5368
3614 5371
3614 5733
3616 682
3616 1636
3616 2131
3616 3283
3617 825
3617 5130
3617 5383
3621 146
3621 189
3621 427
3621 672
3621 833
3621 1114
3621 1357
3621 1633
3621 2051
3621 3033
3621 3604
3621 3611
3621 3748
3621 3852
3621 4186
3621 4470
3621 4738
3621 5134
3621 5230
3626 1569
3626 3449
3626 4891
3626 5644
3630 436
3630 609
3630 4712
3630 5433
3632 527
3632 1184
3632 1494
3632 2943
3632 3032
3637 758
3637 3484
3637 4037
3638 275
3638 1298
3638 1643
3638 1649
3638 4748
3638 5303
3639 90
3639 2723
3639 2852
3639 3458
3639 3752
3639 5238
3641 653
3641 841
3641 1004
3641 1446
3641 2914
3641 3416
3641 4108
3641 5170
3643 1326
3643 1767
3643 4163
3643 4432
3644 1278
3644 1473
3644 2090
3644 2607
3644 2891
3644 5724
3648 209
3648 617
3648 642
3648 843
3648 1256
3648 1338
3648 1452
3648 1515
3648 1563
3648 1615
3648 1687
3648 2058
3648 2337
3648 2658
3648 2788
3648 2826
3648 3030
3648 3409
3648 3461
3648 3474
3648 4668
3648 4961
3648 5065
3648 5196
3648 5558
3652 514
3652 1008
3652 1344
3652 2020
3652 2631
3652 4104
3652 5531
3658 624
3658 1246
3658 1348
3658 1755
3658 4833
3658 5614
3658 5650
3661 661
3661 729
3661 1261
3661 1566
3661 2521
3661 2540
3661 2855
3661 3036
3661 4390
3661 5134
3663 767
3663 1797
3663 3027
3663 5136
3665 3274
3665 3548
3665 3787
3665 4647
3665 4764
3670 312
3670 1365
3670 3483
3670 3975
3673 2615
3673 2691
3678 75
3678 541
3678 1246
3678 2916
3679 581
3679 1041
3679 1258
3679 2129
3684 2149
3684 2910
3684 3754
3686 632
3686 1667
3686 3504
3686 5259
3688 737
3688 1550
3688 2630
3688 3590
3696 286
3696 1704
3696 1878
3696 2016
3696 2460
3696 2564
3696 3488
3696 3775
3696 4268
3696 4556
3703 2017
3703 2637
3703 2975
3703 4558
3705 881
3705 983
3705 2904
3707 2319
3708 571
3708 1695
3708 1841
3708 2602
3708 5034
3717 1328
3717 1450
3717 2713
3717 2866
3718 2275
3718 2401
3725 775
3725 1670
3726 9
3726 391
3726 2141
3726 2851
3726 3553
3726 4936
3729 3244
3729 5316
3730 49
3730 3734
3730 3814
3730 4995
3734 49
3734 64
3734 1286
3734 1304
3734 1988
3734 3730
3734 3814
3734 4124
3734 4460
3734 4870
3734 4995
3734 5288
3734 5735
3735 252
3735 2908
3735 4965
3735 5666
3738 632
3738 818
3738 2066
3738 4046
3738 4337
3738 5616
3739 995
3739 2179
3747 692
3747 847
3747 5416
3747 5507
3748 833
3748 1114
3748 3621
3752 90
3752 2723
3752 2852
3752 3458
3752 3639
3752 5238
3754 2149
3754 2910
3754 3684
3755 1828
3755 2494
3755 2520
3755 2886
3755 3581
3755 3985
3755 4093
3755 5421
3755 5679
3766 819
3766 1439
3766 1444
3766 2414
3766 3290
3766 3966
3766 4030
3766 4718
3766 4749
3769 826
3769 895
3769 1618
3769 3499
3769 3614
3769 5343
3769 5368
3769 5371
3775 2016
3775 2460
3775 3488
3775 3696
3775 4556
3777 48
3777 196
3777 705
3777 730
3777 847
3777 972
3777 1049
3777 1076
3777 1334
3777 1750
3777 1920
3777 2305
3777 2462
3777 2629
3777 2653
3777 2686
3777 3246
3777 3610
3777 4092
3777 4113
3777 4123
3777 4152
3777 4462
3777 4721
3777 4736
3777 5493
3778 522
3778 1793
3778 2126
3778 2268
3778 3591
3778 4464
3780 151
3780 3860
3780 3878
3783 968
3783 1683
3783 2012
3783 4515
3787 3274
3787 3548
3787 3665
3787 4647
3787 4764
3795 831
3795 2334
3795 3037
3795 3185
3795 3286
3799 1270
3799 2447
3800 224
3800 1241
3800 1931
3800 3550
3800 4020
3800 4021
3800 4708
3804 2141
3804 2420
3806 175
3806 4295
3806 4649
3813 5339
3814 49
3814 1011
3814 1211
3814 1286
3814 1605
3814 3730
3814 3734
3814 4995
3825 1744
3825 1868
3825 2240
3825 3167
3827 41
3827 396
3827 750
3827 797
3827 1075
3827 1252
3827 1341
3827 2457
3827 2663
3827 3198
3827 4072
3827 5342
3834 230
3834 820
3834 2542
3834 3374
3836 1246
3836 1515
3836 3219
3836 5169
3836 5558
3839 759
3839 2109
3839 2911
3839 4032
3839 4211
3839 5687
3839 5754
3843 2180
3843 3244
3843 4756
3843 5100
3850 1857
3850 1995
3850 2582
3850 2720
3850 2899
3850 4459
3850 4633
3850 5737
3852 926
3852 930
3852 1115
3852 1357
3852 2051
3852 3033
3852 3611
3852 3621
3852 4186
3852 4190
3852 5025
3857 635
3857 1118
3857 4031
3857 4199
3860 151
3860 3780
3860 3878
3861 664
3861 1114
3861 2063
3861 3970
3861 3986
3862 213
3862 1493
3862 1716
3862 4011
3865 265
3865 559
3865 1801
3865 5563
3868 393
3868 1730
3868 4139
3868 5331
3870 205
3870 694
3870 3567
3872 1619
3872 3432
3872 4823
3872 5160
3878 151
3878 3780
3878 3860
3910 622
3910 3969
3911 21
3911 249
3911 449
3911 583
3911 1715
3911 2697
3911 4230
3911 4408
3911 5134
3927 473
3927 712
3927 1072
3927 2792
3927 4967
3928 247
3928 1438
3928 2192
3928 3592
3928 4568
3928 4894
3948 545
3948 1769
3948 2247
3948 4412
3950 542
3950 569
3950 660
3950 718
3950 1161
3950 2117
3950 2281
3950 2395
3950 2441
3950 2747
3950 2892
3950 3245
3950 3392
3950 3429
3950 3447
3950 4218
3950 4249
3950 4870
3950 4961
3950 5232
3950 5601
3952 1713
3952 3095
3952 4065
3952 4947
3961 1060
3961 1687
3961 2153
3961 4556
3961 5005
3961 5464
3966 819
3966 1439
3966 1444
3966 2414
3966 3290
3966 3766
3966 4030
3966 4718
3966 4749
3969 622
3969 3910
3970 276
3970 664
3970 913
3970 1081
3970 1114
3970 1500
3970 1970
3970 2063
3970 2167
3970 3861
3970 3986
3975 312
3975 1365
3975 3483
3975 3670
3982 707
3982 1047
3982 2958
3982 2959
3985 1828
3985 2494
3985 2520
3985 2886
3985 3581
3985 3755
3985 4093
3985 5421
3985 5679
3986 664
3986 1114
3986 2063
3986 3861
3986 3970
4003 1507
4003 1691
4003 2424
4003 3115
4003 4813
4003 5139
4008 1861
4008 2893
4008 4619
4011 213
4011 1493
4011 1716
4011 3862
4012 1251
4012 1566
4012 2707
4012 2922
4012 4390
4020 224
4020 1241
4020 1931
4020 2073
4020 2097
4020 2158
4020 2200
4020 3550
4020 3800
4020 4021
4020 4708
4021 224
4021 855
4021 1241
4021 1931
4021 2073
4021 2097
4021 3550
4021 3800
4021 4020
4021 4708
4021 5712
4023 3067
4023 4328
4023 5059
4024 20
4024 141
4024 941
4024 2458
4024 4939
4025 260
4025 597
4025 1602
4030 819
4030 1439
4030 1444
4030 2414
4030 3290
4030 3766
4030 3966
4030 4718
4030 4749
4031 635
4031 655
4031 1118
4031 1258
4031 2151
4031 3410
4031 3857
4031 4199
4032 759
4032 2109
4032 2911
4032 3839
4032 4211
4032 5687
4032 5754
4035 588
4035 863
4035 3055
4035 3465
4035 4252
4035 4273
4035 4849
4035 4868
4037 110
4037 758
4037 3484
4037 3637
4037 5006
4041 3
4041 545
4041 1663
4041 3460
4041 4822
4041 5488
4046 632
4046 818
4046 2066
4046 3738
4046 4337
4046 5616
4059 587
4059 1350
4059 2036
4059 2858
4065 728
4065 1713
4065 1945
4065 2051
4065 3095
4065 3243
4065 3952
4065 4947
4065 5133
4071 54
4071 300
4071 572
4071 1121
4072 41
4072 797
4072 3827
4081 3224
4081 4184
4081 4750
4081 4981
4081 5049
4082 555
4082 866
4082 1970
4082 2643
4082 3095
4082 3474
4082 4724
4089 877
4089 1302
4092 705
4092 2629
4092 3610
4092 3777
4092 4123
4093 1828
4093 2494
4093 2520
4093 2886
4093 3581
4093 3755
4093 3985
4093 5421
4093 5679
4094 940
4094 953
4094 2033
4094 3380
4094 4845
4094 5274
4094 5401
4096 670
4096 1020
4096 1856
4096 1920
4096 3206
4096 3596
4104 514
4104 1344
4104 2020
4104 3652
4108 653
4108 841
4108 1004
4108 1446
4108 2914
4108 3416
4108 3641
4108 5170
4113 972
4113 1234
4113 2462
4113 3270
4113 3777
4113 4772
4113 4899
4113 5493
4123 705
4123 2629
4123 3610
4123 3777
4123 4092
4124 64
4124 1286
4124 1988
4124 3734
4124 4460
4124 4870
4132 781
4132 1262
4132 1477
4132 2231
4132 3255
4132 4485
4132 5635
4139 393
4139 1730
4139 3868
4139 5331
4152 2305
4152 3246
4152 3610
4152 3777
4152 4462
4152 4721
4152 4736
4154 570
4154 573
4154 1962
4154 2155
4154 2230
4154 3100
4154 3408
4154 3488
4154 4237
4154 5010
4154 5073
4154 5162
4154 5212
4154 5248
4154 5742
4160 1738
4160 2431
4160 3494
4163 1326
4163 1767
4163 3643
4163 4432
4172 215
4172 1268
4172 1279
4172 1548
4172 2090
4172 2983
4172 4679
4176 1655
4176 2295
4176 4222
4184 3224
4184 4081
4184 4750
4184 4981
4184 5049
4186 222
4186 926
4186 930
4186 1115
4186 1357
4186 2051
4186 2094
4186 2858
4186 2882
4186 3033
4186 3344
4186 3472
4186 3507
4186 3611
4186 3621
4186 3852
4186 4190
4186 4713
4186 5025
4186 5133
4186 5557
4190 926
4190 930
4190 1115
4190 1357
4190 3852
4190 4186
4190 5025
4191 4198
4194 2182
4194 3054
4194 3503
4194 4404
4194 5668
4198 4191
4199 635
4199 1118
4199 3857
4199 4031
4204 1011
4204 1605
4204 4870
4207 907
4207 2984
4211 759
4211 2109
4211 2911
4211 3839
4211 4032
4211 5687
4211 5754
4217 2571
4217 4848
4218 542
4218 1161
4218 2441
4218 3429
4218 3447
4218 3950
4222 1655
4222 2295
4222 4176
4230 21
4230 249
4230 583
4230 1093
4230 3911
4230 4355
4230 4408
4230 4480
4230 5652
4233 958
4233 4548
4237 2155
4237 2230
4237 3100
4237 4154
4237 5010
4237 5162
4237 5212
4237 5248
4237 5742
4239 1254
4239 1261
4239 2041
4239 4394
4239 5031
4239 5512
4249 569
4249 580
4249 718
4249 914
4249 1372
4249 1785
4249 2117
4249 2281
4249 2395
4249 2747
4249 3137
4249 3245
4249 3553
4249 3950
4249 4730
4249 4870
4249 4961
4249 5069
4249 5223
4252 588
4252 863
4252 2264
4252 3055
4252 3465
4252 4035
4252 4273
4252 4571
4252 4841
4252 4849
4252 4868
4252 5719
4253 939
4253 2200
4253 2380
4253 5613
4268 286
4268 1704
4268 1878
4268 2564
4268 3696
4271 1293
4271 2215
4271 5524
4272 472
4272 714
4272 2545
4272 2976
4272 3227
4272 4408
4272 4874
4272 5069
4272 5312
4273 588
4273 863
4273 3055
4273 3465
4273 4035
4273 4252
4273 4849
4273 4868
4277 940
4277 1246
4277 5015
4277 5401
4283 789
4283 3496
4284 2144
4284 2268
4284 2636
4284 2796
4284 2812
4284 2840
4284 4880
4285 313
4285 409
4285 1640
4285 2814
4295 175
4295 3806
4295 4649
4302 1045
4302 1535
4302 1709
4302 3189
4318 2435
4318 3098
4326 226
4326 1968
4326 5192
4326 5712
4328 3067
4328 4023
4328 5059
4330 142
4330 341
4330 1978
4330 2616
4330 5488
4337 632
4337 818
4337 2066
4337 3738
4337 4046
4337 5616
4345 1222
4345 1496
4345 2171
4345 2732
4345 3600
4345 4531
4345 5237
4345 5539
4354 1550
4354 2157
4354 2722
4354 5653
4355 1093
4355 4230
4355 4480
4355 5652
4357 847
4357 1119
4357 1234
4357 1755
4367 504
4367 702
4367 761
4367 1704
4367 2505
4367 5109
4377 20
4377 141
4377 2458
4377 4822
4388 109
4388 2032
4388 2070
4388 2498
4388 2568
4388 4597
4390 661
4390 1251
4390 1566
4390 2707
4390 2922
4390 3661
4390 4012
4390 5134
4391 639
4391 2242
4391 2606
4391 2637
4394 1254
4394 1261
4394 2041
4394 4239
4394 5031
4394 5512
4396 5011
4396 5471
4404 2182
4404 3054
4404 3503
4404 4194
4404 5668
4405 743
4405 4601
4405 4963
4405 5216
4407 639
4407 2606
4407 3350
4407 3592
4408 21
4408 249
4408 472
4408 583
4408 714
4408 2545
4408 2976
4408 3227
4408 3911
4408 4230
4408 4272
4408 4874
4408 5069
4408 5312
4409 1887
4409 3220
4412 545
4412 1769
4412 2247
4412 3948
4414 905
4414 1236
4414 3583
4414 5467
4432 1326
4432 1767
4432 3643
4432 4163
4436 2955
4436 4861
4436 5204
4436 5493
4437 1432
4437 1996
4437 2016
4442 1801
4442 5173
4457 1949
4457 2181
4457 2348
4457 2676
4457 3482
4457 4820
4458 3269
4458 5420
4459 2899
4459 3850
4459 4633
4459 5737
4460 64
4460 1286
4460 1988
4460 3734
4460 4124
4460 4870
4462 2305
4462 3246
4462 3610
4462 3777
4462 4152
4462 4721
4462 4736
4464 522
4464 1793
4464 2126
4464 2268
4464 3591
4464 3778
4470 672
4470 3604
4470 3621
4470 5230
4473 1706
4473 3320
4480 1093
4480 4230
4480 4355
4480 5652
4485 781
4485 1262
4485 1477
4485 1976
4485 2196
4485 2231
4485 3156
4485 3255
4485 4132
4485 5443
4485 5635
4490 532
4490 5219
4495 860
4495 893
4495 986
4495 2289
4503 16
4503 1702
4503 2235
4510 9
4510 258
4510 500
4510 562
4510 2090
4510 2385
4510 2565
4510 2628
4510 3275
4510 3426
4510 3589
4510 4946
4510 5027
4510 5217
4515 968
4515 1683
4515 2012
4515 3783
4521 404
4521 962
4521 2239
4521 2926
4525 360
4525 1433
4525 4694
4527 1758
4527 2428
4527 3510
4527 4532
4527 5743
4531 1222
4531 1496
4531 2171
4531 2732
4531 3600
4531 4345
4531 5237
4531 5539
4532 1758
4532 2428
4532 3510
4532 4527
4532 5743
4541 1666
4541 2578
4541 2580
4541 4794
4543 666
4543 2597
4543 2805
4543 5342
4548 958
4548 4233
4549 200
4549 281
4549 1336
4549 1435
4549 2321
4549 3053
4549 3188
4549 4814
4549 5740
4550 1023
4550 3176
4550 3226
4550 4912
4555 1113
4555 1617
4556 1060
4556 1687
4556 2016
4556 2153
4556 2460
4556 3488
4556 3696
4556 3775
4556 3961
4556 5005
4556 5464
4558 2017
4558 2637
4558 2975
4558 3703
4568 247
4568 1438
4568 2192
4568 3592
4568 3928
4568 4894
4571 588
4571 2264
4571 3055
4571 3465
4571 4252
4571 4841
4571 5719
4588 163
4588 894
4588 1690
4588 1914
4595 2217
4595 5367
4597 109
4597 2032
4597 2070
4597 2498
4597 2568
4597 4388
4601 743
4601 4405
4601 4963
4601 5216
4619 1861
4619 2893
4619 4008
4620 716
4620 982
4620 3242
4620 5347
4623 185
4623 508
4623 1053
4623 5376
4629 1892
4629 2056
4629 2159
4632 656
4632 3459
4633 2899
4633 3850
4633 4459
4633 5737
4647 3274
4647 3548
4647 3665
4647 3787
4647 4764
4649 175
4649 3806
4649 4295
4651 256
4651 1681
4651 4827
4651 5342
4652 638
4652 2032
4652 5075
4652 5660
4653 204
4653 2193
4653 2258
4653 5082
4653 5468
4653 5496
4654 13
4654 2377
4654 3298
4654 3414
4654 4719
4657 920
4657 2137
4659 1274
4659 2540
4659 2855
4659 5324
4664 2176
4664 2854
4664 3093
4668 843
4668 1256
4668 1615
4668 1687
4668 2058
4668 2337
4668 2788
4668 3030
4668 3461
4668 3648
4668 5065
4679 215
4679 1279
4679 1548
4679 4172
4682 236
4682 1168
4682 2245
4682 4722
4690 1589
4690 2197
4691 749
4691 925
4691 2868
4691 3288
4691 4707
4691 5531
4694 360
4694 1433
4694 4525
4707 205
4707 273
4707 694
4707 749
4707 925
4707 1772
4707 2868
4707 3101
4707 3181
4707 3219
4707 3288
4707 4691
4707 5125
4707 5531
4707 5623
4708 224
4708 1241
4708 1931
4708 3550
4708 3800
4708 4020
4708 4021
4712 436
4712 609
4712 3630
4712 5433
4713 222
4713 2858
4713 4186
4713 5133
4718 819
4718 1439
4718 1444
4718 2414
4718 3290
4718 3766
4718 3966
4718 4030
4718 4749
4719 13
4719 2377
4719 3298
4719 3414
4719 4654
4720 562
4720 567
4720 616
4720 671
4720 720
4720 2934
4720 3079
4720 5133
4721 2305
4721 3246
4721 3610
4721 3777
4721 4152
4721 4462
4721 4736
4722 236
4722 1168
4722 2245
4722 4682
4724 555
4724 866
4724 1970
4724 2643
4724 3095
4724 3474
4724 4082
4727 687
4727 3275
4730 1372
4730 1785
4730 4249
4730 5069
4736 2305
4736 3246
4736 3610
4736 3777
4736 4152
4736 4462
4736 4721
4738 146
4738 189
4738 427
4738 1633
4738 3621
4738 5134
4748 275
4748 1298
4748 1643
4748 1649
4748 3638
4748 5303
4749 819
4749 1439
4749 1444
4749 2414
4749 3290
4749 3766
4749 3966
4749 4030
4749 4718
4750 3224
4750 4081
4750 4184
4750 4981
4750 5049
4752 191
4752 1357
4752 1488
4752 2643
4754 304
4754 779
4754 2041
4756 2180
4756 3244
4756 3843
4756 5100
4764 3274
4764 3548
4764 3665
4764 3787
4764 4647
4772 1234
4772 3270
4772 4113
4772 4899
4782 1452
4782 3190
4782 5242
4782 5485
4792 1357
4792 1761
4792 1848
4792 2205
4792 4961
4792 5560
4794 1666
4794 2578
4794 2580
4794 4541
4806 661
4806 1717
4806 2331
4806 3499
4806 3587
4806 5128
4813 1507
4813 1691
4813 2424
4813 3115
4813 4003
4813 5139
4814 200
4814 281
4814 1336
4814 1435
4814 2321
4814 3053
4814 3188
4814 4549
4814 5740
4815 2064
4815 3273
4815 3440
4815 3508
4815 5437
4816 1792
4816 2117
4816 2320
4816 2726
4816 3291
4818 77
4818 630
4818 2609
4818 3034
4818 3260
4818 5026
4820 1949
4820 2181
4820 2348
4820 2676
4820 3482
4820 4457
4821 53
4821 2191
4821 2566
4821 5766
4822 3
4822 20
4822 141
4822 545
4822 2458
4822 4041
4822 4377
4822 5488
4823 1619
4823 3432
4823 3872
4823 5160
4827 256
4827 1681
4827 4651
4827 5342
4833 624
4833 1348
4833 3658
4833 5650
4841 588
4841 2264
4841 3055
4841 3465
4841 4252
4841 4571
4841 5719
4845 940
4845 953
4845 2033
4845 3380
4845 4094
4845 5274
4845 5401
4848 2571
4848 4217
4849 588
4849 863
4849 3055
4849 3465
4849 4035
4849 4252
4849 4273
4849 4868
4861 2955
4861 4436
4861 5204
4861 5493
4865 3
4865 202
4865 2898
4865 4965
4868 588
4868 863
4868 3055
4868 3465
4868 4035
4868 4252
4868 4273
4868 4849
4870 64
4870 569
4870 1011
4870 1286
4870 1605
4870 1988
4870 2395
4870 2747
4870 3734
4870 3950
4870 4124
4870 4204
4870 4249
4870 4460
4874 472
4874 714
4874 2545
4874 2976
4874 3227
4874 4272
4874 4408
4874 5069
4874 5312
4880 2144
4880 2268
4880 2636
4880 2796
4880 2812
4880 2840
4880 4284
4891 1569
4891 3449
4891 3626
4891 5644
4892 358
4892 577
4892 623
4892 684
4892 832
4892 1473
4892 5671
4894 247
4894 1438
4894 2192
4894 3592
4894 3928
4894 4568
4896 876
4896 3000
4896 3001
4896 5138
4899 1234
4899 3270
4899 4113
4899 4772
4900 484
4900 620
4900 1989
4900 2261
4900 3047
4900 3469
4901 127
4901 168
4901 2924
4901 3430
4901 5695
4911 100
4911 262
4911 2894
4911 5168
4912 1023
4912 3176
4912 3226
4912 4550
4936 9
4936 391
4936 2141
4936 2851
4936 3553
4936 3726
4937 878
4937 2430
4939 20
4939 141
4939 941
4939 2458
4939 4024
4941 359
4941 1159
4946 258
4946 2565
4946 3426
4946 3589
4946 4510
4946 5027
4947 1713
4947 3095
4947 3952
4947 4065
4955 709
4955 833
4955 1304
4955 2228
4956 1243
4956 1244
4956 1481
4956 1930
4956 1963
4956 2066
4956 3230
4956 5208
4956 5449
4961 209
4961 617
4961 640
4961 707
4961 718
4961 1338
4961 1357
4961 1563
4961 1702
4961 1761
4961 1848
4961 2117
4961 2205
4961 2281
4961 2533
4961 2826
4961 3245
4961 3474
4961 3648
4961 3950
4961 4249
4961 4792
4961 5196
4961 5560
4963 743
4963 4405
4963 4601
4963 5216
4965 3
4965 202
4965 252
4965 2898
4965 2908
4965 3735
4965 4865
4965 5666
4967 473
4967 712
4967 1072
4967 2792
4967 3927
4976 11
4976 81
4976 191
4976 434
4976 1276
4981 3224
4981 4081
4981 4184
4981 4750
4981 5049
4983 136
4983 1140
4983 3262
4984 1055
4984 1058
4995 49
4995 3730
4995 3734
4995 3814
5005 1060
5005 1687
5005 2153
5005 3961
5005 4556
5005 5464
5006 110
5006 1520
5006 3553
5006 4037
5010 2155
5010 2230
5010 3100
5010 4154
5010 4237
5010 5162
5010 5212
5010 5248
5010 5742
5011 4396
5011 5471
5015 940
5015 1246
5015 4277
5015 5401
5020 1770
5020 2266
5020 2268
5025 926
5025 930
5025 1115
5025 1357
5025 3852
5025 4186
5025 4190
5026 77
5026 630
5026 2609
5026 3034
5026 3260
5026 4818
5027 258
5027 2565
5027 3426
5027 3589
5027 4510
5027 4946
5031 1254
5031 1261
5031 2041
5031 4239
5031 4394
5031 5512
5034 571
5034 1695
5034 1841
5034 2602
5034 3708
5049 3224
5049 4081
5049 4184
5049 4750
5049 4981
5059 3067
5059 4023
5059 4328
5064 217
5064 2462
5064 3238
5065 145
5065 643
5065 783
5065 843
5065 1256
5065 1615
5065 1687
5065 2028
5065 2058
5065 2337
5065 2788
5065 3030
5065 3461
5065 3648
5065 4668
5069 472
5069 714
5069 1372
5069 1785
5069 2545
5069 2976
5069 3227
5069 4249
5069 4272
5069 4408
5069 4730
5069 4874
5069 5312
5070 2033
5070 2826
5070 3503
5070 3610
5070 5447
5071 445
5071 923
5071 1155
5071 1448
5071 1463
5073 570
5073 573
5073 1962
5073 3408
5073 3488
5073 4154
5075 638
5075 2032
5075 4652
5075 5660
5082 204
5082 2193
5082 2258
5082 4653
5082 5468
5082 5496
5092 267
5092 689
5092 947
5092 1216
5092 1337
5092 2709
5092 3193
5092 3589
5100 2180
5100 3244
5100 3843
5100 4756
5109 504
5109 702
5109 761
5109 1704
5109 2505
5109 4367
5122 19
5122 69
5122 228
5122 612
5122 931
5122 2435
5122 2598
5122 2721
5122 3155
5125 273
5125 1772
5125 3181
5125 3219
5125 4707
5128 661
5128 1717
5128 2331
5128 3499
5128 3587
5128 4806
5130 825
5130 3617
5130 5383
5133 222
5133 562
5133 567
5133 616
5133 671
5133 720
5133 728
5133 1945
5133 2051
5133 2858
5133 2934
5133 3079
5133 3243
5133 4065
5133 4186
5133 4713
5133 4720
5134 146
5134 189
5134 427
5134 449
5134 661
5134 975
5134 1305
5134 1566
5134 1633
5134 1715
5134 2128
5134 2676
5134 2697
5134 3305
5134 3621
5134 3661
5134 3911
5134 4390
5134 4738
5134 5203
5136 767
5136 1797
5136 3027
5136 3663
5138 876
5138 3000
5138 3001
5138 4896
5139 1507
5139 1691
5139 2424
5139 3115
5139 4003
5139 4813
5140 1216
5140 1284
5140 1722
5140 3193
5143 218
5143 871
5143 1067
5143 1152
5144 1625
5144 2414
5146 984
5146 1094
5146 2066
5146 2270
5157 2232
5157 2326
5160 1619
5160 3432
5160 3872
5160 4823
5162 2155
5162 2230
5162 3100
5162 4154
5162 4237
5162 5010
5162 5212
5162 5248
5162 5742
5168 100
5168 262
5168 2894
5168 4911
5169 1246
5169 1515
5169 3219
5169 3836
5169 5558
5170 653
5170 841
5170 1004
5170 1446
5170 2914
5170 3416
5170 3641
5170 4108
5173 1801
5173 4442
5192 226
5192 1968
5192 4326
5192 5712
5195 216
5195 407
5195 1123
5195 3032
5195 3373
5195 5431
5196 209
5196 617
5196 1338
5196 1563
5196 2826
5196 3474
5196 3648
5196 4961
5198 2232
5198 3388
5203 1305
5203 2676
5203 5134
5204 2955
5204 4436
5204 4861
5204 5493
5208 616
5208 1243
5208 1244
5208 1431
5208 1481
5208 1488
5208 1930
5208 1963
5208 2066
5208 2218
5208 3230
5208 3495
5208 4956
5208 5449
5212 2155
5212 2230
5212 3100
5212 4154
5212 4237
5212 5010
5212 5162
5212 5248
5212 5742
5215 1294
5215 1397
5215 1499
5215 3122
5216 743
5216 4405
5216 4601
5216 4963
5217 9
5217 2628
5217 3275
5217 4510
5219 532
5219 4490
5223 580
5223 914
5223 3137
5223 3553
5223 4249
5225 571
5225 1297
5225 1307
5225 2126
5225 2288
5225 2822
5225 3199
5225 3572
5225 3610
5225 5342
5225 5716
5227 141
5227 182
5227 916
5227 2004
5227 2633
5230 672
5230 3604
5230 3621
5230 4470
5232 660
5232 2281
5232 2892
5232 3392
5232 3950
5232 5601
5233 1807
5233 2683
5233 5529
5237 1222
5237 1496
5237 2171
5237 2732
5237 3600
5237 4345
5237 4531
5237 5539
5238 90
5238 2723
5238 2852
5238 3458
5238 3639
5238 3752
5242 1452
5242 3190
5242 4782
5242 5485
5248 2155
5248 2230
5248 3100
5248 4154
5248 4237
5248 5010
5248 5162
5248 5212
5248 5742
5251 267
5251 657
5251 3018
5251 5342
5258 1307
5258 2870
5259 632
5259 1667
5259 3504
5259 3686
5263 66
5263 943
5263 1047
5263 1725
5263 5359
5272 73
5272 204
5272 1572
5272 5485
5274 940
5274 953
5274 2033
5274 3380
5274 4094
5274 4845
5274 5401
5285 2949
5285 3130
5285 3569
5285 5657
5288 1304
5288 3734
5288 5735
5303 275
5303 1298
5303 1643
5303 1649
5303 3638
5303 4748
5312 472
5312 714
5312 2545
5312 2976
5312 3227
5312 4272
5312 4408
5312 4874
5312 5069
5316 3244
5316 3729
5321 119
5321 1446
5321 3005
5324 114
5324 1274
5324 2155
5324 2540
5324 2855
5324 3036
5324 4659
5328 548
5328 1628
5328 1933
5328 2218
5328 2402
5328 3064
5331 393
5331 1730
5331 3868
5331 4139
5339 3813
5342 256
5342 267
5342 396
5342 657
5342 666
5342 1117
5342 1252
5342 1306
5342 1681
5342 2249
5342 2288
5342 2374
5342 2597
5342 2805
5342 2822
5342 3018
5342 3198
5342 3572
5342 3827
5342 4543
5342 4651
5342 4827
5342 5225
5342 5251
5342 5541
5342 5659
5343 826
5343 895
5343 1618
5343 3499
5343 3614
5343 3769
5343 5368
5343 5371
5347 716
5347 982
5347 3242
5347 4620
5359 66
5359 1725
5359 5263
5367 2217
5367 4595
5368 826
5368 895
5368 1618
5368 3499
5368 3614
5368 3769
5368 5343
5368 5371
5371 826
5371 895
5371 1618
5371 3499
5371 3614
5371 3769
5371 5343
5371 5368
5376 185
5376 508
5376 1053
5376 4623
5383 825
5383 3617
5383 5130
5401 940
5401 953
5401 1246
5401 2033
5401 3380
5401 4094
5401 4277
5401 4845
5401 5015
5401 5274
5416 692
5416 847
5416 3747
5416 5507
5420 3269
5420 4458
5421 1828
5421 2494
5421 2520
5421 2886
5421 3581
5421 3755
5421 3985
5421 4093
5421 5679
5422 2623
5422 5656
5427 382
5427 823
5427 1900
5427 2534
5427 3048
5427 5551
5431 216
5431 407
5431 3032
5431 5195
5432 1443
5432 1791
5433 436
5433 609
5433 3630
5433 4712
5434 2707
5434 5523
5437 2064
5437 3273
5437 3440
5437 3508
5437 4815
5438 269
5438 1059
5438 3094
5438 3119
5441 767
5441 2105
5441 3054
5441 5716
5443 1976
5443 2196
5443 3156
5443 4485
5447 624
5447 2033
5447 2826
5447 3054
5447 3503
5447 3596
5447 3610
5447 5070
5449 1243
5449 1244
5449 1481
5449 1930
5449 1963
5449 2066
5449 3230
5449 4956
5449 5208
5460 211
5460 593
5460 602
5460 810
5460 1734
5464 1060
5464 1687
5464 2153
5464 3961
5464 4556
5464 5005
5467 905
5467 1022
5467 1236
5467 3316
5467 3583
5467 4414
5468 204
5468 2193
5468 2258
5468 4653
5468 5082
5468 5496
5471 4396
5471 5011
5485 73
5485 204
5485 519
5485 1452
5485 1515
5485 1572
5485 3190
5485 3576
5485 4782
5485 5242
5485 5272
5488 3
5488 142
5488 341
5488 545
5488 1978
5488 2616
5488 4041
5488 4330
5488 4822
5493 972
5493 2462
5493 2955
5493 3777
5493 4113
5493 4436
5493 4861
5493 5204
5496 204
5496 2193
5496 2258
5496 4653
5496 5082
5496 5468
5498 211
5498 593
5498 640
5498 2833
5507 692
5507 847
5507 3747
5507 5416
5512 1254
5512 1261
5512 2041
5512 4239
5512 4394
5512 5031
5523 2707
5523 5434
5524 1293
5524 2215
5524 4271
5528 891
5528 3609
5529 1807
5529 2683
5529 5233
5531 749
5531 925
5531 1008
5531 2631
5531 2868
5531 3288
5531 3652
5531 4691
5531 4707
5539 1222
5539 1496
5539 2171
5539 2732
5539 3600
5539 4345
5539 4531
5539 5237
5541 1117
5541 1306
5541 2249
5541 2374
5541 5342
5541 5659
5542 1023
5542 1301
5542 1526
5542 2395
5551 382
5551 823
5551 1900
5551 2534
5551 3048
5551 5427
5557 1357
5557 3033
5557 3507
5557 4186
5558 642
5558 1246
5558 1452
5558 1515
5558 2658
5558 3219
5558 3409
5558 3648
5558 3836
5558 5169
5559 415
5559 492
5559 935
5559 1196
5559 2244
5559 3151
5560 1357
5560 1761
5560 1848
5560 2205
5560 4792
5560 4961
5563 265
5563 559
5563 1801
5563 3865
5569 692
5569 1473
5569 1577
5569 3486
5577 943
5577 1047
5577 1846
5578 943
5578 1047
5578 1846
5578 5597
5597 943
5597 1047
5597 1846
5597 5578
5601 660
5601 2281
5601 2892
5601 3392
5601 3950
5601 5232
5606 3352
5606 3434
5613 939
5613 2200
5613 2380
5613 4253
5614 624
5614 1246
5614 1755
5614 3658
5616 632
5616 818
5616 2066
5616 3738
5616 4046
5616 4337
5623 205
5623 694
5623 3101
5623 4707
5624 2760
5635 781
5635 1262
5635 1477
5635 2231
5635 3255
5635 4132
5635 4485
5644 1569
5644 3449
5644 3626
5644 4891
5647 2618
5647 2754
5650 624
5650 1257
5650 1348
5650 2374
5650 3658
5650 4833
5652 1093
5652 4230
5652 4355
5652 4480
5653 1550
5653 2157
5653 2722
5653 4354
5656 2623
5656 5422
5657 2949
5657 3130
5657 3569
5657 5285
5659 1117
5659 1306
5659 2249
5659 2374
5659 5342
5659 5541
5660 638
5660 2032
5660 4652
5660 5075
5666 252
5666 2908
5666 3735
5666 4965
5668 2182
5668 3054
5668 3503
5668 4194
5668 4404
5671 358
5671 577
5671 623
5671 684
5671 832
5671 1473
5671 4892
5679 1828
5679 2494
5679 2520
5679 2886
5679 3581
5679 3755
5679 3985
5679 4093
5679 5421
5687 759
5687 2109
5687 2911
5687 3839
5687 4032
5687 4211
5687 5754
5695 127
5695 168
5695 2924
5695 3430
5695 4901
5699 2639
5699 3323
5699 3506
5699 5705
5705 2639
5705 3323
5705 3506
5705 5699
5708 775
5708 1662
5708 2390
5708 3128
5712 226
5712 855
5712 1968
5712 2073
5712 2097
5712 4021
5712 4326
5712 5192
5713 1363
5713 2229
5713 2290
5713 2648
5716 767
5716 1297
5716 1307
5716 2105
5716 2126
5716 3054
5716 5225
5716 5441
5719 588
5719 2264
5719 3055
5719 3465
5719 4252
5719 4571
5719 4841
5724 1278
5724 1473
5724 2090
5724 2607
5724 2891
5724 3644
5732 434
5732 502
5732 583
5732 679
5732 1111
5732 1179
5733 434
5733 542
5733 2890
5733 3614
5735 1304
5735 3734
5735 5288
5737 2899
5737 3850
5737 4459
5737 4633
5740 200
5740 281
5740 1336
5740 1435
5740 2321
5740 3053
5740 3188
5740 4549
5740 4814
5742 2155
5742 2230
5742 3100
5742 4154
5742 4237
5742 5010
5742 5162
5742 5212
5742 5248
5743 1758
5743 2428
5743 3510
5743 4527
5743 4532
5747 943
5747 1047
5747 1846
5747 2744
5754 759
5754 2109
5754 2911
5754 3839
5754 4032
5754 4211
5754 5687
5764 564
5764 2165
5766 53
5766 2191
5766 2566
5766 4821
