1 547
1 1880
1 3165
1 4514
1 5518
2 274
2 1999
4 2823
4 2898
4 2919
4 4375
4 5320
8 594
8 2145
8 3857
8 5441
15 472
15 714
15 1112
15 1192
15 1733
15 1884
15 2495
15 2976
15 3036
15 3104
15 3422
15 3628
15 4299
15 4739
15 4874
15 5069
15 5207
15 5631
19 69
19 228
19 612
19 931
19 2435
19 2598
19 2721
19 3155
19 5122
22 603
22 691
22 1439
22 2451
22 2816
22 2933
22 3966
22 4718
23 2995
23 3253
29 1374
29 1813
29 2137
37 93
37 2709
37 4183
37 4847
37 4885
38 627
38 4176
38 4486
38 5064
44 841
44 931
44 1004
44 1172
44 1446
44 2624
44 2914
44 4108
48 1334
48 3746
53 1940
53 2566
53 5334
53 5750
54 2943
54 4038
54 4611
54 5369
58 1757
58 2051
58 2691
58 3464
60 216
60 3032
60 3227
60 5431
61 2381
61 3210
61 3797
61 5694
63 1835
63 1941
63 2811
63 2967
63 5055
64 208
64 1286
64 1477
64 1521
64 2093
64 2630
64 2939
64 3943
64 4132
64 4432
64 4870
64 5635
64 5718
66 1047
66 1104
66 2168
66 2289
66 2744
66 3236
66 3280
66 5747
67 180
67 348
67 2119
67 2406
68 1124
68 1260
68 1715
68 1741
68 2212
68 2986
68 3014
68 3664
68 4116
68 5043
68 5372
68 5527
68 5548
69 19
69 228
69 612
69 931
69 2435
69 2598
69 2721
69 3155
69 5122
70 292
70 516
70 1107
70 3032
70 3761
73 555
73 2370
73 2756
83 770
83 804
83 3403
83 4288
84 571
84 2856
84 4208
84 5277
85 624
85 716
85 2075
85 5614
93 37
93 2709
93 4183
93 4847
93 4885
102 1057
102 3711
102 3719
109 2032
109 2070
109 2498
109 4388
113 330
113 369
113 473
113 1072
113 2394
113 2792
113 3313
113 3955
115 264
115 2374
115 4326
115 5614
117 303
117 692
117 1387
117 1588
117 1860
117 3369
117 3409
117 3463
117 3648
122 1412
122 4863
122 4951
134 1688
134 3137
134 3499
134 3557
134 5672
141 182
141 916
141 2314
141 2633
141 3685
141 4024
141 4939
141 5227
147 1701
147 3326
147 4447
147 5205
152 167
152 2391
152 5069
159 360
159 1433
159 3137
159 3301
159 3511
159 3529
161 335
161 726
161 800
161 909
161 1559
161 4026
161 5409
167 152
167 2391
167 5069
180 67
180 348
180 2119
180 2406
182 141
182 916
182 2633
182 5227
184 1793
184 1825
184 2266
184 3645
184 4464
185 508
185 2081
185 4623
185 5085
186 1381
186 1960
186 2635
186 4107
186 5245
191 227
191 691
191 814
191 841
191 1920
191 4856
192 668
192 1828
192 2004
192 2330
192 2456
192 2613
194 862
194 1128
194 1454
194 1779
194 2254
194 3573
194 4252
194 4841
194 4849
194 5063
201 1507
201 1691
201 2424
201 2935
201 3115
201 4003
204 2193
204 2258
204 3521
204 5082
205 2154
205 2652
205 3920
208 64
208 1477
208 2093
208 2630
208 4132
208 5635
208 5718
211 593
211 632
211 810
211 2051
211 4062
211 4398
213 1493
213 1716
213 4011
216 60
216 2295
216 3032
216 3227
216 3270
216 5064
216 5431
216 5509
218 226
218 645
218 871
218 1067
218 2096
218 2629
218 3777
218 4123
218 4155
218 4335
220 2144
220 2398
220 3044
220 4645
220 4880
220 5225
221 752
221 1535
221 4302
226 218
226 546
226 1009
226 1067
226 2091
226 2094
226 2096
226 2629
226 2882
226 3233
226 3403
226 3709
226 3777
226 4123
226 4186
226 4326
226 4616
226 5192
227 191
227 691
227 814
227 841
227 1920
227 4856
228 19
228 69
228 612
228 931
228 2435
228 2598
228 2721
228 3155
228 5122
229 1357
229 1373
229 1761
229 1848
229 3033
235 734
235 1596
235 2523
235 3070
235 5150
235 5202
237 1032
237 1249
237 2187
237 2906
237 3404
237 3408
237 3848
237 5073
243 714
243 1769
243 4643
243 4797
243 5015
243 5307
249 583
249 3975
249 4617
252 1937
252 2908
252 2992
252 4965
252 5666
262 4644
262 4911
262 5168
262 5222
262 5262
264 115
264 2374
264 4326
264 5614
274 2
274 1999
275 367
275 1298
275 1643
275 1649
275 1895
275 3638
275 5303
276 2120
276 2753
276 3653
276 3934
276 4416
276 4822
279 1839
279 2268
279 3353
279 3488
279 4031
281 648
281 2803
281 3007
281 4338
281 4549
281 5740
285 743
285 4405
285 4601
285 4982
288 1272
288 1668
288 1914
288 3687
288 4575
292 70
292 516
292 1107
292 3032
292 3761
294 1500
294 1970
294 2167
294 2540
294 4791
294 5712
295 421
295 568
295 727
297 1442
297 1838
297 2307
297 2826
297 3110
297 5070
303 117
303 692
303 1387
303 1588
303 1860
303 3369
303 3409
303 3463
303 3648
312 1013
312 1365
312 1415
312 4538
313 902
313 2459
313 2814
313 3734
313 4286
313 5180
316 2483
316 3066
326 1416
326 1875
330 113
330 369
330 473
330 1072
330 2394
330 2792
330 3313
330 3955
335 161
335 726
335 800
335 909
335 1559
335 4026
335 5409
336 926
336 1115
336 3033
336 4186
336 5025
336 5033
341 1978
341 2616
341 4330
341 5488
342 1338
342 2099
342 2313
342 2809
342 3024
342 3820
342 4125
343 1293
343 2215
343 4271
343 5767
344 1055
344 5579
348 67
348 180
348 2119
348 2406
353 1684
353 2151
353 2564
353 2872
353 3696
353 4268
353 5194
360 159
360 1232
360 1433
360 2708
360 2961
360 3137
360 3301
360 3380
360 3511
360 3529
360 4845
360 5015
360 5401
361 2304
361 5058
366 1456
366 1872
366 2937
366 3096
366 3764
366 4134
366 4138
366 5148
366 5512
367 275
367 1298
367 1643
367 1649
367 1895
367 3638
367 5303
369 113
369 330
369 473
369 1072
369 2394
369 2792
369 3313
369 3955
372 1038
372 1041
372 1103
372 2129
372 2959
372 3896
372 4467
391 2141
391 2352
391 2528
391 2851
391 5672
393 896
393 2175
393 3036
393 3868
393 5289
393 5618
396 3102
396 3198
396 3827
401 859
401 973
401 1967
401 5151
404 2926
404 4252
414 1934
414 5103
421 295
421 568
421 727
423 1126
423 1598
423 2179
434 1133
434 1380
434 2586
434 5732
445 599
445 2332
445 3647
445 4444
445 4971
462 1006
462 2121
462 3091
462 5118
463 5051
463 5528
469 616
469 994
469 1044
469 5133
472 15
472 714
472 1112
472 1192
472 1733
472 1884
472 2495
472 2756
472 2976
472 3036
472 3104
472 3410
472 3422
472 3503
472 3628
472 4031
472 4299
472 4739
472 4874
472 5069
472 5207
472 5631
473 113
473 330
473 369
473 1072
473 2394
473 2792
473 3313
473 3955
479 1114
479 3140
479 3865
479 4255
484 620
484 1817
484 1989
484 3047
484 3342
484 3469
484 3666
484 4826
484 4832
484 5411
496 566
496 1196
496 1460
496 2236
496 2620
496 3534
500 1488
500 3043
500 4743
500 5712
508 185
508 2081
508 4623
508 5085
516 70
516 292
516 1107
516 3032
516 3761
526 1158
526 3473
526 3960
526 4044
545 2587
545 2683
545 3742
545 3948
545 4028
545 4447
545 4850
545 5313
546 226
546 3233
546 3314
546 3403
546 3709
546 4616
547 1
547 1880
547 3165
547 4514
547 5518
553 826
553 931
553 1323
553 1783
553 3390
553 3499
553 5382
555 73
555 658
555 681
555 1043
555 1548
555 1841
555 2090
555 2370
555 2756
555 3150
555 3410
555 3745
566 496
566 1196
566 1460
566 2236
566 2620
566 3534
568 295
568 421
568 727
570 1648
570 1841
570 3370
570 3589
570 3592
570 4154
570 4989
570 5073
570 5661
571 84
571 2856
571 4208
571 5277
575 3269
575 5420
577 2253
577 3704
577 3892
583 249
583 3975
583 4617
588 863
588 1142
588 2202
588 2862
588 3055
588 3465
588 4015
588 4252
588 4273
593 211
593 632
593 810
593 2051
593 3671
593 4062
593 4398
593 4933
593 5015
593 5498
594 8
594 2145
594 3857
594 5441
599 445
599 2332
599 3647
599 4444
599 4971
603 22
603 691
603 1439
603 2451
603 2816
603 2933
603 3966
603 4718
607 1464
607 4959
610 2047
610 2065
610 3010
610 4346
610 4436
610 5370
610 5426
612 19
612 69
612 228
612 931
612 2435
612 2598
612 2721
612 3155
612 5122
616 469
616 931
616 994
616 1044
616 1046
616 1569
616 2153
616 5133
620 484
620 1817
620 1989
620 3047
620 3342
620 3469
620 3666
620 4826
620 4832
620 5411
624 85
624 716
624 1376
624 1755
624 2075
624 5188
624 5614
627 38
627 4176
627 4486
627 5064
632 211
632 593
632 810
632 1667
632 2051
632 3504
632 3686
632 4062
632 4398
632 4572
637 758
637 1337
637 3484
637 4037
639 2606
639 3350
639 3741
639 4103
640 785
640 901
640 2310
640 2556
640 2843
640 3544
640 3855
640 4065
640 4113
640 5482
644 2275
644 3716
645 218
645 871
645 4155
645 4335
646 2430
646 4937
647 1216
647 1284
647 1594
647 2967
647 3193
647 3894
647 4234
647 4269
647 4330
647 5488
648 281
648 2803
648 3007
648 4338
648 4549
648 5740
656 3195
656 3882
656 4632
658 555
658 1043
658 1548
658 2090
661 1717
661 3499
661 3875
661 4515
661 4806
661 5128
664 1114
664 2063
664 3405
664 3861
664 3970
664 3986
664 4831
666 1934
666 2805
666 4543
666 5342
668 192
668 1828
668 2004
668 2330
668 2456
668 2613
675 1328
675 2713
675 3296
675 4282
675 5545
676 1537
676 2410
676 4170
676 4920
676 5583
681 555
681 1841
681 3150
681 3410
681 3745
688 1149
688 2393
691 22
691 191
691 227
691 603
691 814
691 841
691 1439
691 1920
691 2451
691 2816
691 2933
691 3966
691 4718
691 4856
692 117
692 303
692 1387
692 1588
692 1860
692 3369
692 3409
692 3463
692 3648
694 5019
702 761
702 1704
702 2505
702 4367
702 5109
703 829
703 1296
703 1515
703 1694
703 1760
703 4563
703 5532
703 5594
707 974
707 1027
707 1088
707 1280
707 2365
707 2533
707 3218
707 3892
707 3951
707 5032
714 15
714 243
714 472
714 1106
714 1112
714 1192
714 1733
714 1769
714 1884
714 2495
714 2643
714 2752
714 2976
714 3036
714 3104
714 3422
714 3474
714 3628
714 4251
714 4299
714 4643
714 4739
714 4797
714 4874
714 5015
714 5069
714 5207
714 5274
714 5307
714 5631
716 85
716 624
716 2075
716 2703
716 2779
716 2846
716 3130
716 4620
716 5614
719 1762
719 1810
719 4942
725 1562
725 3855
726 161
726 335
726 800
726 909
726 1559
726 4026
726 5409
727 295
727 421
727 568
728 1462
728 2051
728 3634
728 4491
728 5133
730 1367
730 3777
732 1346
732 2747
732 4313
732 4597
732 4870
734 235
734 1596
734 2523
734 3070
734 5150
734 5202
743 285
743 4405
743 4601
743 4982
752 221
752 1535
752 4302
754 3842
754 5044
758 637
758 1082
758 1337
758 3179
758 3301
758 3484
758 4037
758 5596
761 702
761 1704
761 2505
761 3946
761 4367
761 5109
761 5403
767 1797
767 1856
767 2090
767 2702
767 2916
767 3018
767 3027
767 3369
767 3503
767 4183
767 4794
767 5136
767 5668
770 83
770 804
770 3403
770 4288
785 640
785 2310
785 3544
785 3855
785 4113
797 3394
797 3827
797 4072
800 161
800 335
800 726
800 909
800 1559
800 4026
800 5409
804 83
804 770
804 3403
804 4288
808 1042
808 1095
808 2400
808 3363
808 4247
808 5643
810 211
810 593
810 632
810 2051
810 4062
810 4398
814 191
814 227
814 691
814 841
814 1920
814 4856
826 553
826 931
826 1323
826 1783
826 3390
826 3499
826 5382
828 2709
828 4100
828 4183
828 4885
829 703
829 1296
829 1515
829 1694
829 1760
829 4563
829 5532
829 5594
831 2334
831 3037
831 3185
831 3286
840 1719
840 2715
841 44
841 191
841 227
841 691
841 814
841 931
841 1004
841 1172
841 1446
841 1920
841 2624
841 2914
841 4108
841 4856
850 1524
850 2110
850 3508
850 5437
850 5617
855 2073
855 4021
855 4129
855 5712
859 401
859 973
859 1967
859 5151
862 194
862 1128
862 1454
862 1779
862 2254
862 3573
862 4252
862 4841
862 4849
862 5063
863 588
863 1142
863 2202
863 2862
863 3055
863 3465
863 4015
863 4252
863 4273
871 218
871 645
871 4155
871 4335
888 1039
888 1311
888 1630
888 2333
888 4576
888 4940
888 4988
888 5094
893 1315
893 2028
893 3266
893 3680
893 4422
893 4495
893 5099
893 5324
896 393
896 917
896 924
896 2175
896 2180
896 3036
896 3868
896 5289
896 5618
896 5627
901 640
901 1420
901 1576
901 2556
901 2606
901 2843
901 4065
901 5240
901 5482
902 313
902 2814
902 3734
902 4286
902 5180
905 3278
905 3392
905 3393
905 3477
905 4414
905 5467
907 2349
907 4226
909 161
909 335
909 726
909 800
909 1559
909 4026
909 5409
916 141
916 182
916 2633
916 5227
917 896
917 924
917 2180
917 5627
922 1307
922 3330
922 5258
922 5720
924 896
924 917
924 2180
924 5627
926 336
926 1115
926 3033
926 4186
926 5025
926 5033
931 19
931 44
931 69
931 228
931 553
931 612
931 616
931 826
931 841
931 1004
931 1046
931 1120
931 1172
931 1323
931 1446
931 1569
931 1783
931 2153
931 2199
931 2435
931 2598
931 2624
931 2721
931 2914
931 3155
931 3390
931 3499
931 4108
931 5122
931 5382
931 5646
939 1164
939 2380
939 4253
939 5613
940 3734
940 4277
940 4355
940 5328
940 5401
946 1219
946 1981
946 2683
949 984
949 1232
949 2132
949 3408
966 3163
966 3402
966 4245
966 5642
969 4099
969 4769
972 1556
972 1623
972 1953
972 3208
972 3209
972 4113
972 4168
972 4790
972 5064
972 5493
972 5599
973 401
973 859
973 1967
973 5151
974 707
974 1027
974 1088
974 2533
974 5032
984 949
984 1232
984 2132
984 3408
988 3247
988 5607
990 1687
990 1827
990 2669
990 3763
990 3930
994 469
994 616
994 1044
994 5133
1001 1275
1001 2540
1001 2855
1001 3036
1001 3075
1001 3173
1001 3621
1001 4404
1001 4838
1001 4954
1002 2813
1002 5467
1004 44
1004 841
1004 931
1004 1172
1004 1446
1004 2624
1004 2914
1004 4108
1006 462
1006 2121
1006 3091
1006 5118
1009 226
1009 2094
1009 2882
1009 4186
1013 312
1013 1365
1013 1415
1013 4538
1023 2369
1023 2898
1023 3137
1023 4419
1023 4965
1027 707
1027 974
1027 1088
1027 2533
1027 5032
1032 237
1032 1249
1032 2187
1032 2906
1032 3404
1032 3408
1032 3848
1032 5073
1038 372
1038 1041
1038 1103
1038 2129
1038 2959
1038 3896
1038 4467
1039 888
1039 1311
1039 1630
1039 2333
1039 4576
1039 4940
1039 4988
1039 5094
1041 372
1041 1038
1041 1103
1041 2129
1041 2959
1041 3896
1041 4467
1042 808
1042 1095
1042 2400
1042 3363
1042 4247
1042 5643
1043 555
1043 658
1043 1548
1043 2090
1044 469
1044 616
1044 994
1044 5133
1046 616
1046 931
1046 1569
1046 2153
1047 66
1047 2289
1047 3280
1055 344
1055 5579
1057 102
1057 3711
1057 3719
1062 2631
1062 4353
1062 4374
1062 4907
1066 3939
1066 5161
1067 218
1067 226
1067 2096
1067 2629
1067 3777
1067 4123
1070 4081
1070 4184
1070 4750
1070 4981
1070 5049
1072 113
1072 330
1072 369
1072 473
1072 2394
1072 2792
1072 3313
1072 3955
1078 3132
1078 5365
1082 758
1082 3179
1082 3301
1082 5596
1088 707
1088 974
1088 1027
1088 2533
1088 5032
1095 808
1095 1042
1095 2400
1095 3363
1095 4247
1095 5643
1097 1957
1097 2141
1097 2334
1097 2605
1097 4512
1097 4522
1097 4881
1097 5355
1101 2298
1101 2945
1101 3692
1101 3776
1101 4029
1101 5674
1103 372
1103 1038
1103 1041
1103 2129
1103 2959
1103 3896
1103 4467
1104 66
1104 2168
1104 2289
1104 3236
1105 1441
1105 3505
1105 5205
1106 714
1106 1699
1106 2370
1106 2643
1106 2752
1106 2760
1106 3474
1106 4251
1106 4691
1106 5274
1107 70
1107 292
1107 516
1107 3032
1107 3761
1112 15
1112 472
1112 714
1112 1192
1112 1733
1112 1884
1112 2495
1112 2976
1112 3036
1112 3104
1112 3422
1112 3628
1112 4299
1112 4739
1112 4874
1112 5069
1112 5207
1112 5631
1114 479
1114 664
1114 2063
1114 3140
1114 3405
1114 3861
1114 3865
1114 3970
1114 3986
1114 4255
1114 4831
1115 336
1115 926
1115 3033
1115 4186
1115 5025
1115 5033
1119 1234
1119 1755
1119 4357
1119 5134
1120 931
1120 1569
1120 2199
1120 5646
1124 68
1124 1260
1124 1715
1124 1741
1124 2212
1124 2986
1124 3014
1124 3664
1124 4116
1124 5043
1124 5372
1124 5527
1124 5548
1126 423
1126 1598
1126 2179
1127 2240
1127 3167
1127 3659
1127 3825
1127 4061
1128 194
1128 862
1128 1454
1128 1779
1128 2254
1128 3573
1128 4252
1128 4841
1128 4849
1128 5063
1133 434
1133 1380
1133 2586
1133 5732
1137 1673
1137 2762
1137 2807
1137 4378
1142 588
1142 863
1142 2202
1142 2862
1142 3055
1142 3465
1142 4015
1142 4252
1142 4273
1145 2308
1145 3807
1145 5284
1147 2800
1147 3137
1147 5514
1149 688
1149 2393
1158 526
1158 3473
1158 3960
1158 4044
1161 1174
1161 2480
1161 3695
1161 3890
1161 3950
1161 5278
1164 939
1164 2380
1164 4253
1164 5613
1172 44
1172 841
1172 931
1172 1004
1172 1446
1172 2624
1172 2914
1172 4108
1174 1161
1174 2480
1174 3695
1174 3890
1174 3950
1174 5278
1187 3108
1187 4052
1187 4953
1192 15
1192 472
1192 714
1192 1112
1192 1733
1192 1884
1192 2495
1192 2976
1192 3036
1192 3104
1192 3422
1192 3628
1192 4299
1192 4739
1192 4874
1192 5069
1192 5207
1192 5631
1196 496
1196 566
1196 1460
1196 2236
1196 2620
1196 3534
1216 647
1216 1284
1216 1594
1216 2967
1216 3193
1216 4234
1219 946
1219 1981
1219 2683
1220 1662
1220 3074
1220 3128
1221 2219
1221 4442
1221 5028
1223 1357
1223 1488
1223 2087
1223 2643
1223 2665
1223 4747
1223 4752
1223 4791
1223 5318
1232 360
1232 949
1232 984
1232 2132
1232 2708
1232 2961
1232 3380
1232 3408
1232 4845
1232 5015
1232 5401
1234 1119
1234 1755
1234 4357
1234 5134
1238 2831
1238 4115
1238 4294
1238 5445
1246 2916
1246 3369
1246 3614
1246 4147
1249 237
1249 1032
1249 2187
1249 2906
1249 3404
1249 3408
1249 3848
1249 5073
1250 1616
1250 3556
1250 4439
1250 5613
1256 1615
1256 1693
1256 1814
1256 2361
1256 3251
1256 3417
1256 4932
1256 5158
1260 68
1260 1124
1260 1715
1260 1741
1260 2212
1260 2986
1260 3014
1260 3664
1260 4116
1260 5043
1260 5372
1260 5527
1260 5548
1271 2447
1271 5373
1272 288
1272 1668
1272 1914
1272 3687
1272 4575
1275 1001
1275 4404
1275 4838
1275 4954
1280 707
1280 2365
1280 3218
1280 3892
1280 3951
1284 647
1284 1216
1284 1594
1284 2967
1284 3193
1284 4234
1286 64
1286 1521
1286 2939
1286 3943
1286 4432
1286 4870
1293 343
1293 2215
1293 4271
1293 5767
1296 703
1296 829
1296 1515
1296 1694
1296 1760
1296 4563
1296 5532
1296 5594
1298 275
1298 367
1298 1643
1298 1649
1298 1895
1298 3638
1298 5303
1304 1362
1304 1408
1304 1599
1304 2895
1304 3071
1304 3517
1304 3817
1304 4431
1304 4925
1304 4955
1304 5343
1304 5442
1304 5638
1305 2676
1305 5203
1307 922
1307 3330
1307 5258
1307 5720
1311 888
1311 1039
1311 1630
1311 2333
1311 4576
1311 4940
1311 4988
1311 5094
1315 893
1315 2028
1315 3266
1315 3680
1315 4422
1315 5324
1323 553
1323 826
1323 931
1323 1783
1323 3390
1323 3499
1323 5382
1326 1767
1326 4432
1326 5381
1326 5412
1326 5473
1328 675
1328 2713
1328 3296
1328 4282
1328 5545
1334 48
1334 3746
1337 637
1337 758
1337 3484
1337 4037
1338 342
1338 2099
1338 2313
1338 2809
1338 3024
1338 3820
1338 4125
1346 732
1346 2747
1346 4313
1346 4597
1346 4870
1350 1614
1357 229
1357 1223
1357 1373
1357 1488
1357 1761
1357 1848
1357 2087
1357 2643
1357 2665
1357 3033
1357 3621
1357 3852
1357 4186
1357 4747
1357 4752
1357 4791
1357 5318
1357 5557
1362 1304
1362 3071
1362 3817
1362 4925
1362 4955
1365 312
1365 1013
1365 1415
1365 4538
1367 730
1367 3777
1372 3081
1372 3379
1373 229
1373 1357
1373 1761
1373 1848
1373 3033
1374 29
1374 1813
1374 2137
1376 624
1376 1755
1376 3322
1376 3699
1376 4238
1376 5188
1380 434
1380 1133
1380 2586
1380 5732
1381 186
1381 1960
1381 2635
1381 4107
1381 5245
1384 3869
1384 4555
1384 4999
1387 117
1387 303
1387 692
1387 1588
1387 1860
1387 3369
1387 3409
1387 3463
1387 3648
1408 1304
1408 1599
1408 2895
1408 3517
1408 4431
1408 5343
1408 5442
1408 5638
1412 122
1412 4863
1412 4951
1415 312
1415 1013
1415 1365
1415 4538
1416 326
1416 1875
1420 901
1420 1576
1420 2198
1420 2606
1420 3302
1420 3558
1420 5240
1425 4503
1425 5506
1433 159
1433 360
1433 3137
1433 3301
1433 3511
1433 3529
1438 1873
1438 1906
1438 2054
1438 2192
1438 3938
1438 3958
1438 4039
1438 4568
1438 4894
1438 5349
1439 22
1439 603
1439 691
1439 2451
1439 2816
1439 2933
1439 3966
1439 4718
1441 1105
1441 3505
1441 5205
1442 297
1442 1838
1442 2307
1442 2826
1442 3110
1442 5070
1446 44
1446 841
1446 931
1446 1004
1446 1172
1446 2624
1446 2914
1446 4108
1452 3369
1452 3892
1452 4118
1452 5485
1452 5694
1454 194
1454 862
1454 1128
1454 1779
1454 2254
1454 3573
1454 4252
1454 4841
1454 4849
1454 5063
1456 366
1456 1872
1456 2937
1456 3096
1456 3764
1456 4134
1456 4138
1456 5148
1456 5512
1460 496
1460 566
1460 1196
1460 2236
1460 2620
1460 3534
1462 728
1462 2051
1462 3634
1462 4491
1462 5133
1464 607
1464 4959
1470 1687
1470 2268
1470 2509
1470 2898
1470 3130
1477 64
1477 208
1477 2093
1477 2630
1477 4132
1477 5635
1477 5718
1488 500
1488 1223
1488 1357
1488 2087
1488 2643
1488 2665
1488 3043
1488 4743
1488 4747
1488 4752
1488 4791
1488 5318
1488 5712
1493 213
1493 1716
1493 4011
1500 294
1500 1970
1500 2167
1500 2540
1500 4791
1500 5712
1507 201
1507 1691
1507 2424
1507 2935
1507 3115
1507 4003
1515 703
1515 829
1515 1296
1515 1694
1515 1760
1515 4563
1515 5532
1515 5594
1519 3087
1519 3532
1519 4219
1521 64
1521 1286
1521 2939
1521 3943
1521 4432
1521 4870
1524 850
1524 2110
1524 3508
1524 5437
1524 5617
1534 2159
1534 4629
1535 221
1535 752
1535 4302
1536 1970
1536 2171
1536 4531
1536 5027
1536 5086
1536 5731
1537 676
1537 2410
1537 4170
1537 4920
1537 5583
1548 555
1548 658
1548 1043
1548 2090
1548 4172
1548 4679
1548 4883
1556 972
1556 1623
1556 5064
1559 161
1559 335
1559 726
1559 800
1559 909
1559 4026
1559 5409
1562 725
1562 3855
1566 2670
1566 2707
1566 5763
1569 616
1569 931
1569 1046
1569 1120
1569 2153
1569 2199
1569 5646
1576 901
1576 1420
1576 2606
1576 5240
1588 117
1588 303
1588 692
1588 1387
1588 1860
1588 3369
1588 3409
1588 3463
1588 3648
1590 1650
1590 2340
1590 2734
1590 4406
1590 5142
1594 647
1594 1216
1594 1284
1594 2967
1594 3193
1594 4234
1596 235
1596 734
1596 2523
1596 3070
1596 5150
1596 5202
1598 423
1598 1126
1598 2179
1599 1304
1599 1408
1599 2895
1599 3517
1599 4431
1599 5343
1599 5442
1599 5638
1606 1861
1606 4619
1606 5519
1614 1350
1615 1256
1615 1693
1615 1814
1615 2361
1615 3251
1615 3417
1615 4932
1615 5158
1616 1250
1616 3556
1616 4439
1616 5613
1619 3594
1619 3872
1619 4823
1619 5160
1623 972
1623 1556
1623 5064
1625 1705
1625 4718
1625 5481
1630 888
1630 1039
1630 1311
1630 2333
1630 4576
1630 4940
1630 4988
1630 5094
1636 4061
1636 5132
1643 275
1643 367
1643 1298
1643 1649
1643 1895
1643 3638
1643 5303
1648 570
1648 1841
1648 3370
1648 3589
1648 3592
1648 4154
1648 4989
1648 5073
1648 5661
1649 275
1649 367
1649 1298
1649 1643
1649 1895
1649 3638
1649 5303
1650 1590
1650 2340
1650 2734
1650 4406
1650 5142
1662 1220
1662 3074
1662 3128
1664 1685
1664 1897
1664 2161
1664 5500
1664 5611
1666 4541
1666 5124
1667 632
1667 3504
1667 3686
1667 4572
1668 288
1668 1272
1668 1914
1668 3687
1668 4575
1673 1137
1673 2762
1673 2807
1673 4378
1681 4183
1681 5351
1684 353
1684 2151
1684 2564
1684 2872
1684 3696
1684 4268
1684 5194
1685 1664
1685 1897
1685 5611
1687 990
1687 1470
1687 1827
1687 2268
1687 2509
1687 2669
1687 2898
1687 3130
1687 3763
1687 3930
1688 134
1688 3137
1688 3499
1688 3557
1688 5672
1691 201
1691 1507
1691 2424
1691 2935
1691 3115
1691 4003
1693 1256
1693 1615
1693 1814
1693 2361
1693 3251
1693 3417
1693 4932
1693 5158
1694 703
1694 829
1694 1296
1694 1515
1694 1760
1694 4563
1694 5532
1694 5594
1699 1106
1699 2370
1699 2760
1699 4691
1701 147
1701 3326
1701 4447
1701 5205
1704 702
1704 761
1704 2505
1704 4367
1704 5109
1705 1625
1705 4718
1705 5481
1706 3320
1706 4473
1715 68
1715 1124
1715 1260
1715 1741
1715 2212
1715 2986
1715 3014
1715 3664
1715 4116
1715 5043
1715 5372
1715 5527
1715 5548
1716 213
1716 1493
1716 4011
1717 661
1717 3499
1717 3875
1717 4515
1717 4806
1717 5128
1719 840
1719 2715
1723 2677
1723 5346
1733 15
1733 472
1733 714
1733 1112
1733 1192
1733 1884
1733 2495
1733 2976
1733 3036
1733 3104
1733 3422
1733 3628
1733 4299
1733 4739
1733 4874
1733 5069
1733 5207
1733 5631
1738 2431
1738 3202
1738 3499
1738 5206
1738 5462
1741 68
1741 1124
1741 1260
1741 1715
1741 2212
1741 2986
1741 3014
1741 3664
1741 4116
1741 5043
1741 5372
1741 5527
1741 5548
1748 2319
1748 3707
1750 3777
1750 4287
1750 4511
1752 2628
1752 3275
1752 5291
1752 5415
1755 624
1755 1119
1755 1234
1755 1376
1755 4357
1755 5134
1755 5188
1756 2869
1756 4310
1757 58
1757 2051
1757 2691
1757 3464
1760 703
1760 829
1760 1296
1760 1515
1760 1694
1760 4563
1760 5532
1760 5594
1761 229
1761 1357
1761 1373
1761 1848
1761 3033
1762 719
1762 1810
1762 4942
1767 1326
1767 4432
1767 5381
1767 5412
1767 5473
1769 243
1769 714
1769 4643
1769 4797
1769 5015
1769 5307
1772 2297
1772 3181
1772 3218
1772 3622
1772 5125
1779 194
1779 862
1779 1128
1779 1454
1779 2254
1779 3573
1779 4252
1779 4841
1779 4849
1779 5063
1783 553
1783 826
1783 931
1783 1323
1783 3390
1783 3499
1783 5382
1792 3291
1792 4816
1793 184
1793 1825
1793 2266
1793 3645
1793 4464
1797 767
1797 4183
1797 5136
1810 719
1810 1762
1810 4942
1813 29
1813 1374
1813 2137
1814 1256
1814 1615
1814 1693
1814 2361
1814 3251
1814 3417
1814 4932
1814 5158
1817 484
1817 620
1817 1989
1817 3047
1817 3342
1817 3469
1817 3666
1817 4826
1817 4832
1817 5411
1823 4186
1823 4713
1823 5133
1823 5413
1825 184
1825 1793
1825 2266
1825 3645
1825 4464
1826 2017
1826 3859
1827 990
1827 1687
1827 2669
1827 3763
1827 3930
1828 192
1828 668
1828 2004
1828 2330
1828 2456
1828 2613
1835 63
1835 1941
1835 2811
1835 2967
1835 5055
1838 297
1838 1442
1838 2307
1838 2826
1838 3110
1838 5070
1839 279
1839 2268
1839 3353
1839 3488
1839 4031
1841 555
1841 570
1841 681
1841 1648
1841 3150
1841 3370
1841 3410
1841 3589
1841 3592
1841 3745
1841 4154
1841 4989
1841 5073
1841 5661
1848 229
1848 1357
1848 1373
1848 1761
1848 3033
1856 767
1856 2702
1856 3018
1856 3027
1856 3369
1856 3503
1860 117
1860 303
1860 692
1860 1387
1860 1588
1860 3369
1860 3409
1860 3463
1860 3648
1861 1606
1861 4619
1861 5519
1872 366
1872 1456
1872 2937
1872 3096
1872 3764
1872 4134
1872 4138
1872 5148
1872 5512
1873 1438
1873 1906
1873 2054
1873 2192
1873 3938
1873 3958
1873 4039
1873 4568
1873 4894
1873 5349
1875 326
1875 1416
1877 2753
1877 2765
1877 3604
1877 4429
1877 4470
1877 5172
1877 5283
1880 1
1880 547
1880 3165
1880 4514
1880 5518
1884 15
1884 472
1884 714
1884 1112
1884 1192
1884 1733
1884 2495
1884 2976
1884 3036
1884 3104
1884 3422
1884 3628
1884 4299
1884 4739
1884 4874
1884 5069
1884 5207
1884 5631
1889 1957
1889 2229
1889 2290
1889 2648
1889 4173
1893 2358
1893 2724
1895 275
1895 367
1895 1298
1895 1643
1895 1649
1895 3638
1895 5303
1897 1664
1897 1685
1897 5611
1901 2728
1901 4113
1906 1438
1906 1873
1906 2054
1906 2192
1906 3938
1906 3958
1906 4039
1906 4568
1906 4894
1906 5349
1914 288
1914 1272
1914 1668
1914 3687
1914 4575
1920 191
1920 227
1920 691
1920 814
1920 841
1920 4856
1932 2826
1932 2871
1932 3028
1932 3223
1932 3598
1932 3657
1932 3915
1934 414
1934 666
1934 2805
1934 4543
1934 5103
1934 5342
1937 252
1937 2908
1937 2992
1937 4965
1937 5666
1939 3892
1939 5070
1939 5485
1940 53
1940 2566
1940 5334
1940 5750
1941 63
1941 1835
1941 2811
1941 2967
1941 5055
1949 2263
1949 3284
1949 5277
1953 972
1953 3209
1953 4113
1953 5493
1957 1097
1957 1889
1957 2141
1957 2229
1957 2290
1957 2334
1957 2605
1957 2648
1957 4173
1957 4512
1957 4522
1957 4881
1957 5355
1960 186
1960 1381
1960 2635
1960 4107
1960 5245
1967 401
1967 859
1967 973
1967 5151
1970 294
1970 1500
1970 1536
1970 2167
1970 2171
1970 2540
1970 4531
1970 4791
1970 5027
1970 5086
1970 5712
1970 5731
1978 341
1978 2616
1978 4330
1978 5488
1981 946
1981 1219
1981 2683
1984 2228
1984 3612
1984 3817
1984 4925
1984 5022
1989 484
1989 620
1989 1817
1989 3047
1989 3342
1989 3469
1989 3666
1989 4826
1989 4832
1989 5411
1996 2016
1996 4437
1999 2
1999 274
2004 192
2004 668
2004 1828
2004 2330
2004 2456
2004 2613
2016 1996
2016 4437
2017 1826
2017 3859
2028 893
2028 1315
2028 3266
2028 3680
2028 4422
2028 5324
2032 109
2032 2070
2032 2498
2032 4388
2034 4176
2034 4222
2034 5686
2039 2489
2039 3881
2039 4199
2047 610
2047 2065
2047 3010
2047 4346
2047 4436
2047 5370
2047 5426
2050 4896
2050 5380
2051 58
2051 211
2051 593
2051 632
2051 728
2051 810
2051 1462
2051 1757
2051 2523
2051 2691
2051 3272
2051 3464
2051 3634
2051 3671
2051 3919
2051 4062
2051 4398
2051 4491
2051 4933
2051 5015
2051 5133
2051 5498
2051 5568
2054 1438
2054 1873
2054 1906
2054 2192
2054 3938
2054 3958
2054 4039
2054 4568
2054 4894
2054 5349
2063 664
2063 1114
2063 3405
2063 3861
2063 3970
2063 3986
2063 4831
2065 610
2065 2047
2065 3010
2065 4346
2065 4436
2065 5370
2065 5426
2070 109
2070 2032
2070 2498
2070 4388
2073 855
2073 2158
2073 2200
2073 4020
2073 4021
2073 4129
2073 5712
2075 85
2075 624
2075 716
2075 5614
2081 185
2081 508
2081 4623
2081 5085
2087 1223
2087 1357
2087 1488
2087 2643
2087 2665
2087 4747
2087 4752
2087 4791
2087 5318
2090 555
2090 658
2090 767
2090 1043
2090 1548
2090 2916
2090 3369
2090 4794
2090 5668
2091 226
2091 4326
2091 5192
2093 64
2093 208
2093 1477
2093 2630
2093 4132
2093 5635
2093 5718
2094 226
2094 1009
2094 2882
2094 4186
2096 218
2096 226
2096 1067
2096 2629
2096 3777
2096 4123
2099 342
2099 1338
2099 2313
2099 2809
2099 3024
2099 3820
2099 4125
2110 850
2110 1524
2110 3508
2110 5437
2110 5617
2119 67
2119 180
2119 348
2119 2406
2120 276
2120 2753
2120 3934
2120 4416
2120 4822
2121 462
2121 1006
2121 3091
2121 5118
2129 372
2129 1038
2129 1041
2129 1103
2129 2959
2129 3896
2129 4467
2132 949
2132 984
2132 1232
2132 3408
2137 29
2137 1374
2137 1813
2141 391
2141 1097
2141 1957
2141 2334
2141 2352
2141 2528
2141 2605
2141 2851
2141 4512
2141 4522
2141 4881
2141 5355
2141 5672
2144 220
2144 2398
2144 3044
2144 4645
2144 4880
2144 5225
2145 8
2145 594
2145 3857
2145 5441
2151 353
2151 1684
2151 2564
2151 2872
2151 3696
2151 4268
2151 5194
2153 616
2153 931
2153 1046
2153 1569
2154 205
2154 2652
2154 3920
2155 2230
2155 3854
2155 3884
2155 4154
2155 4237
2155 5162
2155 5248
2155 5553
2158 2073
2158 2200
2158 4020
2158 4129
2159 1534
2159 4629
2161 1664
2161 5500
2161 5611
2167 294
2167 1500
2167 1970
2167 2540
2167 4791
2167 5712
2168 66
2168 1104
2168 2289
2168 3236
2171 1536
2171 1970
2171 4531
2171 5027
2171 5086
2171 5731
2175 393
2175 896
2175 3036
2175 3868
2175 5289
2175 5618
2179 423
2179 1126
2179 1598
2180 896
2180 917
2180 924
2180 5627
2187 237
2187 1032
2187 1249
2187 2906
2187 3404
2187 3408
2187 3848
2187 5073
2190 4582
2190 5016
2192 1438
2192 1873
2192 1906
2192 2054
2192 3938
2192 3958
2192 4039
2192 4568
2192 4894
2192 5349
2193 204
2193 2258
2193 3521
2193 5082
2198 1420
2198 5240
2199 931
2199 1120
2199 1569
2199 5646
2200 2073
2200 2158
2200 4020
2200 4129
2201 2557
2201 2636
2201 2980
2201 4248
2201 4284
2201 4880
2202 588
2202 863
2202 1142
2202 2862
2202 3055
2202 3465
2202 4015
2202 4252
2202 4273
2212 68
2212 1124
2212 1260
2212 1715
2212 1741
2212 2986
2212 3014
2212 3664
2212 4116
2212 5043
2212 5372
2212 5527
2212 5548
2213 2645
2213 3006
2213 3119
2213 3439
2213 4706
2213 5438
2215 343
2215 1293
2215 4271
2215 5767
2219 1221
2219 4442
2219 5028
2225 2786
2225 4377
2227 3352
2227 3933
2227 5606
2228 1984
2228 3612
2228 3817
2228 4925
2228 5022
2229 1889
2229 1957
2229 2290
2229 2648
2229 4173
2230 2155
2230 3854
2230 3884
2230 4154
2230 4237
2230 5162
2230 5248
2230 5553
2236 496
2236 566
2236 1196
2236 1460
2236 2620
2236 3534
2240 1127
2240 3167
2240 3659
2240 3825
2240 4061
2253 577
2253 3892
2254 194
2254 862
2254 1128
2254 1454
2254 1779
2254 3573
2254 4252
2254 4841
2254 4849
2254 5063
2258 204
2258 2193
2258 3521
2258 5082
2263 1949
2263 3284
2263 5277
2266 184
2266 1793
2266 1825
2266 3645
2266 4464
2268 279
2268 1470
2268 1687
2268 1839
2268 2509
2268 2898
2268 3130
2268 3353
2268 3488
2268 4031
2275 644
2275 3716
2289 66
2289 1047
2289 1104
2289 2168
2289 2744
2289 3236
2289 3280
2289 5747
2290 1889
2290 1957
2290 2229
2290 2648
2290 4173
2295 216
2295 2397
2295 3270
2295 3300
2295 3460
2295 3827
2295 4548
2295 5064
2295 5181
2295 5509
2295 5694
2297 1772
2297 3181
2297 3218
2297 3622
2297 5125
2298 1101
2298 2945
2298 3692
2298 3776
2298 4029
2298 5674
2299 2577
2299 3545
2299 5610
2304 361
2304 5058
2307 297
2307 1442
2307 1838
2307 2826
2307 3110
2307 5070
2308 1145
2308 3807
2308 5284
2310 640
2310 785
2310 3544
2310 3855
2310 4113
2312 3995
2312 5191
2313 342
2313 1338
2313 2099
2313 2809
2313 3024
2313 3820
2313 4125
2314 141
2314 2633
2314 3685
2314 4024
2314 4939
2319 1748
2319 3707
2330 192
2330 668
2330 1828
2330 2004
2330 2456
2330 2613
2332 445
2332 599
2332 3647
2332 4444
2332 4971
2333 888
2333 1039
2333 1311
2333 1630
2333 4576
2333 4940
2333 4988
2333 5094
2334 831
2334 1097
2334 1957
2334 2141
2334 2605
2334 3037
2334 3185
2334 3286
2334 4512
2334 4522
2334 4881
2334 5355
2340 1590
2340 1650
2340 2734
2340 4406
2340 5142
2349 907
2349 4226
2352 391
2352 2141
2352 2528
2352 2851
2352 5672
2358 1893
2358 2724
2361 1256
2361 1615
2361 1693
2361 1814
2361 3251
2361 3417
2361 4932
2361 5158
2365 707
2365 1280
2365 2398
2365 3218
2365 3892
2365 3951
2365 4037
2365 5446
2365 5492
2369 1023
2369 2898
2369 3137
2369 4419
2369 4965
2370 73
2370 555
2370 1106
2370 1699
2370 2756
2370 2760
2370 4691
2374 115
2374 264
2374 4326
2374 5614
2380 939
2380 1164
2380 4253
2380 5613
2381 61
2381 3210
2381 3797
2381 5694
2391 152
2391 167
2391 5069
2393 688
2393 1149
2394 113
2394 330
2394 369
2394 473
2394 1072
2394 2792
2394 3313
2394 3955
2397 2295
2397 3300
2397 3827
2397 5694
2398 220
2398 2144
2398 2365
2398 3044
2398 4037
2398 4645
2398 4880
2398 5225
2398 5446
2398 5492
2400 808
2400 1042
2400 1095
2400 3363
2400 4247
2400 5643
2403 3285
2403 5550
2406 67
2406 180
2406 348
2406 2119
2410 676
2410 1537
2410 4170
2410 4920
2410 5583
2424 201
2424 1507
2424 1691
2424 2935
2424 3115
2424 4003
2430 646
2430 4937
2431 1738
2431 3202
2431 3499
2431 5206
2431 5462
2435 19
2435 69
2435 228
2435 612
2435 931
2435 2598
2435 2721
2435 3155
2435 4318
2435 5091
2435 5122
2446 3806
2446 4295
2446 4649
2446 5574
2447 1271
2447 5373
2451 22
2451 603
2451 691
2451 1439
2451 2816
2451 2933
2451 3966
2451 4718
2456 192
2456 668
2456 1828
2456 2004
2456 2330
2456 2613
2459 313
2459 5180
2480 1161
2480 1174
2480 3695
2480 3890
2480 3950
2480 5278
2483 316
2483 3066
2489 2039
2489 3881
2489 4199
2495 15
2495 472
2495 714
2495 1112
2495 1192
2495 1733
2495 1884
2495 2976
2495 3036
2495 3104
2495 3422
2495 3628
2495 4299
2495 4739
2495 4874
2495 5069
2495 5207
2495 5631
2498 109
2498 2032
2498 2070
2498 4388
2505 702
2505 761
2505 1704
2505 4367
2505 5109
2509 1470
2509 1687
2509 2268
2509 2898
2509 3130
2523 235
2523 734
2523 1596
2523 2051
2523 3070
2523 3272
2523 3919
2523 5150
2523 5202
2523 5568
2528 391
2528 2141
2528 2352
2528 2851
2528 5672
2533 707
2533 974
2533 1027
2533 1088
2533 5032
2540 294
2540 1001
2540 1500
2540 1970
2540 2167
2540 2855
2540 3036
2540 3075
2540 3173
2540 3621
2540 4791
2540 5712
2556 640
2556 901
2556 2843
2556 4065
2556 5482
2557 2201
2557 2636
2557 2980
2557 4248
2557 4284
2557 4880
2563 3964
2563 4363
2563 4600
2564 353
2564 1684
2564 2151
2564 2872
2564 3696
2564 4268
2564 5194
2566 53
2566 1940
2566 5334
2566 5750
2577 2299
2577 3545
2577 5610
2586 434
2586 1133
2586 1380
2586 5732
2587 545
2587 2683
2587 4028
2587 4447
2594 4759
2594 5432
2598 19
2598 69
2598 228
2598 612
2598 931
2598 2435
2598 2721
2598 3155
2598 5122
2605 1097
2605 1957
2605 2141
2605 2334
2605 4512
2605 4522
2605 4881
2605 5355
2606 639
2606 901
2606 1420
2606 1576
2606 3350
2606 3741
2606 4103
2606 5240
2613 192
2613 668
2613 1828
2613 2004
2613 2330
2613 2456
2616 341
2616 1978
2616 4330
2616 5488
2620 496
2620 566
2620 1196
2620 1460
2620 2236
2620 3534
2624 44
2624 841
2624 931
2624 1004
2624 1172
2624 1446
2624 2914
2624 4108
2626 3850
2626 4579
2626 5235
2628 1752
2628 3275
2628 5291
2628 5415
2629 218
2629 226
2629 1067
2629 2096
2629 3777
2629 4123
2630 64
2630 208
2630 1477
2630 2093
2630 4132
2630 5635
2630 5718
2631 1062
2631 4353
2631 4374
2631 4907
2633 141
2633 182
2633 916
2633 2314
2633 3685
2633 4024
2633 4939
2633 5227
2635 186
2635 1381
2635 1960
2635 4107
2635 5245
2636 2201
2636 2557
2636 2980
2636 4248
2636 4284
2636 4880
2643 714
2643 1106
2643 1223
2643 1357
2643 1488
2643 2087
2643 2665
2643 2752
2643 3474
2643 4251
2643 4747
2643 4752
2643 4791
2643 5274
2643 5318
2645 2213
2645 3006
2645 3119
2645 3439
2645 4706
2645 5438
2648 1889
2648 1957
2648 2229
2648 2290
2648 4173
2652 205
2652 2154
2652 3920
2665 1223
2665 1357
2665 1488
2665 2087
2665 2643
2665 4747
2665 4752
2665 4791
2665 5318
2669 990
2669 1687
2669 1827
2669 3763
2669 3930
2670 1566
2670 2707
2670 5763
2676 1305
2676 5203
2677 1723
2677 5346
2680 4445
2680 4984
2683 545
2683 946
2683 1219
2683 1981
2683 2587
2683 4028
2683 4447
2691 58
2691 1757
2691 2051
2691 3464
2702 767
2702 1856
2702 3018
2702 3027
2702 3369
2702 3503
2703 716
2703 2779
2703 2846
2703 3130
2703 4620
2706 2929
2706 3392
2706 4361
2707 1566
2707 2670
2707 5763
2708 360
2708 1232
2708 2961
2708 3380
2708 4845
2708 5015
2708 5401
2709 37
2709 93
2709 828
2709 4100
2709 4183
2709 4847
2709 4885
2713 675
2713 1328
2713 3296
2713 4282
2713 5545
2715 840
2715 1719
2721 19
2721 69
2721 228
2721 612
2721 931
2721 2435
2721 2598
2721 3155
2721 5122
2724 1893
2724 2358
2726 3291
2726 4816
2728 1901
2728 4113
2734 1590
2734 1650
2734 2340
2734 4406
2734 5142
2744 66
2744 2289
2744 5747
2747 732
2747 1346
2747 4313
2747 4597
2747 4870
2752 714
2752 1106
2752 2643
2752 3474
2752 4251
2752 5274
2753 276
2753 1877
2753 2120
2753 2765
2753 3604
2753 3653
2753 3934
2753 4416
2753 4429
2753 4470
2753 4822
2753 5172
2753 5283
2756 73
2756 472
2756 555
2756 2370
2756 3410
2756 3503
2756 4031
2758 5186
2760 1106
2760 1699
2760 2370
2760 4691
2762 1137
2762 1673
2762 2807
2762 4378
2765 1877
2765 2753
2765 3604
2765 4429
2765 4470
2765 5172
2765 5283
2779 716
2779 2703
2779 2846
2779 3130
2779 4620
2786 2225
2786 4377
2792 113
2792 330
2792 369
2792 473
2792 1072
2792 2394
2792 3313
2792 3955
2800 1147
2800 3137
2800 5514
2803 281
2803 648
2803 3007
2803 4338
2803 4549
2803 5740
2805 666
2805 1934
2805 4543
2805 5342
2807 1137
2807 1673
2807 2762
2807 4378
2809 342
2809 1338
2809 2099
2809 2313
2809 3024
2809 3820
2809 4125
2810 3672
2810 3824
2810 4884
2811 63
2811 1835
2811 1941
2811 2967
2811 5055
2813 1002
2813 5467
2814 313
2814 902
2814 3734
2814 4286
2814 5180
2816 22
2816 603
2816 691
2816 1439
2816 2451
2816 2933
2816 3966
2816 4718
2823 4
2823 2898
2823 2919
2823 4375
2823 5320
2826 297
2826 1442
2826 1838
2826 1932
2826 2307
2826 2871
2826 3028
2826 3110
2826 3223
2826 3598
2826 3657
2826 3915
2826 5070
2831 1238
2831 4115
2831 4294
2831 5445
2835 5112
2843 640
2843 901
2843 2556
2843 4065
2843 5482
2846 716
2846 2703
2846 2779
2846 3130
2846 4620
2851 391
2851 2141
2851 2352
2851 2528
2851 5672
2854 2891
2854 4262
2854 5080
2855 1001
2855 2540
2855 3036
2855 3075
2855 3173
2855 3450
2855 3565
2855 3621
2855 4095
2855 4556
2855 4691
2855 5005
2855 5464
2856 84
2856 571
2856 4208
2856 5277
2862 588
2862 863
2862 1142
2862 2202
2862 3055
2862 3465
2862 4015
2862 4252
2862 4273
2869 1756
2869 4310
2871 1932
2871 2826
2871 3028
2871 3223
2871 3598
2871 3657
2871 3915
2872 353
2872 1684
2872 2151
2872 2564
2872 3696
2872 4268
2872 5194
2882 226
2882 1009
2882 2094
2882 4186
2886 3109
2886 3391
2886 3581
2886 3985
2886 4053
2886 4093
2886 4817
2886 5540
2886 5679
2891 2854
2891 4262
2891 5080
2895 1304
2895 1408
2895 1599
2895 3517
2895 4431
2895 5343
2895 5442
2895 5638
2898 4
2898 1023
2898 1470
2898 1687
2898 2268
2898 2369
2898 2509
2898 2823
2898 2919
2898 3130
2898 3137
2898 4375
2898 4419
2898 4965
2898 5320
2906 237
2906 1032
2906 1249
2906 2187
2906 3404
2906 3408
2906 3848
2906 5073
2908 252
2908 1937
2908 2992
2908 4965
2908 5666
2914 44
2914 841
2914 931
2914 1004
2914 1172
2914 1446
2914 2624
2914 4108
2916 767
2916 1246
2916 2090
2916 3369
2916 3614
2916 4147
2916 4794
2916 5668
2918 3902
2918 4143
2918 4333
2918 5354
2919 4
2919 2823
2919 2898
2919 4375
2919 5320
2926 404
2926 4252
2929 2706
2929 3392
2929 4361
2933 22
2933 603
2933 691
2933 1439
2933 2451
2933 2816
2933 3966
2933 4718
2935 201
2935 1507
2935 1691
2935 2424
2935 3115
2935 4003
2937 366
2937 1456
2937 1872
2937 3096
2937 3764
2937 4134
2937 4138
2937 5148
2937 5512
2939 64
2939 1286
2939 1521
2939 3943
2939 4432
2939 4870
2943 54
2943 3053
2943 3145
2943 4038
2943 4540
2943 4611
2943 5369
2945 1101
2945 2298
2945 3692
2945 3776
2945 4029
2945 5674
2959 372
2959 1038
2959 1041
2959 1103
2959 2129
2959 3896
2959 4467
2961 360
2961 1232
2961 2708
2961 3380
2961 4845
2961 5015
2961 5401
2967 63
2967 647
2967 1216
2967 1284
2967 1594
2967 1835
2967 1941
2967 2811
2967 3193
2967 4234
2967 5055
2976 15
2976 472
2976 714
2976 1112
2976 1192
2976 1733
2976 1884
2976 2495
2976 3036
2976 3104
2976 3422
2976 3628
2976 4299
2976 4739
2976 4874
2976 5069
2976 5207
2976 5631
2980 2201
2980 2557
2980 2636
2980 4248
2980 4284
2980 4880
2986 68
2986 1124
2986 1260
2986 1715
2986 1741
2986 2212
2986 3014
2986 3664
2986 4116
2986 5043
2986 5372
2986 5527
2986 5548
2992 252
2992 1937
2992 2908
2992 4965
2992 5666
2995 23
2995 3253
3006 2213
3006 2645
3006 3119
3006 3439
3006 4706
3006 5438
3007 281
3007 648
3007 2803
3007 4338
3007 4549
3007 5740
3010 610
3010 2047
3010 2065
3010 4346
3010 4436
3010 5370
3010 5426
3014 68
3014 1124
3014 1260
3014 1715
3014 1741
3014 2212
3014 2986
3014 3664
3014 4116
3014 5043
3014 5372
3014 5527
3014 5548
3018 767
3018 1856
3018 2702
3018 3027
3018 3369
3018 3503
3024 342
3024 1338
3024 2099
3024 2313
3024 2809
3024 3820
3024 4125
3027 767
3027 1856
3027 2702
3027 3018
3027 3369
3027 3503
3028 1932
3028 2826
3028 2871
3028 3223
3028 3598
3028 3657
3028 3915
3032 60
3032 70
3032 216
3032 292
3032 516
3032 1107
3032 3227
3032 3761
3032 5431
3033 229
3033 336
3033 926
3033 1115
3033 1357
3033 1373
3033 1761
3033 1848
3033 3621
3033 3852
3033 4186
3033 5025
3033 5033
3033 5557
3034 3260
3036 15
3036 393
3036 472
3036 714
3036 896
3036 1001
3036 1112
3036 1192
3036 1733
3036 1884
3036 2175
3036 2495
3036 2540
3036 2855
3036 2976
3036 3075
3036 3104
3036 3173
3036 3422
3036 3621
3036 3628
3036 3868
3036 4299
3036 4739
3036 4874
3036 5069
3036 5207
3036 5289
3036 5618
3036 5631
3037 831
3037 2334
3037 3185
3037 3286
3043 500
3043 1488
3043 4743
3043 5712
3044 220
3044 2144
3044 2398
3044 4645
3044 4880
3044 5225
3047 484
3047 620
3047 1817
3047 1989
3047 3342
3047 3469
3047 3666
3047 4826
3047 4832
3047 5411
3053 2943
3053 3145
3053 4540
3055 588
3055 863
3055 1142
3055 2202
3055 2862
3055 3465
3055 4015
3055 4252
3055 4273
3066 316
3066 2483
3070 235
3070 734
3070 1596
3070 2523
3070 5150
3070 5202
3071 1304
3071 1362
3071 3817
3071 4925
3071 4955
3074 1220
3074 1662
3074 3128
3075 1001
3075 2540
3075 2855
3075 3036
3075 3173
3075 3621
3081 1372
3081 3379
3087 1519
3087 3532
3087 4219
3091 462
3091 1006
3091 2121
3091 5118
3096 366
3096 1456
3096 1872
3096 2937
3096 3764
3096 4134
3096 4138
3096 5148
3096 5512
3102 396
3102 3198
3102 3827
3104 15
3104 472
3104 714
3104 1112
3104 1192
3104 1733
3104 1884
3104 2495
3104 2976
3104 3036
3104 3422
3104 3628
3104 4299
3104 4739
3104 4874
3104 5069
3104 5207
3104 5631
3108 1187
3108 4052
3108 4953
3109 2886
3109 3391
3109 3581
3109 3985
3109 4053
3109 4093
3109 4817
3109 5540
3109 5679
3110 297
3110 1442
3110 1838
3110 2307
3110 2826
3110 5070
3115 201
3115 1507
3115 1691
3115 2424
3115 2935
3115 4003
3117 3217
3117 3588
3117 4049
3119 2213
3119 2645
3119 3006
3119 3439
3119 4706
3119 5438
3128 1220
3128 1662
3128 3074
3130 716
3130 1470
3130 1687
3130 2268
3130 2509
3130 2703
3130 2779
3130 2846
3130 2898
3130 4620
3132 1078
3132 5365
3137 134
3137 159
3137 360
3137 1023
3137 1147
3137 1433
3137 1688
3137 2369
3137 2800
3137 2898
3137 3301
3137 3499
3137 3511
3137 3529
3137 3557
3137 4419
3137 4965
3137 5514
3137 5672
3140 479
3140 1114
3140 3865
3140 4255
3145 2943
3145 3053
3145 4540
3150 555
3150 681
3150 1841
3150 3410
3150 3745
3155 19
3155 69
3155 228
3155 612
3155 931
3155 2435
3155 2598
3155 2721
3155 5122
3163 966
3163 3402
3163 4245
3163 5642
3165 1
3165 547
3165 1880
3165 4514
3165 5518
3167 1127
3167 2240
3167 3659
3167 3825
3167 4061
3173 1001
3173 2540
3173 2855
3173 3036
3173 3075
3173 3621
3179 758
3179 1082
3179 3301
3179 5596
3181 1772
3181 2297
3181 3218
3181 3622
3181 5125
3185 831
3185 2334
3185 3037
3185 3286
3193 647
3193 1216
3193 1284
3193 1594
3193 2967
3193 3894
3193 4234
3193 4269
3193 4330
3193 5488
3195 656
3195 3882
3195 4632
3198 396
3198 3102
3198 3827
3202 1738
3202 2431
3202 3499
3202 5206
3202 5462
3208 972
3208 4168
3208 4790
3208 5599
3209 972
3209 1953
3209 4113
3209 5493
3210 61
3210 2381
3210 3797
3210 5694
3217 3117
3217 3588
3217 4049
3218 707
3218 1280
3218 1772
3218 2297
3218 2365
3218 3181
3218 3369
3218 3622
3218 3892
3218 3951
3218 5125
3218 5169
3218 5668
3223 1932
3223 2826
3223 2871
3223 3028
3223 3598
3223 3657
3223 3915
3227 60
3227 216
3227 3032
3227 5431
3233 226
3233 546
3233 3403
3233 3709
3233 4616
3236 66
3236 1104
3236 2168
3236 2289
3247 988
3247 5607
3251 1256
3251 1615
3251 1693
3251 1814
3251 2361
3251 3417
3251 4932
3251 5158
3253 23
3253 2995
3260 3034
3266 893
3266 1315
3266 2028
3266 3680
3266 4422
3266 5324
3269 575
3269 5420
3270 216
3270 2295
3270 5064
3270 5509
3272 2051
3272 2523
3272 3919
3272 5568
3275 1752
3275 2628
3275 5291
3275 5415
3278 905
3278 3392
3278 3393
3278 3477
3278 4414
3278 5467
3280 66
3280 1047
3280 2289
3284 1949
3284 2263
3284 5277
3285 2403
3285 5550
3286 831
3286 2334
3286 3037
3286 3185
3291 1792
3291 2726
3291 4816
3296 675
3296 1328
3296 2713
3296 4282
3296 5545
3300 2295
3300 2397
3300 3827
3300 5694
3301 159
3301 360
3301 758
3301 1082
3301 1433
3301 3137
3301 3179
3301 3511
3301 3529
3301 5596
3302 1420
3302 3558
3313 113
3313 330
3313 369
3313 473
3313 1072
3313 2394
3313 2792
3313 3955
3314 546
3314 4616
3320 1706
3320 4473
3322 1376
3322 3699
3322 4238
3326 147
3326 1701
3326 4447
3326 5205
3330 922
3330 1307
3330 5258
3330 5720
3342 484
3342 620
3342 1817
3342 1989
3342 3047
3342 3469
3342 3666
3342 4826
3342 4832
3342 5411
3350 639
3350 2606
3350 3741
3350 4103
3352 2227
3352 3933
3352 5606
3353 279
3353 1839
3353 2268
3353 3488
3353 4031
3355 4660
3355 4697
3363 808
3363 1042
3363 1095
3363 2400
3363 4247
3363 5643
3369 117
3369 303
3369 692
3369 767
3369 1246
3369 1387
3369 1452
3369 1588
3369 1856
3369 1860
3369 2090
3369 2702
3369 2916
3369 3018
3369 3027
3369 3218
3369 3409
3369 3463
3369 3503
3369 3614
3369 3648
3369 3704
3369 3892
3369 4118
3369 4147
3369 4794
3369 5169
3369 5485
3369 5668
3369 5694
3370 570
3370 1648
3370 1841
3370 3589
3370 3592
3370 4154
3370 4989
3370 5073
3370 5661
3379 1372
3379 3081
3380 360
3380 1232
3380 2708
3380 2961
3380 4845
3380 5015
3380 5401
3390 553
3390 826
3390 931
3390 1323
3390 1783
3390 3499
3390 5382
3391 2886
3391 3109
3391 3581
3391 3985
3391 4053
3391 4093
3391 4817
3391 5540
3391 5679
3392 905
3392 2706
3392 2929
3392 3278
3392 3393
3392 3477
3392 4361
3392 4414
3392 5467
3393 905
3393 3278
3393 3392
3393 3477
3393 4414
3393 5467
3394 797
3394 3827
3394 4072
3402 966
3402 3163
3402 4245
3402 5642
3403 83
3403 226
3403 546
3403 770
3403 804
3403 3233
3403 3709
3403 4288
3403 4616
3404 237
3404 1032
3404 1249
3404 2187
3404 2906
3404 3408
3404 3848
3404 5073
3405 664
3405 1114
3405 2063
3405 3861
3405 3970
3405 3986
3405 4831
3408 237
3408 949
3408 984
3408 1032
3408 1232
3408 1249
3408 2132
3408 2187
3408 2906
3408 3404
3408 3848
3408 5073
3409 117
3409 303
3409 692
3409 1387
3409 1588
3409 1860
3409 3369
3409 3463
3409 3648
3410 472
3410 555
3410 681
3410 1841
3410 2756
3410 3150
3410 3503
3410 3745
3410 4031
3417 1256
3417 1615
3417 1693
3417 1814
3417 2361
3417 3251
3417 4932
3417 5158
3422 15
3422 472
3422 714
3422 1112
3422 1192
3422 1733
3422 1884
3422 2495
3422 2976
3422 3036
3422 3104
3422 3628
3422 4299
3422 4739
3422 4874
3422 5069
3422 5207
3422 5631
3439 2213
3439 2645
3439 3006
3439 3119
3439 4706
3439 5438
3450 2855
3450 3565
3450 4095
3450 4556
3450 4691
3450 5005
3450 5464
3460 2295
3460 4548
3460 5181
3463 117
3463 303
3463 692
3463 1387
3463 1588
3463 1860
3463 3369
3463 3409
3463 3648
3464 58
3464 1757
3464 2051
3464 2691
3465 588
3465 863
3465 1142
3465 2202
3465 2862
3465 3055
3465 4015
3465 4252
3465 4273
3469 484
3469 620
3469 1817
3469 1989
3469 3047
3469 3342
3469 3666
3469 4826
3469 4832
3469 5411
3473 526
3473 1158
3473 3960
3473 4044
3474 714
3474 1106
3474 2643
3474 2752
3474 4251
3474 5274
3477 905
3477 3278
3477 3392
3477 3393
3477 4414
3477 5467
3484 637
3484 758
3484 1337
3484 4037
3488 279
3488 1839
3488 2268
3488 3353
3488 4031
3499 134
3499 553
3499 661
3499 826
3499 931
3499 1323
3499 1688
3499 1717
3499 1738
3499 1783
3499 2431
3499 3137
3499 3202
3499 3390
3499 3557
3499 3875
3499 4515
3499 4806
3499 5128
3499 5206
3499 5382
3499 5462
3499 5672
3503 472
3503 767
3503 1856
3503 2702
3503 2756
3503 3018
3503 3027
3503 3369
3503 3410
3503 4031
3504 632
3504 1667
3504 3686
3504 4572
3505 1105
3505 1441
3505 5205
3508 850
3508 1524
3508 2110
3508 5437
3508 5617
3511 159
3511 360
3511 1433
3511 3137
3511 3301
3511 3529
3517 1304
3517 1408
3517 1599
3517 2895
3517 4431
3517 5343
3517 5442
3517 5638
3521 204
3521 2193
3521 2258
3521 5082
3529 159
3529 360
3529 1433
3529 3137
3529 3301
3529 3511
3532 1519
3532 3087
3532 4219
3534 496
3534 566
3534 1196
3534 1460
3534 2236
3534 2620
3544 640
3544 785
3544 2310
3544 3855
3544 4113
3545 2299
3545 2577
3545 5610
3556 1250
3556 1616
3556 4439
3556 5613
3557 134
3557 1688
3557 3137
3557 3499
3557 5672
3558 1420
3558 3302
3565 2855
3565 3450
3565 4095
3565 4556
3565 4691
3565 5005
3565 5464
3573 194
3573 862
3573 1128
3573 1454
3573 1779
3573 2254
3573 4252
3573 4841
3573 4849
3573 5063
3581 2886
3581 3109
3581 3391
3581 3985
3581 4053
3581 4093
3581 4817
3581 5540
3581 5679
3588 3117
3588 3217
3588 4049
3589 570
3589 1648
3589 1841
3589 3370
3589 3592
3589 4154
3589 4989
3589 5073
3589 5661
3592 570
3592 1648
3592 1841
3592 3370
3592 3589
3592 4154
3592 4989
3592 5073
3592 5661
3594 1619
3594 3872
3594 4823
3594 5160
3598 1932
3598 2826
3598 2871
3598 3028
3598 3223
3598 3657
3598 3915
3604 1877
3604 2753
3604 2765
3604 4429
3604 4470
3604 5172
3604 5283
3612 1984
3612 2228
3612 3817
3612 4925
3612 5022
3614 1246
3614 2916
3614 3369
3614 4147
3621 1001
3621 1357
3621 2540
3621 2855
3621 3033
3621 3036
3621 3075
3621 3173
3621 3852
3621 4186
3622 1772
3622 2297
3622 3181
3622 3218
3622 5125
3628 15
3628 472
3628 714
3628 1112
3628 1192
3628 1733
3628 1884
3628 2495
3628 2976
3628 3036
3628 3104
3628 3422
3628 4299
3628 4739
3628 4874
3628 5069
3628 5207
3628 5631
3634 728
3634 1462
3634 2051
3634 4491
3634 5133
3638 275
3638 367
3638 1298
3638 1643
3638 1649
3638 1895
3638 5303
3645 184
3645 1793
3645 1825
3645 2266
3645 4464
3647 445
3647 599
3647 2332
3647 4444
3647 4971
3648 117
3648 303
3648 692
3648 1387
3648 1588
3648 1860
3648 3369
3648 3409
3648 3463
3653 276
3653 2753
3657 1932
3657 2826
3657 2871
3657 3028
3657 3223
3657 3598
3657 3915
3659 1127
3659 2240
3659 3167
3659 3825
3659 4061
3664 68
3664 1124
3664 1260
3664 1715
3664 1741
3664 2212
3664 2986
3664 3014
3664 4116
3664 5043
3664 5372
3664 5527
3664 5548
3666 484
3666 620
3666 1817
3666 1989
3666 3047
3666 3342
3666 3469
3666 4826
3666 4832
3666 5411
3671 593
3671 2051
3671 4062
3671 4933
3671 5015
3671 5498
3672 2810
3672 3824
3672 4775
3672 4884
3672 5234
3680 893
3680 1315
3680 2028
3680 3266
3680 4422
3680 5324
3685 141
3685 2314
3685 2633
3685 4024
3685 4939
3686 632
3686 1667
3686 3504
3686 4572
3687 288
3687 1272
3687 1668
3687 1914
3687 4575
3692 1101
3692 2298
3692 2945
3692 3776
3692 4029
3692 5674
3695 1161
3695 1174
3695 2480
3695 3890
3695 3950
3695 5278
3696 353
3696 1684
3696 2151
3696 2564
3696 2872
3696 4268
3696 5194
3699 1376
3699 3322
3699 4238
3704 577
3704 3369
3704 3892
3704 4118
3707 1748
3707 2319
3709 226
3709 546
3709 3233
3709 3403
3709 4616
3711 102
3711 1057
3711 3719
3716 644
3716 2275
3719 102
3719 1057
3719 3711
3734 313
3734 902
3734 940
3734 2814
3734 4277
3734 4286
3734 4355
3734 5180
3734 5328
3734 5401
3741 639
3741 2606
3741 3350
3741 4103
3742 545
3742 3948
3742 4850
3742 5313
3745 555
3745 681
3745 1841
3745 3150
3745 3410
3746 48
3746 1334
3761 70
3761 292
3761 516
3761 1107
3761 3032
3762 4270
3762 5424
3763 990
3763 1687
3763 1827
3763 2669
3763 3930
3764 366
3764 1456
3764 1872
3764 2937
3764 3096
3764 4134
3764 4138
3764 5148
3764 5512
3776 1101
3776 2298
3776 2945
3776 3692
3776 4029
3776 5674
3777 218
3777 226
3777 730
3777 1067
3777 1367
3777 1750
3777 2096
3777 2629
3777 4123
3777 4287
3777 4511
3797 61
3797 2381
3797 3210
3797 5694
3806 2446
3806 4295
3806 4649
3806 5574
3807 1145
3807 2308
3807 5284
3817 1304
3817 1362
3817 1984
3817 2228
3817 3071
3817 3612
3817 4925
3817 4955
3817 5022
3820 342
3820 1338
3820 2099
3820 2313
3820 2809
3820 3024
3820 4125
3824 2810
3824 3672
3824 4884
3825 1127
3825 2240
3825 3167
3825 3659
3825 4061
3827 396
3827 797
3827 2295
3827 2397
3827 3102
3827 3198
3827 3300
3827 3394
3827 4072
3827 5694
3842 754
3842 5044
3848 237
3848 1032
3848 1249
3848 2187
3848 2906
3848 3404
3848 3408
3848 5073
3850 2626
3850 4579
3850 5235
3852 1357
3852 3033
3852 3621
3852 4186
3854 2155
3854 2230
3854 3884
3854 4154
3854 4237
3854 5162
3854 5248
3854 5553
3855 640
3855 725
3855 785
3855 1562
3855 2310
3855 3544
3855 4113
3857 8
3857 594
3857 2145
3857 5441
3859 1826
3859 2017
3861 664
3861 1114
3861 2063
3861 3405
3861 3970
3861 3986
3861 4831
3865 479
3865 1114
3865 3140
3865 4255
3868 393
3868 896
3868 2175
3868 3036
3868 5289
3868 5618
3869 1384
3869 4555
3869 4999
3872 1619
3872 3594
3872 4823
3872 5160
3875 661
3875 1717
3875 3499
3875 4515
3875 4806
3875 5128
3881 2039
3881 2489
3881 4199
3882 656
3882 3195
3882 4632
3884 2155
3884 2230
3884 3854
3884 4154
3884 4237
3884 5162
3884 5248
3884 5553
3890 1161
3890 1174
3890 2480
3890 3695
3890 3950
3890 5278
3892 577
3892 707
3892 1280
3892 1452
3892 1939
3892 2253
3892 2365
3892 3218
3892 3369
3892 3704
3892 3951
3892 4118
3892 5070
3892 5169
3892 5485
3892 5668
3892 5694
3894 647
3894 3193
3894 4269
3894 4330
3894 5488
3896 372
3896 1038
3896 1041
3896 1103
3896 2129
3896 2959
3896 4467
3902 2918
3902 4143
3902 4333
3902 5354
3903 5351
3915 1932
3915 2826
3915 2871
3915 3028
3915 3223
3915 3598
3915 3657
3919 2051
3919 2523
3919 3272
3919 5568
3920 205
3920 2154
3920 2652
3930 990
3930 1687
3930 1827
3930 2669
3930 3763
3933 2227
3933 3352
3933 5606
3934 276
3934 2120
3934 2753
3934 4416
3934 4822
3938 1438
3938 1873
3938 1906
3938 2054
3938 2192
3938 3958
3938 4039
3938 4568
3938 4894
3938 5349
3939 1066
3939 5161
3943 64
3943 1286
3943 1521
3943 2939
3943 4432
3943 4870
3944 3963
3944 4117
3946 761
3946 5403
3948 545
3948 3742
3948 4850
3948 5313
3950 1161
3950 1174
3950 2480
3950 3695
3950 3890
3950 5278
3951 707
3951 1280
3951 2365
3951 3218
3951 3892
3955 113
3955 330
3955 369
3955 473
3955 1072
3955 2394
3955 2792
3955 3313
3958 1438
3958 1873
3958 1906
3958 2054
3958 2192
3958 3938
3958 4039
3958 4568
3958 4894
3958 5349
3960 526
3960 1158
3960 3473
3960 4044
3963 3944
3963 4117
3964 2563
3964 4363
3964 4600
3966 22
3966 603
3966 691
3966 1439
3966 2451
3966 2816
3966 2933
3966 4718
3970 664
3970 1114
3970 2063
3970 3405
3970 3861
3970 3986
3970 4831
3975 249
3975 583
3975 4617
3985 2886
3985 3109
3985 3391
3985 3581
3985 4053
3985 4093
3985 4817
3985 5540
3985 5679
3986 664
3986 1114
3986 2063
3986 3405
3986 3861
3986 3970
3986 4831
3995 2312
3995 5191
4003 201
4003 1507
4003 1691
4003 2424
4003 2935
4003 3115
4011 213
4011 1493
4011 1716
4015 588
4015 863
4015 1142
4015 2202
4015 2862
4015 3055
4015 3465
4015 4252
4015 4273
4020 2073
4020 2158
4020 2200
4020 4129
4021 855
4021 2073
4021 4129
4021 5712
4024 141
4024 2314
4024 2633
4024 3685
4024 4939
4026 161
4026 335
4026 726
4026 800
4026 909
4026 1559
4026 5409
4028 545
4028 2587
4028 2683
4028 4447
4029 1101
4029 2298
4029 2945
4029 3692
4029 3776
4029 5674
4031 279
4031 472
4031 1839
4031 2268
4031 2756
4031 3353
4031 3410
4031 3488
4031 3503
4037 637
4037 758
4037 1337
4037 2365
4037 2398
4037 3484
4037 5446
4037 5492
4038 54
4038 2943
4038 4611
4038 5369
4039 1438
4039 1873
4039 1906
4039 2054
4039 2192
4039 3938
4039 3958
4039 4568
4039 4894
4039 5349
4044 526
4044 1158
4044 3473
4044 3960
4049 3117
4049 3217
4049 3588
4052 1187
4052 3108
4052 4953
4053 2886
4053 3109
4053 3391
4053 3581
4053 3985
4053 4093
4053 4817
4053 5540
4053 5679
4061 1127
4061 1636
4061 2240
4061 3167
4061 3659
4061 3825
4061 5132
4062 211
4062 593
4062 632
4062 810
4062 2051
4062 3671
4062 4398
4062 4933
4062 5015
4062 5498
4065 640
4065 901
4065 2556
4065 2843
4065 5482
4072 797
4072 3394
4072 3827
4079 5130
4079 5383
4081 1070
4081 4184
4081 4750
4081 4981
4081 5049
4093 2886
4093 3109
4093 3391
4093 3581
4093 3985
4093 4053
4093 4817
4093 5540
4093 5679
4095 2855
4095 3450
4095 3565
4095 4556
4095 4691
4095 5005
4095 5464
4099 969
4099 4769
4100 828
4100 2709
4100 4183
4100 4885
4103 639
4103 2606
4103 3350
4103 3741
4107 186
4107 1381
4107 1960
4107 2635
4107 5245
4108 44
4108 841
4108 931
4108 1004
4108 1172
4108 1446
4108 2624
4108 2914
4113 640
4113 785
4113 972
4113 1901
4113 1953
4113 2310
4113 2728
4113 3209
4113 3544
4113 3855
4113 5493
4115 1238
4115 2831
4115 4294
4115 5445
4116 68
4116 1124
4116 1260
4116 1715
4116 1741
4116 2212
4116 2986
4116 3014
4116 3664
4116 5043
4116 5372
4116 5527
4116 5548
4117 3944
4117 3963
4118 1452
4118 3369
4118 3704
4118 3892
4118 5485
4118 5694
4123 218
4123 226
4123 1067
4123 2096
4123 2629
4123 3777
4125 342
4125 1338
4125 2099
4125 2313
4125 2809
4125 3024
4125 3820
4129 855
4129 2073
4129 2158
4129 2200
4129 4020
4129 4021
4129 5712
4132 64
4132 208
4132 1477
4132 2093
4132 2630
4132 5635
4132 5718
4134 366
4134 1456
4134 1872
4134 2937
4134 3096
4134 3764
4134 4138
4134 5148
4134 5512
4138 366
4138 1456
4138 1872
4138 2937
4138 3096
4138 3764
4138 4134
4138 5148
4138 5512
4143 2918
4143 3902
4143 4333
4143 5354
4147 1246
4147 2916
4147 3369
4147 3614
4154 570
4154 1648
4154 1841
4154 2155
4154 2230
4154 3370
4154 3589
4154 3592
4154 3854
4154 3884
4154 4237
4154 4989
4154 5073
4154 5162
4154 5248
4154 5553
4154 5661
4155 218
4155 645
4155 871
4155 4335
4168 972
4168 3208
4168 4790
4168 5599
4170 676
4170 1537
4170 2410
4170 4920
4170 5583
4172 1548
4172 4679
4172 4883
4173 1889
4173 1957
4173 2229
4173 2290
4173 2648
4176 38
4176 627
4176 2034
4176 4222
4176 4486
4176 5064
4176 5686
4183 37
4183 93
4183 767
4183 828
4183 1681
4183 1797
4183 2709
4183 4100
4183 4847
4183 4885
4183 5136
4183 5351
4184 1070
4184 4081
4184 4750
4184 4981
4184 5049
4186 226
4186 336
4186 926
4186 1009
4186 1115
4186 1357
4186 1823
4186 2094
4186 2882
4186 3033
4186 3621
4186 3852
4186 4713
4186 5025
4186 5033
4186 5133
4186 5413
4186 5557
4199 2039
4199 2489
4199 3881
4208 84
4208 571
4208 2856
4208 5277
4219 1519
4219 3087
4219 3532
4222 2034
4222 4176
4222 5686
4226 907
4226 2349
4234 647
4234 1216
4234 1284
4234 1594
4234 2967
4234 3193
4237 2155
4237 2230
4237 3854
4237 3884
4237 4154
4237 5162
4237 5248
4237 5553
4238 1376
4238 3322
4238 3699
4245 966
4245 3163
4245 3402
4245 5642
4247 808
4247 1042
4247 1095
4247 2400
4247 3363
4247 5643
4248 2201
4248 2557
4248 2636
4248 2980
4248 4284
4248 4880
4251 714
4251 1106
4251 2643
4251 2752
4251 3474
4251 5274
4252 194
4252 404
4252 588
4252 862
4252 863
4252 1128
4252 1142
4252 1454
4252 1779
4252 2202
4252 2254
4252 2862
4252 2926
4252 3055
4252 3465
4252 3573
4252 4015
4252 4273
4252 4841
4252 4849
4252 5063
4253 939
4253 1164
4253 2380
4253 5613
4255 479
4255 1114
4255 3140
4255 3865
4262 2854
4262 2891
4262 5080
4268 353
4268 1684
4268 2151
4268 2564
4268 2872
4268 3696
4268 5194
4269 647
4269 3193
4269 3894
4269 4330
4269 5488
4270 3762
4270 5424
4271 343
4271 1293
4271 2215
4271 5767
4273 588
4273 863
4273 1142
4273 2202
4273 2862
4273 3055
4273 3465
4273 4015
4273 4252
4277 940
4277 3734
4277 4355
4277 5328
4277 5401
4282 675
4282 1328
4282 2713
4282 3296
4282 5545
4284 2201
4284 2557
4284 2636
4284 2980
4284 4248
4284 4880
4286 313
4286 902
4286 2814
4286 3734
4286 5180
4287 1750
4287 3777
4287 4511
4288 83
4288 770
4288 804
4288 3403
4294 1238
4294 2831
4294 4115
4294 5445
4295 2446
4295 3806
4295 4649
4295 5574
4299 15
4299 472
4299 714
4299 1112
4299 1192
4299 1733
4299 1884
4299 2495
4299 2976
4299 3036
4299 3104
4299 3422
4299 3628
4299 4739
4299 4874
4299 5069
4299 5207
4299 5631
4302 221
4302 752
4302 1535
4310 1756
4310 2869
4313 732
4313 1346
4313 2747
4313 4597
4313 4870
4318 2435
4318 5091
4326 115
4326 226
4326 264
4326 2091
4326 2374
4326 5192
4326 5614
4330 341
4330 647
4330 1978
4330 2616
4330 3193
4330 3894
4330 4269
4330 5488
4333 2918
4333 3902
4333 4143
4333 5354
4335 218
4335 645
4335 871
4335 4155
4338 281
4338 648
4338 2803
4338 3007
4338 4549
4338 5740
4346 610
4346 2047
4346 2065
4346 3010
4346 4436
4346 5370
4346 5426
4353 1062
4353 2631
4353 4374
4353 4907
4355 940
4355 3734
4355 4277
4355 5328
4355 5401
4357 1119
4357 1234
4357 1755
4357 5134
4361 2706
4361 2929
4361 3392
4363 2563
4363 3964
4363 4600
4367 702
4367 761
4367 1704
4367 2505
4367 5109
4374 1062
4374 2631
4374 4353
4374 4907
4375 4
4375 2823
4375 2898
4375 2919
4375 5320
4377 2225
4377 2786
4378 1137
4378 1673
4378 2762
4378 2807
4388 109
4388 2032
4388 2070
4388 2498
4396 5619
4396 5634
4398 211
4398 593
4398 632
4398 810
4398 2051
4398 4062
4404 1001
4404 1275
4404 4838
4404 4954
4405 285
4405 743
4405 4601
4405 4982
4406 1590
4406 1650
4406 2340
4406 2734
4406 5142
4414 905
4414 3278
4414 3392
4414 3393
4414 3477
4414 5467
4416 276
4416 2120
4416 2753
4416 3934
4416 4822
4419 1023
4419 2369
4419 2898
4419 3137
4419 4965
4422 893
4422 1315
4422 2028
4422 3266
4422 3680
4422 5324
4429 1877
4429 2753
4429 2765
4429 3604
4429 4470
4429 5172
4429 5283
4431 1304
4431 1408
4431 1599
4431 2895
4431 3517
4431 5343
4431 5442
4431 5638
4432 64
4432 1286
4432 1326
4432 1521
4432 1767
4432 2939
4432 3943
4432 4870
4432 5381
4432 5412
4432 5473
4436 610
4436 2047
4436 2065
4436 3010
4436 4346
4436 5370
4436 5426
4437 1996
4437 2016
4439 1250
4439 1616
4439 3556
4439 5613
4442 1221
4442 2219
4442 5028
4444 445
4444 599
4444 2332
4444 3647
4444 4971
4445 2680
4445 4984
4447 147
4447 545
4447 1701
4447 2587
4447 2683
4447 3326
4447 4028
4447 5205
4464 184
4464 1793
4464 1825
4464 2266
4464 3645
4467 372
4467 1038
4467 1041
4467 1103
4467 2129
4467 2959
4467 3896
4470 1877
4470 2753
4470 2765
4470 3604
4470 4429
4470 5172
4470 5283
4473 1706
4473 3320
4486 38
4486 627
4486 4176
4486 5064
4491 728
4491 1462
4491 2051
4491 3634
4491 5133
4495 893
4495 5099
4503 1425
4503 5506
4511 1750
4511 3777
4511 4287
4512 1097
4512 1957
4512 2141
4512 2334
4512 2605
4512 4522
4512 4881
4512 5355
4514 1
4514 547
4514 1880
4514 3165
4514 5518
4515 661
4515 1717
4515 3499
4515 3875
4515 4806
4515 5128
4522 1097
4522 1957
4522 2141
4522 2334
4522 2605
4522 4512
4522 4881
4522 5355
4531 1536
4531 1970
4531 2171
4531 5027
4531 5086
4531 5731
4538 312
4538 1013
4538 1365
4538 1415
4540 2943
4540 3053
4540 3145
4541 1666
4541 5124
4543 666
4543 1934
4543 2805
4543 5342
4548 2295
4548 3460
4548 5181
4549 281
4549 648
4549 2803
4549 3007
4549 4338
4549 5740
4555 1384
4555 3869
4555 4999
4556 2855
4556 3450
4556 3565
4556 4095
4556 4691
4556 5005
4556 5464
4563 703
4563 829
4563 1296
4563 1515
4563 1694
4563 1760
4563 5532
4563 5594
4568 1438
4568 1873
4568 1906
4568 2054
4568 2192
4568 3938
4568 3958
4568 4039
4568 4894
4568 5349
4572 632
4572 1667
4572 3504
4572 3686
4575 288
4575 1272
4575 1668
4575 1914
4575 3687
4576 888
4576 1039
4576 1311
4576 1630
4576 2333
4576 4940
4576 4988
4576 5094
4579 2626
4579 3850
4579 5235
4582 2190
4582 5016
4597 732
4597 1346
4597 2747
4597 4313
4597 4870
4600 2563
4600 3964
4600 4363
4601 285
4601 743
4601 4405
4601 4982
4611 54
4611 2943
4611 4038
4611 5369
4616 226
4616 546
4616 3233
4616 3314
4616 3403
4616 3709
4617 249
4617 583
4617 3975
4619 1606
4619 1861
4619 5519
4620 716
4620 2703
4620 2779
4620 2846
4620 3130
4623 185
4623 508
4623 2081
4623 5085
4629 1534
4629 2159
4632 656
4632 3195
4632 3882
4643 243
4643 714
4643 1769
4643 4797
4643 5015
4643 5307
4644 262
4644 4911
4644 5168
4644 5222
4644 5262
4645 220
4645 2144
4645 2398
4645 3044
4645 4880
4645 5225
4649 2446
4649 3806
4649 4295
4649 5574
4660 3355
4660 4697
4679 1548
4679 4172
4679 4883
4691 1106
4691 1699
4691 2370
4691 2760
4691 2855
4691 3450
4691 3565
4691 4095
4691 4556
4691 5005
4691 5464
4697 3355
4697 4660
4706 2213
4706 2645
4706 3006
4706 3119
4706 3439
4706 5438
4713 1823
4713 4186
4713 5133
4713 5413
4718 22
4718 603
4718 691
4718 1439
4718 1625
4718 1705
4718 2451
4718 2816
4718 2933
4718 3966
4718 5481
4739 15
4739 472
4739 714
4739 1112
4739 1192
4739 1733
4739 1884
4739 2495
4739 2976
4739 3036
4739 3104
4739 3422
4739 3628
4739 4299
4739 4874
4739 5069
4739 5207
4739 5631
4743 500
4743 1488
4743 3043
4743 5712
4747 1223
4747 1357
4747 1488
4747 2087
4747 2643
4747 2665
4747 4752
4747 4791
4747 5318
4750 1070
4750 4081
4750 4184
4750 4981
4750 5049
4752 1223
4752 1357
4752 1488
4752 2087
4752 2643
4752 2665
4752 4747
4752 4791
4752 5318
4759 2594
4759 5432
4769 969
4769 4099
4775 3672
4775 5234
4790 972
4790 3208
4790 4168
4790 5599
4791 294
4791 1223
4791 1357
4791 1488
4791 1500
4791 1970
4791 2087
4791 2167
4791 2540
4791 2643
4791 2665
4791 4747
4791 4752
4791 5318
4791 5712
4794 767
4794 2090
4794 2916
4794 3369
4794 5668
4797 243
4797 714
4797 1769
4797 4643
4797 5015
4797 5307
4806 661
4806 1717
4806 3499
4806 3875
4806 4515
4806 5128
4816 1792
4816 2726
4816 3291
4817 2886
4817 3109
4817 3391
4817 3581
4817 3985
4817 4053
4817 4093
4817 5540
4817 5679
4822 276
4822 2120
4822 2753
4822 3934
4822 4416
4823 1619
4823 3594
4823 3872
4823 5160
4826 484
4826 620
4826 1817
4826 1989
4826 3047
4826 3342
4826 3469
4826 3666
4826 4832
4826 5411
4831 664
4831 1114
4831 2063
4831 3405
4831 3861
4831 3970
4831 3986
4832 484
4832 620
4832 1817
4832 1989
4832 3047
4832 3342
4832 3469
4832 3666
4832 4826
4832 5411
4838 1001
4838 1275
4838 4404
4838 4954
4841 194
4841 862
4841 1128
4841 1454
4841 1779
4841 2254
4841 3573
4841 4252
4841 4849
4841 5063
4845 360
4845 1232
4845 2708
4845 2961
4845 3380
4845 5015
4845 5401
4847 37
4847 93
4847 2709
4847 4183
4847 4885
4849 194
4849 862
4849 1128
4849 1454
4849 1779
4849 2254
4849 3573
4849 4252
4849 4841
4849 5063
4850 545
4850 3742
4850 3948
4850 5313
4856 191
4856 227
4856 691
4856 814
4856 841
4856 1920
4863 122
4863 1412
4863 4951
4870 64
4870 732
4870 1286
4870 1346
4870 1521
4870 2747
4870 2939
4870 3943
4870 4313
4870 4432
4870 4597
4874 15
4874 472
4874 714
4874 1112
4874 1192
4874 1733
4874 1884
4874 2495
4874 2976
4874 3036
4874 3104
4874 3422
4874 3628
4874 4299
4874 4739
4874 5069
4874 5207
4874 5631
4880 220
4880 2144
4880 2201
4880 2398
4880 2557
4880 2636
4880 2980
4880 3044
4880 4248
4880 4284
4880 4645
4880 5225
4881 1097
4881 1957
4881 2141
4881 2334
4881 2605
4881 4512
4881 4522
4881 5355
4883 1548
4883 4172
4883 4679
4884 2810
4884 3672
4884 3824
4885 37
4885 93
4885 828
4885 2709
4885 4100
4885 4183
4885 4847
4894 1438
4894 1873
4894 1906
4894 2054
4894 2192
4894 3938
4894 3958
4894 4039
4894 4568
4894 5349
4896 2050
4896 5380
4907 1062
4907 2631
4907 4353
4907 4374
4911 262
4911 4644
4911 5168
4911 5222
4911 5262
4920 676
4920 1537
4920 2410
4920 4170
4920 5583
4925 1304
4925 1362
4925 1984
4925 2228
4925 3071
4925 3612
4925 3817
4925 4955
4925 5022
4932 1256
4932 1615
4932 1693
4932 1814
4932 2361
4932 3251
4932 3417
4932 5158
4933 593
4933 2051
4933 3671
4933 4062
4933 5015
4933 5498
4937 646
4937 2430
4939 141
4939 2314
4939 2633
4939 3685
4939 4024
4940 888
4940 1039
4940 1311
4940 1630
4940 2333
4940 4576
4940 4988
4940 5094
4942 719
4942 1762
4942 1810
4951 122
4951 1412
4951 4863
4953 1187
4953 3108
4953 4052
4954 1001
4954 1275
4954 4404
4954 4838
4955 1304
4955 1362
4955 3071
4955 3817
4955 4925
4959 607
4959 1464
4965 252
4965 1023
4965 1937
4965 2369
4965 2898
4965 2908
4965 2992
4965 3137
4965 4419
4965 5666
4971 445
4971 599
4971 2332
4971 3647
4971 4444
4981 1070
4981 4081
4981 4184
4981 4750
4981 5049
4982 285
4982 743
4982 4405
4982 4601
4984 2680
4984 4445
4988 888
4988 1039
4988 1311
4988 1630
4988 2333
4988 4576
4988 4940
4988 5094
4989 570
4989 1648
4989 1841
4989 3370
4989 3589
4989 3592
4989 4154
4989 5073
4989 5661
4999 1384
4999 3869
4999 4555
5005 2855
5005 3450
5005 3565
5005 4095
5005 4556
5005 4691
5005 5464
5015 243
5015 360
5015 593
5015 714
5015 1232
5015 1769
5015 2051
5015 2708
5015 2961
5015 3380
5015 3671
5015 4062
5015 4643
5015 4797
5015 4845
5015 4933
5015 5307
5015 5401
5015 5498
5016 2190
5016 4582
5019 694
5022 1984
5022 2228
5022 3612
5022 3817
5022 4925
5025 336
5025 926
5025 1115
5025 3033
5025 4186
5025 5033
5027 1536
5027 1970
5027 2171
5027 4531
5027 5086
5027 5731
5028 1221
5028 2219
5028 4442
5032 707
5032 974
5032 1027
5032 1088
5032 2533
5033 336
5033 926
5033 1115
5033 3033
5033 4186
5033 5025
5043 68
5043 1124
5043 1260
5043 1715
5043 1741
5043 2212
5043 2986
5043 3014
5043 3664
5043 4116
5043 5372
5043 5527
5043 5548
5044 754
5044 3842
5049 1070
5049 4081
5049 4184
5049 4750
5049 4981
5051 463
5051 5528
5055 63
5055 1835
5055 1941
5055 2811
5055 2967
5058 361
5058 2304
5063 194
5063 862
5063 1128
5063 1454
5063 1779
5063 2254
5063 3573
5063 4252
5063 4841
5063 4849
5064 38
5064 216
5064 627
5064 972
5064 1556
5064 1623
5064 2295
5064 3270
5064 4176
5064 4486
5064 5509
5069 15
5069 152
5069 167
5069 472
5069 714
5069 1112
5069 1192
5069 1733
5069 1884
5069 2391
5069 2495
5069 2976
5069 3036
5069 3104
5069 3422
5069 3628
5069 4299
5069 4739
5069 4874
5069 5207
5069 5631
5070 297
5070 1442
5070 1838
5070 1939
5070 2307
5070 2826
5070 3110
5070 3892
5070 5485
5073 237
5073 570
5073 1032
5073 1249
5073 1648
5073 1841
5073 2187
5073 2906
5073 3370
5073 3404
5073 3408
5073 3589
5073 3592
5073 3848
5073 4154
5073 4989
5073 5661
5080 2854
5080 2891
5080 4262
5082 204
5082 2193
5082 2258
5082 3521
5085 185
5085 508
5085 2081
5085 4623
5086 1536
5086 1970
5086 2171
5086 4531
5086 5027
5086 5731
5091 2435
5091 4318
5094 888
5094 1039
5094 1311
5094 1630
5094 2333
5094 4576
5094 4940
5094 4988
5099 893
5099 4495
5103 414
5103 1934
5109 702
5109 761
5109 1704
5109 2505
5109 4367
5112 2835
5118 462
5118 1006
5118 2121
5118 3091
5122 19
5122 69
5122 228
5122 612
5122 931
5122 2435
5122 2598
5122 2721
5122 3155
5124 1666
5124 4541
5125 1772
5125 2297
5125 3181
5125 3218
5125 3622
5128 661
5128 1717
5128 3499
5128 3875
5128 4515
5128 4806
5130 4079
5130 5383
5132 1636
5132 4061
5133 469
5133 616
5133 728
5133 994
5133 1044
5133 1462
5133 1823
5133 2051
5133 3634
5133 4186
5133 4491
5133 4713
5133 5413
5134 1119
5134 1234
5134 1755
5134 4357
5136 767
5136 1797
5136 4183
5142 1590
5142 1650
5142 2340
5142 2734
5142 4406
5148 366
5148 1456
5148 1872
5148 2937
5148 3096
5148 3764
5148 4134
5148 4138
5148 5512
5150 235
5150 734
5150 1596
5150 2523
5150 3070
5150 5202
5151 401
5151 859
5151 973
5151 1967
5158 1256
5158 1615
5158 1693
5158 1814
5158 2361
5158 3251
5158 3417
5158 4932
5160 1619
5160 3594
5160 3872
5160 4823
5161 1066
5161 3939
5162 2155
5162 2230
5162 3854
5162 3884
5162 4154
5162 4237
5162 5248
5162 5553
5168 262
5168 4644
5168 4911
5168 5222
5168 5262
5169 3218
5169 3369
5169 3892
5169 5668
5172 1877
5172 2753
5172 2765
5172 3604
5172 4429
5172 4470
5172 5283
5180 313
5180 902
5180 2459
5180 2814
5180 3734
5180 4286
5181 2295
5181 3460
5181 4548
5186 2758
5188 624
5188 1376
5188 1755
5191 2312
5191 3995
5192 226
5192 2091
5192 4326
5194 353
5194 1684
5194 2151
5194 2564
5194 2872
5194 3696
5194 4268
5202 235
5202 734
5202 1596
5202 2523
5202 3070
5202 5150
5203 1305
5203 2676
5205 147
5205 1105
5205 1441
5205 1701
5205 3326
5205 3505
5205 4447
5206 1738
5206 2431
5206 3202
5206 3499
5206 5462
5207 15
5207 472
5207 714
5207 1112
5207 1192
5207 1733
5207 1884
5207 2495
5207 2976
5207 3036
5207 3104
5207 3422
5207 3628
5207 4299
5207 4739
5207 4874
5207 5069
5207 5631
5222 262
5222 4644
5222 4911
5222 5168
5222 5262
5225 220
5225 2144
5225 2398
5225 3044
5225 4645
5225 4880
5227 141
5227 182
5227 916
5227 2633
5234 3672
5234 4775
5235 2626
5235 3850
5235 4579
5240 901
5240 1420
5240 1576
5240 2198
5240 2606
5242 5485
5242 5734
5245 186
5245 1381
5245 1960
5245 2635
5245 4107
5248 2155
5248 2230
5248 3854
5248 3884
5248 4154
5248 4237
5248 5162
5248 5553
5258 922
5258 1307
5258 3330
5258 5720
5262 262
5262 4644
5262 4911
5262 5168
5262 5222
5274 714
5274 1106
5274 2643
5274 2752
5274 3474
5274 4251
5277 84
5277 571
5277 1949
5277 2263
5277 2856
5277 3284
5277 4208
5278 1161
5278 1174
5278 2480
5278 3695
5278 3890
5278 3950
5283 1877
5283 2753
5283 2765
5283 3604
5283 4429
5283 4470
5283 5172
5284 1145
5284 2308
5284 3807
5289 393
5289 896
5289 2175
5289 3036
5289 3868
5289 5618
5291 1752
5291 2628
5291 3275
5291 5415
5303 275
5303 367
5303 1298
5303 1643
5303 1649
5303 1895
5303 3638
5307 243
5307 714
5307 1769
5307 4643
5307 4797
5307 5015
5313 545
5313 3742
5313 3948
5313 4850
5318 1223
5318 1357
5318 1488
5318 2087
5318 2643
5318 2665
5318 4747
5318 4752
5318 4791
5320 4
5320 2823
5320 2898
5320 2919
5320 4375
5324 893
5324 1315
5324 2028
5324 3266
5324 3680
5324 4422
5328 940
5328 3734
5328 4277
5328 4355
5328 5401
5334 53
5334 1940
5334 2566
5334 5750
5342 666
5342 1934
5342 2805
5342 4543
5343 1304
5343 1408
5343 1599
5343 2895
5343 3517
5343 4431
5343 5442
5343 5638
5346 1723
5346 2677
5349 1438
5349 1873
5349 1906
5349 2054
5349 2192
5349 3938
5349 3958
5349 4039
5349 4568
5349 4894
5351 1681
5351 3903
5351 4183
5354 2918
5354 3902
5354 4143
5354 4333
5355 1097
5355 1957
5355 2141
5355 2334
5355 2605
5355 4512
5355 4522
5355 4881
5365 1078
5365 3132
5369 54
5369 2943
5369 4038
5369 4611
5370 610
5370 2047
5370 2065
5370 3010
5370 4346
5370 4436
5370 5426
5372 68
5372 1124
5372 1260
5372 1715
5372 1741
5372 2212
5372 2986
5372 3014
5372 3664
5372 4116
5372 5043
5372 5527
5372 5548
5373 1271
5373 2447
5380 2050
5380 4896
5381 1326
5381 1767
5381 4432
5381 5412
5381 5473
5382 553
5382 826
5382 931
5382 1323
5382 1783
5382 3390
5382 3499
5383 4079
5383 5130
5401 360
5401 940
5401 1232
5401 2708
5401 2961
5401 3380
5401 3734
5401 4277
5401 4355
5401 4845
5401 5015
5401 5328
5403 761
5403 3946
5409 161
5409 335
5409 726
5409 800
5409 909
5409 1559
5409 4026
5411 484
5411 620
5411 1817
5411 1989
5411 3047
5411 3342
5411 3469
5411 3666
5411 4826
5411 4832
5412 1326
5412 1767
5412 4432
5412 5381
5412 5473
5413 1823
5413 4186
5413 4713
5413 5133
5415 1752
5415 2628
5415 3275
5415 5291
5420 575
5420 3269
5424 3762
5424 4270
5426 610
5426 2047
5426 2065
5426 3010
5426 4346
5426 4436
5426 5370
5431 60
5431 216
5431 3032
5431 3227
5432 2594
5432 4759
5434 5523
5437 850
5437 1524
5437 2110
5437 3508
5437 5617
5438 2213
5438 2645
5438 3006
5438 3119
5438 3439
5438 4706
5441 8
5441 594
5441 2145
5441 3857
5442 1304
5442 1408
5442 1599
5442 2895
5442 3517
5442 4431
5442 5343
5442 5638
5445 1238
5445 2831
5445 4115
5445 4294
5446 2365
5446 2398
5446 4037
5446 5492
5462 1738
5462 2431
5462 3202
5462 3499
5462 5206
5464 2855
5464 3450
5464 3565
5464 4095
5464 4556
5464 4691
5464 5005
5467 905
5467 1002
5467 2813
5467 3278
5467 3392
5467 3393
5467 3477
5467 4414
5473 1326
5473 1767
5473 4432
5473 5381
5473 5412
5481 1625
5481 1705
5481 4718
5482 640
5482 901
5482 2556
5482 2843
5482 4065
5485 1452
5485 1939
5485 3369
5485 3892
5485 4118
5485 5070
5485 5242
5485 5694
5485 5734
5488 341
5488 647
5488 1978
5488 2616
5488 3193
5488 3894
5488 4269
5488 4330
5492 2365
5492 2398
5492 4037
5492 5446
5493 972
5493 1953
5493 3209
5493 4113
5498 593
5498 2051
5498 3671
5498 4062
5498 4933
5498 5015
5500 1664
5500 2161
5500 5611
5506 1425
5506 4503
5509 216
5509 2295
5509 3270
5509 5064
5512 366
5512 1456
5512 1872
5512 2937
5512 3096
5512 3764
5512 4134
5512 4138
5512 5148
5514 1147
5514 2800
5514 3137
5518 1
5518 547
5518 1880
5518 3165
5518 4514
5519 1606
5519 1861
5519 4619
5523 5434
5527 68
5527 1124
5527 1260
5527 1715
5527 1741
5527 2212
5527 2986
5527 3014
5527 3664
5527 4116
5527 5043
5527 5372
5527 5548
5528 463
5528 5051
5532 703
5532 829
5532 1296
5532 1515
5532 1694
5532 1760
5532 4563
5532 5594
5540 2886
5540 3109
5540 3391
5540 3581
5540 3985
5540 4053
5540 4093
5540 4817
5540 5679
5545 675
5545 1328
5545 2713
5545 3296
5545 4282
5548 68
5548 1124
5548 1260
5548 1715
5548 1741
5548 2212
5548 2986
5548 3014
5548 3664
5548 4116
5548 5043
5548 5372
5548 5527
5550 2403
5550 3285
5553 2155
5553 2230
5553 3854
5553 3884
5553 4154
5553 4237
5553 5162
5553 5248
5557 1357
5557 3033
5557 4186
5568 2051
5568 2523
5568 3272
5568 3919
5574 2446
5574 3806
5574 4295
5574 4649
5579 344
5579 1055
5583 676
5583 1537
5583 2410
5583 4170
5583 4920
5594 703
5594 829
5594 1296
5594 1515
5594 1694
5594 1760
5594 4563
5594 5532
5596 758
5596 1082
5596 3179
5596 3301
5599 972
5599 3208
5599 4168
5599 4790
5606 2227
5606 3352
5606 3933
5607 988
5607 3247
5610 2299
5610 2577
5610 3545
5611 1664
5611 1685
5611 1897
5611 2161
5611 5500
5613 939
5613 1164
5613 1250
5613 1616
5613 2380
5613 3556
5613 4253
5613 4439
5614 85
5614 115
5614 264
5614 624
5614 716
5614 2075
5614 2374
5614 4326
5617 850
5617 1524
5617 2110
5617 3508
5617 5437
5618 393
5618 896
5618 2175
5618 3036
5618 3868
5618 5289
5619 4396
5619 5634
5627 896
5627 917
5627 924
5627 2180
5631 15
5631 472
5631 714
5631 1112
5631 1192
5631 1733
5631 1884
5631 2495
5631 2976
5631 3036
5631 3104
5631 3422
5631 3628
5631 4299
5631 4739
5631 4874
5631 5069
5631 5207
5634 4396
5634 5619
5635 64
5635 208
5635 1477
5635 2093
5635 2630
5635 4132
5635 5718
5638 1304
5638 1408
5638 1599
5638 2895
5638 3517
5638 4431
5638 5343
5638 5442
5642 966
5642 3163
5642 3402
5642 4245
5643 808
5643 1042
5643 1095
5643 2400
5643 3363
5643 4247
5646 931
5646 1120
5646 1569
5646 2199
5661 570
5661 1648
5661 1841
5661 3370
5661 3589
5661 3592
5661 4154
5661 4989
5661 5073
5666 252
5666 1937
5666 2908
5666 2992
5666 4965
5668 767
5668 2090
5668 2916
5668 3218
5668 3369
5668 3892
5668 4794
5668 5169
5672 134
5672 391
5672 1688
5672 2141
5672 2352
5672 2528
5672 2851
5672 3137
5672 3499
5672 3557
5674 1101
5674 2298
5674 2945
5674 3692
5674 3776
5674 4029
5679 2886
5679 3109
5679 3391
5679 3581
5679 3985
5679 4053
5679 4093
5679 4817
5679 5540
5686 2034
5686 4176
5686 4222
5694 61
5694 1452
5694 2295
5694 2381
5694 2397
5694 3210
5694 3300
5694 3369
5694 3797
5694 3827
5694 3892
5694 4118
5694 5485
5712 294
5712 500
5712 855
5712 1488
5712 1500
5712 1970
5712 2073
5712 2167
5712 2540
5712 3043
5712 4021
5712 4129
5712 4743
5712 4791
5718 64
5718 208
5718 1477
5718 2093
5718 2630
5718 4132
5718 5635
5720 922
5720 1307
5720 3330
5720 5258
5731 1536
5731 1970
5731 2171
5731 4531
5731 5027
5731 5086
5732 434
5732 1133
5732 1380
5732 2586
5734 5242
5734 5485
5740 281
5740 648
5740 2803
5740 3007
5740 4338
5740 4549
5747 66
5747 2289
5747 2744
5750 53
5750 1940
5750 2566
5750 5334
5763 1566
5763 2670
5763 2707
5767 343
5767 1293
5767 2215
5767 4271
