3 545
3 771
3 895
3 2051
3 2066
3 4041
3 4822
3 5488
10 156
10 758
10 1080
10 2637
10 3213
11 81
11 191
11 434
11 1064
11 2148
13 2377
13 3298
13 3414
13 4654
13 4719
16 1702
16 2235
16 4503
19 69
19 612
19 931
19 2157
19 2435
19 2721
19 3155
19 5121
19 5122
20 141
20 941
20 2458
20 4024
20 4377
20 4822
20 4939
21 583
21 2293
21 3911
21 4230
21 4408
41 797
41 3827
41 4072
42 146
42 1633
42 2051
42 3621
42 4455
42 4548
44 472
44 1222
44 1484
44 2078
44 3488
48 196
48 1334
48 1432
49 2622
49 3730
49 3734
49 4995
53 2191
53 2566
53 4821
53 5766
54 300
54 572
54 1121
54 4071
63 381
63 852
63 2018
63 2097
64 1286
64 1988
64 3734
64 4124
64 4460
64 4870
66 1104
66 1725
66 1846
66 2168
66 3236
66 5263
66 5359
69 19
69 612
69 931
69 2157
69 2435
69 2721
69 3155
69 5121
69 5122
73 204
73 1572
73 5272
73 5485
75 541
75 1246
75 2341
75 3563
75 5485
77 2609
77 3034
77 3260
77 4824
77 5026
78 356
78 858
78 3338
78 3442
79 2659
79 2794
81 11
81 191
81 434
81 1064
81 2148
83 377
83 1707
83 3494
88 2242
88 2637
88 2745
88 3862
90 2723
90 2852
90 3458
90 3639
90 3752
90 5238
91 238
91 679
91 1111
91 1380
91 2171
91 5732
96 1631
96 3863
100 262
100 2894
100 5168
104 277
104 888
104 1132
104 1630
104 2144
104 2898
106 264
106 2712
109 2032
109 2070
109 2498
109 2568
109 4388
109 4597
110 4037
110 5006
136 1140
136 3262
136 4983
141 20
141 182
141 916
141 941
141 2004
141 2458
141 4024
141 4265
141 4377
141 4822
141 4939
141 5227
142 1978
142 2991
142 4330
142 5208
142 5488
145 643
145 2028
145 4300
145 5065
146 42
146 1633
146 2051
146 3621
146 4455
146 4548
151 3780
151 3860
151 3878
156 10
156 758
156 1080
156 2637
156 3213
163 894
163 1690
163 1914
163 4588
168 571
168 2657
168 2924
168 3430
168 4901
168 5695
170 425
170 1186
170 1525
170 2958
170 3438
170 3773
174 252
174 2908
174 4730
174 4964
174 4965
174 5288
174 5666
175 3806
175 4295
175 4649
182 141
182 916
182 2004
182 4265
182 5227
184 340
184 3005
184 5321
191 11
191 81
191 434
191 1064
191 1357
191 1488
191 2148
191 2301
191 2643
196 48
196 1334
196 1432
200 281
200 1336
200 1435
200 2321
200 3053
200 3188
200 4549
200 4814
200 5740
204 73
204 1047
204 1572
204 1744
204 1783
204 2193
204 2220
204 2240
204 2258
204 3027
204 3167
204 3825
204 3901
204 4653
204 5082
204 5272
204 5468
204 5485
205 694
205 2436
205 3101
205 5623
207 1290
207 1576
207 2606
207 3153
209 617
209 1338
209 1563
209 2826
209 3474
209 3648
209 4961
209 5196
211 593
211 602
211 640
211 810
211 1734
211 2511
211 2833
211 5460
211 5498
213 1493
213 1716
213 3862
213 4011
215 1215
215 1279
215 1548
215 4679
216 407
216 542
216 3032
216 3890
216 3950
216 4218
216 5195
216 5431
217 2462
217 3238
217 5064
218 871
218 1067
218 1152
218 5143
219 2182
219 3054
219 3503
219 4194
219 4404
219 4725
222 2858
222 3835
222 4713
222 5133
224 838
224 1241
224 1931
224 3550
224 3800
224 4020
224 4021
224 4708
226 2020
226 2664
226 4727
226 5195
230 820
230 2542
230 3374
230 3834
234 2348
234 2646
234 2676
234 3482
234 4694
234 4820
237 531
237 597
237 1739
237 2998
237 3147
237 3408
238 91
238 679
238 1111
238 1380
238 2171
238 5732
247 1438
247 1603
247 1792
247 2192
247 3291
247 3592
247 3928
247 4894
252 174
252 2908
252 4730
252 4964
252 4965
252 5288
252 5666
253 1021
253 1473
253 3054
253 3219
258 3426
258 3589
258 4946
258 5027
260 597
260 1602
260 4025
262 100
262 2894
262 5168
264 106
264 2712
265 468
265 559
265 1801
265 1982
265 3865
266 2155
266 3100
266 4237
266 5162
266 5212
266 5248
267 690
267 852
267 1000
267 1216
267 1269
267 1303
267 2097
267 2793
267 3193
267 3548
267 4529
267 4764
267 5092
267 5425
275 1298
275 1643
275 1649
275 3638
275 4748
275 5303
276 913
276 1054
276 1081
276 1500
276 1970
276 2167
276 3346
276 3970
277 104
277 888
277 1132
277 1630
277 2144
277 2898
281 200
281 1336
281 1435
281 2321
281 3053
281 3188
281 4549
281 4814
281 5740
286 1704
286 1878
286 2564
286 3696
286 4268
300 54
300 572
300 1121
300 4071
308 900
308 2904
308 3705
312 937
312 1365
312 3483
312 3975
313 409
313 1640
313 2814
313 4285
313 5342
338 2107
338 2688
338 3509
340 184
340 3005
340 5321
356 78
356 858
356 3338
356 3442
358 577
358 623
358 684
358 832
358 1473
358 4892
358 5671
359 1159
359 1427
361 1085
361 3212
362 1886
362 2093
362 3371
362 3397
362 4646
377 83
377 1707
377 3494
381 63
381 852
381 2018
381 2097
382 1900
382 2534
382 3048
382 5551
391 2540
391 3589
391 4791
391 5324
393 461
393 1730
393 2000
393 4139
396 1252
396 3198
396 3827
396 5342
404 962
404 2239
404 2926
404 4521
407 216
407 3032
407 5195
407 5431
409 313
409 1640
409 2814
409 4285
409 5342
413 2141
413 2628
413 3275
413 5217
415 492
415 935
415 1196
415 2244
415 3151
415 5559
425 170
425 1186
425 1525
425 2958
425 3438
425 3773
427 3305
427 5134
430 632
430 1786
430 2066
430 4337
430 5616
434 11
434 81
434 191
434 542
434 1064
434 2148
434 2890
434 3614
434 5733
445 923
445 1155
445 1448
445 1463
445 5071
449 1715
449 2697
449 3911
449 5134
459 506
459 4041
459 4412
461 393
461 1730
461 2000
461 4139
468 265
468 559
468 1801
468 1982
468 2238
468 3865
468 4326
468 5192
468 5712
472 44
472 562
472 714
472 1222
472 1450
472 1484
472 2078
472 2090
472 2268
472 2385
472 2545
472 2713
472 2976
472 3227
472 3488
472 3717
472 4272
472 4408
472 4510
472 4874
472 5069
472 5312
472 5748
473 712
473 1072
473 2792
473 3927
473 4967
474 1363
474 2648
474 5713
484 620
484 1989
484 2261
484 3047
484 3469
484 4900
492 415
492 935
492 1196
492 2244
492 3151
492 5559
504 702
504 761
504 1704
504 2505
504 4367
504 5109
506 459
506 4041
506 4412
508 921
508 1053
508 3092
508 4623
508 4949
508 5376
519 1515
519 1707
519 5485
530 864
530 2264
530 3055
530 3465
530 4571
530 5516
530 5719
531 237
531 597
531 1739
531 2998
531 3147
531 3408
541 75
541 1246
541 2341
541 3563
541 5485
542 216
542 434
542 2890
542 3614
542 3890
542 3950
542 4218
542 5733
545 3
545 4041
545 4822
545 5488
546 1263
546 1966
546 1990
546 3403
548 1933
548 2218
548 2402
548 3064
548 5328
555 866
555 1970
555 2643
555 3095
555 3474
555 4082
555 4724
556 812
556 843
556 1615
556 1687
556 2058
556 2337
556 2788
556 3461
556 3648
556 4668
556 5065
559 265
559 468
559 1801
559 1982
559 3865
562 472
562 616
562 720
562 2090
562 2385
562 4510
562 4720
562 5133
569 1290
569 1337
569 1672
569 2395
569 2747
569 2762
569 2807
569 3950
569 4610
569 4870
569 5542
570 573
570 1962
570 3408
570 3488
570 4154
570 5073
571 168
571 1695
571 1841
571 2602
571 2657
571 2924
571 3199
571 3430
571 3610
571 3708
571 4901
571 5034
571 5225
571 5695
572 54
572 300
572 1121
572 4071
573 570
573 1962
573 3408
573 3488
573 4154
573 5073
577 358
577 623
577 684
577 832
577 1473
577 4892
577 5671
580 914
580 3445
580 3553
580 4781
580 5223
581 1041
581 1258
581 2129
581 3679
581 5673
583 21
583 2293
583 3911
583 4230
583 4408
587 1350
587 2036
587 2858
587 4059
588 863
588 3055
588 3465
588 4035
588 4252
588 4273
588 4849
588 4868
593 211
593 602
593 810
593 1734
593 5460
597 237
597 260
597 531
597 1602
597 1739
597 2998
597 3147
597 3408
597 4025
602 211
602 593
602 810
602 1734
602 5460
606 1465
606 2103
612 19
612 69
612 931
612 2157
612 2435
612 2721
612 3155
612 5121
612 5122
616 562
616 720
616 1431
616 1488
616 2218
616 3495
616 4720
616 5133
616 5208
616 5290
617 209
617 1338
617 1563
617 2826
617 3474
617 3648
617 4961
617 5196
620 484
620 1989
620 2261
620 3047
620 3469
620 4900
622 3910
622 3969
623 358
623 577
623 684
623 832
623 1473
623 4892
623 5671
624 1348
624 2033
624 2826
624 3054
624 3503
624 3596
624 3658
624 4833
624 5447
624 5650
631 5385
631 5678
632 430
632 1667
632 1786
632 2066
632 3504
632 3686
632 4337
632 5259
632 5616
635 1118
635 3857
635 4031
635 4218
638 2032
638 4652
638 5075
638 5660
639 2242
639 2606
639 2637
639 3350
639 3592
639 4391
639 4407
640 211
640 707
640 1702
640 2511
640 2533
640 2833
640 4961
640 5498
642 1452
642 1515
642 2658
642 3409
642 3648
642 5558
643 145
643 2028
643 4300
643 5065
653 841
653 1004
653 1447
653 2914
653 3416
653 3641
653 3828
653 4108
655 783
655 1258
655 2068
655 2151
655 2153
655 3410
655 3777
655 3961
655 4031
655 5077
655 5464
656 3459
656 4242
657 2623
657 3708
657 5215
657 5342
661 1566
661 1717
661 2331
661 3499
661 3587
661 3661
661 4806
661 5128
661 5134
664 1114
664 2063
664 3861
664 3970
664 3986
665 1755
665 2858
665 3658
665 4735
666 1582
666 2066
666 2497
666 2805
670 681
670 841
670 1020
670 1841
670 1920
670 2053
670 2671
670 2687
670 3206
670 3596
670 3966
670 4096
672 1798
672 3604
672 3621
672 4470
679 91
679 238
679 1111
679 1380
679 2171
679 5732
681 670
681 841
681 1841
681 2053
681 2671
681 2687
682 1636
682 2131
682 3283
682 3616
684 358
684 577
684 623
684 832
684 1473
684 4892
684 5671
687 3107
687 3275
688 2393
688 4151
690 267
690 1216
690 3193
690 5092
692 847
692 3747
692 5416
692 5507
694 205
694 2436
694 3101
694 5623
702 504
702 761
702 1704
702 2505
702 4367
702 5109
705 2629
705 3610
705 3777
705 4092
705 4123
707 640
707 1047
707 1702
707 2533
707 2958
707 2959
707 3982
707 4961
709 833
709 2228
712 473
712 1072
712 2792
712 3927
712 4967
714 472
714 2545
714 2976
714 3227
714 4272
714 4408
714 4874
714 5069
714 5312
718 2117
718 2281
718 3245
718 3950
718 4249
718 4961
720 562
720 616
720 4720
720 5133
728 2051
728 3243
728 5133
728 5474
729 1261
729 2521
729 2540
729 2855
729 3036
729 3661
730 2686
730 3777
737 1550
737 2630
737 3590
737 3688
738 1861
738 2893
742 1251
742 2707
742 2922
742 3228
742 4012
742 5434
742 5569
743 961
743 4405
743 4963
743 5216
744 2745
744 3558
748 937
748 1353
748 1988
748 2736
749 925
749 2897
749 3288
749 4691
749 4707
749 5531
750 1075
750 2457
758 10
758 156
758 1080
758 2637
758 3213
758 3484
758 3637
758 4037
761 504
761 702
761 1704
761 2505
761 4367
761 5109
766 1854
766 2166
767 1797
767 2105
767 3027
767 3054
767 4496
767 5136
767 5441
767 5716
771 3
771 895
771 2051
771 2066
775 1670
775 3725
781 1262
781 1477
781 2231
781 3255
781 4132
781 4485
781 5635
783 655
783 2068
783 2153
783 3777
783 3961
783 5077
783 5464
785 1452
785 2117
785 2903
785 5286
789 3496
789 4283
797 41
797 3827
797 4072
810 211
810 593
810 602
810 1734
810 5460
812 556
812 843
812 1615
812 1687
812 2058
812 2337
812 2788
812 3461
812 3648
812 4668
812 5065
815 2280
815 3608
815 4355
820 230
820 2542
820 3374
820 3834
821 1841
821 3572
821 5225
821 5342
825 3617
825 5130
825 5383
826 895
826 977
826 1618
826 3499
826 3614
826 3769
826 5343
826 5368
831 2334
831 3037
831 3185
831 3286
831 3795
832 358
832 577
832 623
832 684
832 1473
832 4892
832 5671
833 709
833 1114
833 1304
833 2077
833 2228
833 3621
833 3748
833 4955
838 224
838 1241
838 1931
838 3550
838 3800
838 4020
838 4021
838 4708
841 653
841 670
841 681
841 1004
841 1447
841 1841
841 2053
841 2671
841 2687
841 2914
841 3416
841 3641
841 3828
841 4108
843 556
843 812
843 1615
843 1687
843 2058
843 2337
843 2788
843 3461
843 3648
843 4668
843 5065
847 692
847 1119
847 1234
847 1755
847 3747
847 4357
847 5416
847 5507
852 63
852 267
852 381
852 1000
852 1269
852 1303
852 2018
852 2097
852 2793
852 3548
852 4529
852 4764
852 5425
855 2073
855 2097
855 4021
855 5712
858 78
858 356
858 3338
858 3442
860 2289
860 4495
863 588
863 3055
863 3465
863 4035
863 4252
863 4273
863 4849
863 4868
864 530
864 2264
864 3055
864 3465
864 4571
864 5516
864 5719
865 1479
865 2270
865 2358
865 3777
866 555
866 1970
866 2643
866 3095
866 3474
866 4082
866 4724
870 1433
870 1485
870 1802
870 2415
870 4525
870 4694
871 218
871 1067
871 1152
871 5143
876 3000
876 3001
876 4896
876 5138
877 1302
877 4089
884 2799
884 2901
884 4481
884 4482
885 4097
885 4230
885 4480
885 5652
886 2759
886 3496
888 104
888 277
888 1132
888 1630
888 2144
888 2898
891 3609
891 5528
893 986
893 4495
894 163
894 1690
894 1914
894 4588
895 3
895 771
895 826
895 977
895 1618
895 2051
895 2066
895 3499
895 3614
895 3769
895 5343
895 5368
900 308
900 2904
900 3705
905 1236
905 3583
905 4414
905 5467
907 2984
907 4207
913 276
913 1081
913 1500
913 1970
913 2167
913 3970
914 580
914 3445
914 3553
914 4781
914 5223
916 141
916 182
916 2004
916 4265
916 5227
920 2137
920 4657
921 508
921 1053
921 3092
921 4623
921 4949
921 5376
923 445
923 1155
923 1448
923 1463
923 5071
925 749
925 2897
925 3288
925 4691
925 4707
925 5531
926 930
926 1115
926 1357
926 3852
926 4186
926 4190
926 5025
930 926
930 1115
930 1357
930 3852
930 4186
930 4190
930 5025
931 19
931 69
931 612
931 1120
931 1452
931 1569
931 2157
931 2199
931 2435
931 2721
931 3155
931 5121
931 5122
935 415
935 492
935 1196
935 2244
935 3151
935 5559
937 312
937 748
937 1011
937 1353
937 1365
937 1605
937 1988
937 2736
937 3483
937 3975
939 2200
939 2380
939 4253
939 5613
940 953
940 1246
940 1531
940 2033
940 3380
940 3757
940 4094
940 4277
940 4845
940 5015
940 5401
941 20
941 141
941 2458
941 4024
941 4939
943 1047
943 1846
943 2744
943 5577
943 5747
946 1219
946 1278
946 1980
946 2683
947 1337
947 2709
947 3589
947 5092
951 1304
951 5288
951 5735
953 940
953 2033
953 3380
953 3757
953 4094
953 4845
953 5401
958 4233
958 4548
961 743
961 4405
961 4963
961 5216
962 404
962 2239
962 2926
962 4521
963 2462
963 3777
963 4113
963 5211
968 1683
968 2012
968 3783
968 4515
975 2128
975 5134
977 826
977 895
977 1618
977 3499
977 3614
977 3769
977 5343
977 5368
984 1094
984 2066
984 2270
984 4281
985 1177
985 4923
986 893
986 4495
995 2179
995 3739
999 2237
999 4177
1000 267
1000 852
1000 1269
1000 1303
1000 2097
1000 2793
1000 3548
1000 4529
1000 4764
1000 5425
1004 653
1004 841
1004 1447
1004 2914
1004 3416
1004 3641
1004 3828
1004 4108
1006 2120
1006 2450
1006 3091
1006 4806
1006 5118
1008 2631
1008 4681
1008 5456
1011 937
1011 1538
1011 1605
1011 1612
1011 4204
1011 4870
1015 1686
1015 2699
1020 670
1020 1920
1020 3206
1020 3596
1020 3966
1020 4096
1021 253
1021 1473
1021 3054
1021 3219
1022 3316
1022 5467
1023 3176
1023 3226
1023 4550
1023 4912
1033 1701
1033 2295
1033 4222
1035 4590
1035 5003
1041 581
1041 1258
1041 2129
1041 3679
1041 5673
1045 1535
1045 1709
1045 3189
1045 4302
1047 204
1047 707
1047 943
1047 1783
1047 1846
1047 2744
1047 2958
1047 2959
1047 3027
1047 3982
1047 5134
1047 5263
1047 5577
1047 5578
1047 5597
1047 5747
1049 1920
1049 3777
1049 5531
1053 508
1053 921
1053 3092
1053 4623
1053 4949
1053 5376
1054 276
1054 3346
1055 1058
1055 4984
1058 1055
1058 4984
1059 1243
1059 1316
1059 3094
1059 3119
1064 11
1064 81
1064 191
1064 434
1064 2148
1067 218
1067 871
1067 1152
1067 5143
1072 473
1072 712
1072 2792
1072 3927
1072 4967
1075 750
1075 2457
1078 1428
1080 10
1080 156
1080 758
1080 2637
1080 3213
1081 276
1081 913
1081 1500
1081 1970
1081 2167
1081 3970
1085 361
1085 3212
1094 984
1094 2066
1094 2270
1094 4281
1099 3568
1099 3728
1099 4493
1104 66
1104 1846
1104 2168
1104 3236
1111 91
1111 238
1111 679
1111 1380
1111 2171
1111 5732
1114 664
1114 833
1114 2063
1114 2077
1114 3621
1114 3748
1114 3861
1114 3970
1114 3986
1115 926
1115 930
1115 1357
1115 3852
1115 4186
1115 4190
1115 5025
1118 635
1118 3857
1118 4031
1118 4218
1119 847
1119 1234
1119 1755
1119 4357
1120 931
1120 1452
1120 1569
1120 2199
1121 54
1121 300
1121 572
1121 4071
1123 3373
1123 5195
1132 104
1132 277
1132 888
1132 1630
1132 2144
1132 2898
1136 1747
1136 2820
1140 136
1140 3262
1140 4983
1152 218
1152 871
1152 1067
1152 5143
1155 445
1155 923
1155 1448
1155 1463
1155 5071
1159 359
1159 1427
1177 985
1177 4923
1184 1494
1184 4540
1186 170
1186 425
1186 1525
1186 2958
1186 3438
1186 3773
1196 415
1196 492
1196 935
1196 2244
1196 3151
1196 5559
1207 4235
1207 4490
1208 3813
1208 5339
1215 215
1215 1279
1215 1548
1215 4679
1216 267
1216 690
1216 1284
1216 1722
1216 1910
1216 3193
1216 5092
1216 5140
1217 1881
1217 2274
1217 2553
1217 5008
1219 946
1219 1278
1219 1980
1219 2683
1222 44
1222 472
1222 1484
1222 1496
1222 2078
1222 2171
1222 2732
1222 3488
1222 3600
1222 4345
1222 4531
1222 5237
1222 5539
1233 2176
1233 2854
1233 4664
1234 847
1234 1119
1234 1755
1234 1982
1234 2963
1234 3032
1234 4113
1234 4249
1234 4357
1236 905
1236 3583
1236 4414
1236 5467
1237 2760
1241 224
1241 838
1241 1931
1241 1953
1241 2403
1241 3550
1241 3800
1241 4020
1241 4021
1241 4708
1243 1059
1243 1273
1243 1316
1243 1481
1243 1930
1243 1963
1243 2066
1243 3094
1243 3119
1243 3230
1243 4956
1243 5376
1243 5449
1246 75
1246 541
1246 940
1246 1515
1246 1531
1246 2341
1246 3563
1246 4277
1246 5015
1246 5169
1246 5485
1251 742
1251 2707
1251 2922
1251 4012
1251 5434
1252 396
1252 3198
1252 3827
1252 5342
1254 1261
1254 2041
1254 4239
1254 4394
1254 5031
1254 5512
1257 2374
1257 5650
1258 581
1258 655
1258 1041
1258 2129
1258 2151
1258 3410
1258 3679
1258 4031
1258 5673
1261 729
1261 1254
1261 2041
1261 2521
1261 2540
1261 2855
1261 3036
1261 3661
1261 4239
1261 4394
1261 5031
1261 5512
1262 781
1262 1477
1262 2231
1262 3255
1262 4132
1262 4485
1262 5635
1263 546
1263 1966
1263 1990
1263 3403
1266 1507
1266 1691
1266 2424
1266 3389
1266 4003
1266 5139
1269 267
1269 852
1269 1000
1269 1303
1269 2097
1269 2793
1269 3548
1269 4529
1269 4764
1269 5425
1270 2447
1270 3799
1273 1243
1273 1481
1273 1930
1273 1963
1273 2066
1273 3230
1273 4956
1273 5376
1273 5449
1278 946
1278 1219
1278 1980
1278 2090
1278 2683
1278 2891
1278 2994
1278 4307
1278 5724
1279 215
1279 1215
1279 1548
1279 4679
1284 1216
1284 1722
1284 1910
1284 3193
1284 5140
1286 64
1286 1988
1286 3734
1286 4124
1286 4460
1286 4870
1290 207
1290 569
1290 1337
1290 1576
1290 1672
1290 2606
1290 2762
1290 2807
1290 3153
1290 4610
1293 2215
1293 4271
1293 5524
1294 1397
1294 1499
1294 3122
1294 5215
1297 1307
1297 2126
1297 5225
1297 5716
1298 275
1298 1643
1298 1649
1298 3638
1298 4748
1298 5303
1302 877
1302 4089
1303 267
1303 852
1303 1000
1303 1269
1303 2097
1303 2793
1303 3548
1303 4529
1303 4764
1303 5425
1304 833
1304 951
1304 2077
1304 3748
1304 4955
1304 5288
1304 5735
1305 2676
1305 5134
1305 5203
1307 1297
1307 2126
1307 2870
1307 5225
1307 5258
1307 5716
1316 1059
1316 1243
1316 3094
1316 3119
1326 1767
1326 3643
1326 4163
1326 4432
1334 48
1334 196
1334 1432
1336 200
1336 281
1336 1435
1336 2321
1336 3053
1336 3188
1336 4549
1336 4814
1336 5740
1337 569
1337 947
1337 1290
1337 1672
1337 2709
1337 2762
1337 2807
1337 3589
1337 4610
1337 5092
1338 209
1338 617
1338 1563
1338 2826
1338 3474
1338 3648
1338 4961
1338 5196
1348 624
1348 3658
1348 4833
1348 5650
1350 587
1350 2036
1350 2858
1350 4059
1353 748
1353 937
1353 1988
1353 2736
1356 1776
1356 4723
1357 191
1357 926
1357 930
1357 1115
1357 1488
1357 1761
1357 2051
1357 2205
1357 2301
1357 2643
1357 3033
1357 3507
1357 3611
1357 3621
1357 3852
1357 4186
1357 4190
1357 4792
1357 4961
1357 5025
1357 5557
1357 5560
1363 474
1363 2648
1363 5713
1365 312
1365 937
1365 3483
1365 3975
1372 1785
1372 4249
1372 4730
1372 5069
1380 91
1380 238
1380 679
1380 1111
1380 1770
1380 2171
1380 2266
1380 3093
1380 5020
1380 5732
1397 1294
1397 1499
1397 3122
1397 5215
1414 1432
1414 1996
1414 2016
1427 359
1427 1159
1428 1078
1431 616
1431 1488
1431 2218
1431 3495
1431 5208
1431 5290
1432 48
1432 196
1432 1334
1432 1414
1432 1996
1432 2016
1433 870
1433 1485
1433 1802
1433 2415
1433 4525
1433 4694
1435 200
1435 281
1435 1336
1435 2321
1435 3053
1435 3188
1435 4549
1435 4814
1435 5740
1438 247
1438 1603
1438 2192
1438 3592
1438 3928
1438 4894
1443 1791
1443 5432
1447 653
1447 841
1447 1004
1447 2914
1447 3416
1447 3641
1447 3828
1447 4108
1448 445
1448 923
1448 1155
1448 1463
1448 5071
1450 472
1450 2268
1450 2713
1450 3717
1450 5748
1452 642
1452 785
1452 931
1452 1120
1452 1515
1452 1569
1452 2117
1452 2199
1452 2658
1452 2733
1452 2903
1452 3190
1452 3409
1452 3648
1452 5286
1452 5485
1452 5558
1452 5702
1463 445
1463 923
1463 1155
1463 1448
1463 5071
1465 606
1465 2103
1473 253
1473 358
1473 577
1473 623
1473 684
1473 832
1473 1021
1473 1577
1473 3054
1473 3219
1473 4892
1473 5569
1473 5671
1477 781
1477 1262
1477 2231
1477 3255
1477 4132
1477 4485
1477 5635
1479 865
1479 2270
1479 2358
1479 3777
1481 1243
1481 1273
1481 1930
1481 1963
1481 2066
1481 3230
1481 4956
1481 5376
1481 5449
1484 44
1484 472
1484 1222
1484 2078
1484 3488
1485 870
1485 1433
1485 1802
1485 2415
1485 4525
1485 4694
1487 5348
1487 5744
1488 191
1488 616
1488 1357
1488 1431
1488 2218
1488 2301
1488 2643
1488 3495
1488 5208
1488 5290
1493 213
1493 1716
1493 3862
1493 4011
1494 1184
1494 4540
1496 1222
1496 2171
1496 2732
1496 3600
1496 4345
1496 4531
1496 5237
1496 5539
1499 1294
1499 1397
1499 3122
1499 5215
1500 276
1500 913
1500 1081
1500 1970
1500 2167
1500 3970
1507 1266
1507 1691
1507 2424
1507 3389
1507 4003
1507 5139
1515 519
1515 642
1515 1246
1515 1452
1515 1707
1515 2658
1515 3409
1515 3648
1515 5169
1515 5485
1515 5558
1520 3553
1520 5006
1525 170
1525 425
1525 1186
1525 2958
1525 3438
1525 3773
1531 940
1531 1246
1531 4277
1531 5015
1532 2615
1532 3496
1535 1045
1535 1709
1535 3189
1535 4302
1538 1011
1538 1605
1538 1612
1548 215
1548 1215
1548 1279
1548 2090
1548 2983
1548 3243
1548 4172
1548 4679
1550 737
1550 2157
1550 2630
1550 2722
1550 3590
1550 3688
1550 4354
1550 5653
1559 2109
1559 2911
1559 2948
1559 3839
1559 4211
1559 5754
1563 209
1563 617
1563 1338
1563 2826
1563 3474
1563 3648
1563 4961
1563 5196
1566 661
1566 3661
1566 5134
1569 931
1569 1120
1569 1452
1569 1812
1569 2199
1569 3449
1569 4772
1569 4891
1572 73
1572 204
1572 5272
1572 5485
1576 207
1576 1290
1576 2606
1576 3153
1577 1473
1577 5569
1582 666
1582 1621
1582 2066
1582 2497
1582 2805
1589 2197
1589 4690
1602 260
1602 597
1602 4025
1603 247
1603 1438
1603 2192
1603 3592
1603 3928
1603 4894
1605 937
1605 1011
1605 1538
1605 1612
1605 4204
1605 4870
1612 1011
1612 1538
1612 1605
1615 556
1615 812
1615 843
1615 1687
1615 2058
1615 2337
1615 2788
1615 3461
1615 3648
1615 4668
1615 5065
1618 826
1618 895
1618 977
1618 3499
1618 3614
1618 3769
1618 5343
1618 5368
1621 1582
1621 2066
1625 2414
1625 5144
1630 104
1630 277
1630 888
1630 1132
1630 2144
1630 2898
1631 96
1631 3863
1633 42
1633 146
1633 2051
1633 3621
1633 4455
1633 4548
1636 682
1636 2131
1636 3283
1636 3616
1640 313
1640 409
1640 2814
1640 4285
1640 5342
1643 275
1643 1298
1643 1649
1643 3638
1643 4748
1643 5303
1649 275
1649 1298
1649 1643
1649 3638
1649 4748
1649 5303
1666 2142
1666 2578
1666 2580
1666 4541
1666 4794
1667 632
1667 3504
1667 3686
1667 5259
1670 775
1670 3725
1672 569
1672 1290
1672 1337
1672 2762
1672 2807
1672 4610
1681 1757
1681 2270
1681 4183
1681 5342
1682 1897
1682 2504
1683 968
1683 2012
1683 3783
1683 4515
1686 1015
1686 2699
1687 556
1687 812
1687 843
1687 1615
1687 2058
1687 2337
1687 2788
1687 3461
1687 3648
1687 4668
1687 5065
1690 163
1690 894
1690 1914
1690 4588
1691 1266
1691 1507
1691 2424
1691 3389
1691 4003
1691 5139
1695 571
1695 1841
1695 2602
1695 3708
1695 5034
1701 1033
1701 2295
1701 4222
1702 16
1702 640
1702 707
1702 2235
1702 2533
1702 4503
1702 4961
1704 286
1704 504
1704 702
1704 761
1704 1878
1704 2505
1704 2564
1704 3696
1704 4268
1704 4367
1704 5109
1706 1955
1706 5691
1707 83
1707 377
1707 519
1707 1515
1707 3494
1707 5485
1709 1045
1709 1535
1709 3189
1709 4302
1713 3095
1713 3952
1713 4065
1713 4947
1715 449
1715 2697
1715 3911
1715 5134
1716 213
1716 1493
1716 3862
1716 4011
1717 661
1717 2331
1717 3499
1717 3587
1717 4806
1717 5128
1722 1216
1722 1284
1722 1910
1722 3193
1722 5140
1725 66
1725 5263
1725 5359
1730 393
1730 461
1730 2000
1730 4139
1734 211
1734 593
1734 602
1734 810
1734 5460
1739 237
1739 531
1739 597
1739 2998
1739 3147
1739 3408
1744 204
1744 2240
1744 3167
1744 3825
1744 3901
1747 1136
1747 2820
1755 665
1755 847
1755 1119
1755 1234
1755 2858
1755 3658
1755 4357
1755 4735
1757 1681
1757 2270
1757 4183
1757 5342
1758 2428
1758 3510
1758 4527
1758 4532
1758 4574
1758 5743
1761 1357
1761 2205
1761 4792
1761 4961
1761 5557
1761 5560
1767 1326
1767 3643
1767 4163
1767 4432
1770 1380
1770 2266
1770 3093
1770 5020
1772 3181
1772 3219
1772 3243
1772 4707
1772 5125
1776 1356
1776 4723
1783 204
1783 1047
1783 3027
1785 1372
1785 4249
1785 4730
1785 5069
1786 430
1786 632
1786 2066
1786 4337
1786 5616
1791 1443
1791 5432
1792 247
1792 3291
1793 2126
1793 2268
1793 5304
1793 5641
1797 767
1797 3027
1797 4496
1797 5136
1798 672
1798 3604
1798 3621
1798 4470
1801 265
1801 468
1801 559
1801 1982
1801 3865
1801 4865
1801 5417
1801 5466
1801 5627
1802 870
1802 1433
1802 1485
1802 2415
1802 4525
1802 4694
1807 2683
1807 5233
1807 5529
1812 1569
1812 3449
1812 4772
1812 4891
1828 2494
1828 2520
1828 2886
1828 3581
1828 3755
1828 3985
1828 4093
1828 5421
1828 5679
1841 571
1841 670
1841 681
1841 821
1841 841
1841 1695
1841 2053
1841 2602
1841 2671
1841 2687
1841 3572
1841 3708
1841 5034
1841 5225
1841 5342
1846 66
1846 943
1846 1047
1846 1104
1846 2168
1846 2744
1846 3236
1846 5577
1846 5578
1846 5597
1846 5747
1854 766
1854 2166
1857 1995
1857 2582
1857 2720
1857 3850
1861 738
1861 2893
1878 286
1878 1704
1878 2564
1878 3696
1878 4268
1881 1217
1881 2274
1881 2553
1881 5008
1886 362
1886 2093
1886 3371
1886 3397
1886 4646
1887 3220
1887 4409
1892 2056
1892 2159
1892 4360
1892 4629
1897 1682
1897 2504
1900 382
1900 2534
1900 3048
1900 5551
1910 1216
1910 1284
1910 1722
1910 3193
1910 5140
1914 163
1914 894
1914 1690
1914 4588
1920 670
1920 1020
1920 1049
1920 3206
1920 3596
1920 3777
1920 3966
1920 4096
1920 5531
1930 1243
1930 1273
1930 1481
1930 1963
1930 2066
1930 3230
1930 4956
1930 5376
1930 5449
1931 224
1931 838
1931 1241
1931 3550
1931 3800
1931 4020
1931 4021
1931 4708
1933 548
1933 2218
1933 2402
1933 3064
1933 5328
1953 1241
1953 2403
1955 1706
1955 5691
1962 570
1962 573
1962 3408
1962 3488
1962 4154
1962 5073
1963 1243
1963 1273
1963 1481
1963 1930
1963 2066
1963 3230
1963 4956
1963 5376
1963 5449
1966 546
1966 1263
1966 1990
1966 3403
1970 276
1970 555
1970 866
1970 913
1970 1081
1970 1500
1970 2167
1970 2643
1970 3095
1970 3474
1970 3970
1970 4082
1970 4724
1978 142
1978 2991
1978 4330
1978 5208
1978 5488
1980 946
1980 1219
1980 1278
1980 2683
1982 265
1982 468
1982 559
1982 1234
1982 1801
1982 2963
1982 3032
1982 3865
1982 4113
1982 4249
1988 64
1988 748
1988 937
1988 1286
1988 1353
1988 2736
1988 3734
1988 4124
1988 4460
1988 4870
1989 484
1989 620
1989 2261
1989 3047
1989 3469
1989 4900
1990 546
1990 1263
1990 1966
1990 3403
1995 1857
1995 2582
1995 2720
1995 3850
1996 1414
1996 1432
1996 2016
1997 2668
1997 3242
1997 3317
1997 5347
2000 393
2000 461
2000 1730
2000 4139
2004 141
2004 182
2004 916
2004 4265
2004 5227
2012 968
2012 1683
2012 3783
2012 4515
2016 1414
2016 1432
2016 1996
2016 2460
2016 3488
2016 3696
2016 3775
2016 4556
2018 63
2018 381
2018 852
2018 2097
2020 226
2020 2664
2020 4727
2020 5195
2028 145
2028 643
2028 4300
2028 5065
2032 109
2032 638
2032 2070
2032 2498
2032 2568
2032 4388
2032 4597
2032 4652
2032 5075
2032 5660
2033 624
2033 940
2033 953
2033 2826
2033 3054
2033 3380
2033 3503
2033 3596
2033 3610
2033 3757
2033 4094
2033 4845
2033 5070
2033 5401
2033 5447
2036 587
2036 1350
2036 2858
2036 4059
2041 1254
2041 1261
2041 4239
2041 4394
2041 5031
2041 5512
2051 3
2051 42
2051 146
2051 728
2051 771
2051 895
2051 1357
2051 1633
2051 2066
2051 3033
2051 3243
2051 3611
2051 3621
2051 3852
2051 4186
2051 4455
2051 4548
2051 5133
2051 5474
2053 670
2053 681
2053 841
2053 1841
2053 2671
2053 2687
2056 1892
2056 2159
2056 4360
2056 4629
2058 556
2058 812
2058 843
2058 1615
2058 1687
2058 2337
2058 2788
2058 3461
2058 3648
2058 4668
2058 5065
2063 664
2063 1114
2063 3861
2063 3970
2063 3986
2066 3
2066 430
2066 632
2066 666
2066 771
2066 895
2066 984
2066 1094
2066 1243
2066 1273
2066 1481
2066 1582
2066 1621
2066 1786
2066 1930
2066 1963
2066 2051
2066 2270
2066 2497
2066 2805
2066 3230
2066 4281
2066 4337
2066 4956
2066 5376
2066 5449
2066 5616
2068 655
2068 783
2068 2153
2068 3777
2068 3961
2068 5077
2068 5464
2070 109
2070 2032
2070 2498
2070 2568
2070 4388
2070 4597
2073 855
2073 2097
2073 2158
2073 2200
2073 4020
2073 4021
2073 5712
2077 833
2077 1114
2077 1304
2077 3621
2077 3748
2077 4955
2078 44
2078 472
2078 1222
2078 1484
2078 3488
2090 472
2090 562
2090 1278
2090 1548
2090 2385
2090 2891
2090 2983
2090 2994
2090 3243
2090 4172
2090 4307
2090 4510
2090 5724
2093 362
2093 1886
2093 3371
2093 3397
2093 4646
2094 2882
2094 3344
2094 3472
2094 4186
2097 63
2097 267
2097 381
2097 852
2097 855
2097 1000
2097 1269
2097 1303
2097 2018
2097 2073
2097 2158
2097 2200
2097 2793
2097 3548
2097 4020
2097 4021
2097 4529
2097 4764
2097 5425
2097 5712
2103 606
2103 1465
2105 767
2105 3054
2105 5441
2105 5716
2107 338
2107 2688
2107 3509
2109 1559
2109 2911
2109 2948
2109 3839
2109 4211
2109 5754
2117 718
2117 785
2117 1452
2117 2281
2117 2320
2117 2903
2117 3245
2117 3950
2117 4249
2117 4816
2117 4961
2117 5286
2120 1006
2120 2450
2120 3091
2120 4806
2120 5118
2126 1297
2126 1307
2126 1793
2126 2268
2126 5225
2126 5304
2126 5641
2126 5716
2128 975
2128 5134
2129 581
2129 1041
2129 1258
2129 3679
2129 5673
2131 682
2131 1636
2131 3283
2131 3616
2137 920
2137 4657
2141 413
2141 2420
2141 2628
2141 3275
2141 3804
2141 5217
2142 1666
2142 2578
2142 2580
2142 4541
2142 4794
2144 104
2144 277
2144 888
2144 1132
2144 1630
2144 2268
2144 2636
2144 2796
2144 2812
2144 2840
2144 2898
2144 4284
2144 4880
2148 11
2148 81
2148 191
2148 434
2148 1064
2149 2910
2149 3684
2149 3754
2151 655
2151 1258
2151 3410
2151 4031
2153 655
2153 783
2153 2068
2153 3777
2153 3961
2153 5077
2153 5464
2155 266
2155 3100
2155 4237
2155 5162
2155 5212
2155 5248
2157 19
2157 69
2157 612
2157 931
2157 1550
2157 2435
2157 2721
2157 2722
2157 3155
2157 4354
2157 5121
2157 5122
2157 5653
2158 2073
2158 2097
2158 2200
2158 4020
2159 1892
2159 2056
2159 4360
2159 4629
2166 766
2166 1854
2167 276
2167 913
2167 1081
2167 1500
2167 1970
2167 3970
2168 66
2168 1104
2168 1846
2168 3236
2171 91
2171 238
2171 679
2171 1111
2171 1222
2171 1380
2171 1496
2171 2732
2171 3600
2171 4345
2171 4531
2171 5237
2171 5539
2171 5732
2176 1233
2176 2854
2176 4664
2179 995
2179 3739
2180 3244
2180 3843
2180 4756
2180 5100
2182 219
2182 3054
2182 3503
2182 4194
2182 4404
2182 4725
2191 53
2191 2566
2191 4821
2191 5766
2192 247
2192 1438
2192 1603
2192 3592
2192 3928
2192 4894
2193 204
2193 2220
2193 2258
2193 4653
2193 5082
2193 5468
2197 1589
2197 4690
2199 931
2199 1120
2199 1452
2199 1569
2200 939
2200 2073
2200 2097
2200 2158
2200 2380
2200 4020
2200 4253
2200 5613
2205 1357
2205 1761
2205 4792
2205 4961
2205 5557
2205 5560
2215 1293
2215 4271
2215 5524
2217 4595
2217 5367
2218 548
2218 616
2218 1431
2218 1488
2218 1933
2218 2402
2218 3064
2218 3495
2218 5208
2218 5290
2218 5328
2220 204
2220 2193
2220 2258
2220 4653
2220 5082
2220 5468
2228 709
2228 833
2231 781
2231 1262
2231 1477
2231 3255
2231 4132
2231 4485
2231 5635
2232 2326
2232 3388
2232 5157
2232 5198
2235 16
2235 1702
2235 4503
2237 999
2237 4177
2238 468
2238 4326
2238 5192
2238 5712
2239 404
2239 962
2239 2926
2239 4521
2240 204
2240 1744
2240 3167
2240 3825
2240 3901
2242 88
2242 639
2242 2606
2242 2637
2242 2745
2242 3862
2242 4391
2244 415
2244 492
2244 935
2244 1196
2244 3151
2244 5559
2258 204
2258 2193
2258 2220
2258 4653
2258 5082
2258 5468
2260 2823
2260 2898
2260 2919
2260 3222
2260 3358
2261 484
2261 620
2261 1989
2261 3047
2261 3469
2261 4900
2264 530
2264 864
2264 3055
2264 3465
2264 4571
2264 5516
2264 5719
2266 1380
2266 1770
2266 3093
2266 5020
2268 472
2268 1450
2268 1793
2268 2126
2268 2144
2268 2636
2268 2713
2268 2796
2268 2812
2268 2840
2268 3717
2268 4284
2268 4880
2268 5304
2268 5641
2268 5748
2270 865
2270 984
2270 1094
2270 1479
2270 1681
2270 1757
2270 2066
2270 2358
2270 3777
2270 4183
2270 4281
2270 5342
2274 1217
2274 1881
2274 2553
2274 5008
2275 2401
2275 3718
2280 815
2280 3608
2280 4355
2281 718
2281 2117
2281 2920
2281 3245
2281 3392
2281 3734
2281 3950
2281 4249
2281 4961
2281 5232
2281 5451
2289 860
2289 4495
2293 21
2293 583
2293 3911
2293 4230
2293 4408
2295 1033
2295 1701
2295 4222
2301 191
2301 1357
2301 1488
2301 2643
2305 3246
2305 3610
2305 3777
2305 4152
2305 4462
2305 4721
2305 4736
2319 3707
2320 2117
2320 4816
2321 200
2321 281
2321 1336
2321 1435
2321 3053
2321 3188
2321 4549
2321 4814
2321 5740
2326 2232
2326 5157
2331 661
2331 1717
2331 3499
2331 3587
2331 4806
2331 5128
2334 831
2334 3037
2334 3185
2334 3286
2334 3795
2337 556
2337 812
2337 843
2337 1615
2337 1687
2337 2058
2337 2788
2337 3461
2337 3648
2337 4668
2337 5065
2341 75
2341 541
2341 1246
2341 3563
2341 5485
2348 234
2348 2646
2348 2676
2348 3482
2348 4694
2348 4820
2358 865
2358 1479
2358 2270
2358 3777
2374 1257
2374 5650
2377 13
2377 3298
2377 3414
2377 4654
2377 4719
2380 939
2380 2200
2380 4253
2380 5613
2385 472
2385 562
2385 2090
2385 4510
2390 2493
2390 3418
2390 4084
2390 4441
2393 688
2393 4151
2395 569
2395 2747
2395 3950
2395 4870
2395 5542
2401 2275
2401 3718
2402 548
2402 1933
2402 2218
2402 3064
2402 5328
2403 1241
2403 1953
2414 1625
2414 5144
2415 870
2415 1433
2415 1485
2415 1802
2415 4525
2415 4694
2420 2141
2420 3804
2424 1266
2424 1507
2424 1691
2424 3389
2424 4003
2424 5139
2428 1758
2428 3510
2428 4527
2428 4532
2428 4574
2428 5743
2430 4937
2430 5243
2435 19
2435 69
2435 612
2435 931
2435 2157
2435 2721
2435 3155
2435 5121
2435 5122
2436 205
2436 694
2436 3101
2436 5623
2444 2957
2444 3072
2447 1270
2447 3799
2450 1006
2450 2120
2450 3091
2450 4806
2450 5118
2457 750
2457 1075
2458 20
2458 141
2458 941
2458 4024
2458 4377
2458 4822
2458 4939
2460 2016
2460 3488
2460 3696
2460 3775
2460 4556
2462 217
2462 963
2462 3238
2462 3777
2462 4113
2462 5064
2462 5211
2493 2390
2493 3418
2493 4084
2493 4441
2494 1828
2494 2520
2494 2886
2494 3581
2494 3755
2494 3985
2494 4093
2494 5421
2494 5679
2497 666
2497 1582
2497 2066
2497 2805
2498 109
2498 2032
2498 2070
2498 2568
2498 4388
2498 4597
2504 1682
2504 1897
2505 504
2505 702
2505 761
2505 1704
2505 4367
2505 5109
2511 211
2511 640
2511 2833
2511 5498
2520 1828
2520 2494
2520 2886
2520 3581
2520 3755
2520 3985
2520 4093
2520 5421
2520 5679
2521 729
2521 1261
2521 2540
2521 2855
2521 3036
2521 3661
2533 640
2533 707
2533 1702
2533 4961
2534 382
2534 1900
2534 3048
2534 5551
2540 391
2540 729
2540 1261
2540 2521
2540 2855
2540 3036
2540 3589
2540 3661
2540 4791
2540 5324
2542 230
2542 820
2542 3374
2542 3834
2545 472
2545 714
2545 2976
2545 3227
2545 4272
2545 4408
2545 4874
2545 5069
2545 5312
2553 1217
2553 1881
2553 2274
2553 5008
2564 286
2564 1704
2564 1878
2564 3696
2564 4268
2566 53
2566 2191
2566 4821
2566 5766
2568 109
2568 2032
2568 2070
2568 2498
2568 4388
2568 4597
2571 4217
2571 4848
2578 1666
2578 2142
2578 2580
2578 4541
2578 4794
2580 1666
2580 2142
2580 2578
2580 4541
2580 4794
2582 1857
2582 1995
2582 2720
2582 3850
2602 571
2602 1695
2602 1841
2602 3708
2602 5034
2606 207
2606 639
2606 1290
2606 1576
2606 2242
2606 2637
2606 3153
2606 3350
2606 3592
2606 4391
2606 4407
2609 77
2609 3034
2609 3260
2609 4824
2609 5026
2615 1532
2615 2691
2615 3182
2615 3496
2615 3673
2622 49
2622 3730
2622 3734
2622 4995
2623 657
2623 3708
2623 5215
2623 5342
2623 5422
2623 5656
2628 413
2628 2141
2628 3275
2628 5217
2629 705
2629 3610
2629 3777
2629 4092
2629 4123
2630 737
2630 1550
2630 3590
2630 3688
2631 1008
2631 4681
2631 5456
2636 2144
2636 2268
2636 2796
2636 2812
2636 2840
2636 4284
2636 4880
2637 10
2637 88
2637 156
2637 639
2637 758
2637 1080
2637 2242
2637 2606
2637 2745
2637 2876
2637 2975
2637 3213
2637 3703
2637 3862
2637 4391
2637 4558
2643 191
2643 555
2643 866
2643 1357
2643 1488
2643 1970
2643 2301
2643 3095
2643 3474
2643 4082
2643 4724
2646 234
2646 2348
2646 2676
2646 3482
2646 4694
2646 4820
2648 474
2648 1363
2648 5713
2653 3373
2653 3777
2653 4113
2653 5605
2657 168
2657 571
2657 2924
2657 3430
2657 4901
2657 5695
2658 642
2658 1452
2658 1515
2658 3409
2658 3648
2658 5558
2659 79
2659 2794
2664 226
2664 2020
2664 4727
2664 5195
2668 1997
2668 3242
2668 3317
2668 5347
2671 670
2671 681
2671 841
2671 1841
2671 2053
2671 2687
2676 234
2676 1305
2676 2348
2676 2646
2676 3482
2676 4694
2676 4820
2676 5134
2676 5203
2683 946
2683 1219
2683 1278
2683 1807
2683 1980
2683 5233
2683 5529
2686 730
2686 3777
2687 670
2687 681
2687 841
2687 1841
2687 2053
2687 2671
2688 338
2688 2107
2688 3509
2691 2615
2691 3673
2697 449
2697 1715
2697 3911
2697 5134
2699 1015
2699 1686
2707 742
2707 1251
2707 2922
2707 4012
2707 5434
2707 5523
2709 947
2709 1337
2709 3589
2709 5092
2712 106
2712 264
2713 472
2713 1450
2713 2268
2713 3717
2713 5748
2720 1857
2720 1995
2720 2582
2720 3850
2721 19
2721 69
2721 612
2721 931
2721 2157
2721 2435
2721 3155
2721 5121
2721 5122
2722 1550
2722 2157
2722 4354
2722 5653
2723 90
2723 2852
2723 3458
2723 3639
2723 3752
2723 5238
2726 3291
2726 4816
2732 1222
2732 1496
2732 2171
2732 3600
2732 4345
2732 4531
2732 5237
2732 5539
2733 1452
2733 3190
2733 5485
2733 5702
2736 748
2736 937
2736 1353
2736 1988
2744 943
2744 1047
2744 1846
2744 5747
2745 88
2745 744
2745 2242
2745 2637
2745 3558
2745 3862
2747 569
2747 2395
2747 3950
2747 4870
2747 5542
2754 5219
2754 5647
2759 886
2759 3496
2760 1237
2762 569
2762 1290
2762 1337
2762 1672
2762 2807
2762 4610
2767 4175
2767 4485
2767 5443
2788 556
2788 812
2788 843
2788 1615
2788 1687
2788 2058
2788 2337
2788 3461
2788 3648
2788 4668
2788 5065
2792 473
2792 712
2792 1072
2792 3927
2792 4967
2793 267
2793 852
2793 1000
2793 1269
2793 1303
2793 2097
2793 3548
2793 4529
2793 4764
2793 5425
2794 79
2794 2659
2796 2144
2796 2268
2796 2636
2796 2812
2796 2840
2796 4284
2796 4880
2799 884
2799 2901
2799 4481
2799 4482
2805 666
2805 1582
2805 2066
2805 2497
2807 569
2807 1290
2807 1337
2807 1672
2807 2762
2807 4610
2812 2144
2812 2268
2812 2636
2812 2796
2812 2840
2812 4284
2812 4880
2814 313
2814 409
2814 1640
2814 4285
2814 5342
2820 1136
2820 1747
2823 2260
2823 2898
2823 2919
2823 3222
2823 3358
2826 209
2826 617
2826 624
2826 1338
2826 1563
2826 2033
2826 3054
2826 3474
2826 3503
2826 3596
2826 3610
2826 3648
2826 4961
2826 5070
2826 5196
2826 5447
2833 211
2833 640
2833 2511
2833 5498
2840 2144
2840 2268
2840 2636
2840 2796
2840 2812
2840 4284
2840 4880
2852 90
2852 2723
2852 3458
2852 3639
2852 3752
2852 5238
2854 1233
2854 2176
2854 4664
2855 729
2855 1261
2855 2521
2855 2540
2855 3036
2855 3661
2855 5324
2858 222
2858 587
2858 665
2858 1350
2858 1755
2858 2036
2858 3658
2858 3835
2858 4059
2858 4713
2858 4735
2858 5133
2870 1307
2870 5258
2876 2637
2876 2975
2876 3703
2876 4558
2882 2094
2882 3344
2882 3472
2882 4186
2886 1828
2886 2494
2886 2520
2886 3581
2886 3755
2886 3985
2886 4093
2886 5421
2886 5679
2890 434
2890 542
2890 3614
2890 5733
2891 1278
2891 2090
2891 2994
2891 4307
2891 5724
2893 738
2893 1861
2894 100
2894 262
2894 5168
2897 749
2897 925
2897 3288
2897 4691
2897 4707
2897 5531
2898 104
2898 277
2898 888
2898 1132
2898 1630
2898 2144
2898 2260
2898 2823
2898 2919
2898 3222
2898 3358
2899 3850
2899 4459
2899 4544
2899 4633
2899 5737
2901 884
2901 2799
2901 4481
2901 4482
2903 785
2903 1452
2903 2117
2903 5286
2904 308
2904 900
2904 3705
2908 174
2908 252
2908 4730
2908 4964
2908 4965
2908 5288
2908 5666
2910 2149
2910 3684
2910 3754
2911 1559
2911 2109
2911 2948
2911 3839
2911 4211
2911 5754
2914 653
2914 841
2914 1004
2914 1447
2914 3416
2914 3641
2914 3828
2914 4108
2919 2260
2919 2823
2919 2898
2919 3222
2919 3358
2920 2281
2920 3392
2920 3734
2920 3950
2920 5232
2920 5451
2922 742
2922 1251
2922 2707
2922 4012
2922 5434
2924 168
2924 571
2924 2657
2924 3430
2924 4901
2924 5695
2926 404
2926 962
2926 2239
2926 4521
2948 1559
2948 2109
2948 2911
2948 3839
2948 4211
2948 5754
2955 4436
2955 4861
2955 5204
2955 5493
2957 2444
2957 3072
2958 170
2958 425
2958 707
2958 1047
2958 1186
2958 1525
2958 2959
2958 3438
2958 3773
2958 3982
2959 707
2959 1047
2959 2958
2959 3982
2963 1234
2963 1982
2963 3032
2963 4113
2963 4249
2975 2637
2975 2876
2975 3703
2975 4558
2976 472
2976 714
2976 2545
2976 3227
2976 4272
2976 4408
2976 4874
2976 5069
2976 5312
2983 1548
2983 2090
2983 3243
2983 4172
2984 907
2984 4207
2991 142
2991 1978
2991 4330
2991 5208
2991 5488
2994 1278
2994 2090
2994 2891
2994 4307
2994 5724
2998 237
2998 531
2998 597
2998 1739
2998 3147
2998 3408
3000 876
3000 3001
3000 4896
3000 5138
3001 876
3001 3000
3001 4896
3001 5138
3005 184
3005 340
3005 5321
3027 204
3027 767
3027 1047
3027 1783
3027 1797
3027 4496
3027 5136
3032 216
3032 407
3032 1234
3032 1982
3032 2963
3032 4113
3032 4249
3032 5195
3032 5431
3033 1357
3033 2051
3033 3507
3033 3611
3033 3621
3033 3852
3033 4186
3033 5557
3034 77
3034 2609
3034 3260
3034 4824
3034 5026
3036 729
3036 1261
3036 2521
3036 2540
3036 2855
3036 3661
3037 831
3037 2334
3037 3185
3037 3286
3037 3795
3047 484
3047 620
3047 1989
3047 2261
3047 3469
3047 4900
3048 382
3048 1900
3048 2534
3048 5551
3053 200
3053 281
3053 1336
3053 1435
3053 2321
3053 3188
3053 4549
3053 4814
3053 5740
3054 219
3054 253
3054 624
3054 767
3054 1021
3054 1473
3054 2033
3054 2105
3054 2182
3054 2826
3054 3219
3054 3503
3054 3596
3054 4194
3054 4404
3054 4725
3054 5441
3054 5447
3054 5716
3055 530
3055 588
3055 863
3055 864
3055 2264
3055 3465
3055 4035
3055 4252
3055 4273
3055 4571
3055 4849
3055 4868
3055 5516
3055 5719
3064 548
3064 1933
3064 2218
3064 2402
3064 5328
3067 4023
3067 4328
3067 5059
3072 2444
3072 2957
3091 1006
3091 2120
3091 2450
3091 4806
3091 5118
3092 508
3092 921
3092 1053
3092 4623
3092 4949
3092 5376
3093 1380
3093 1770
3093 2266
3093 5020
3094 1059
3094 1243
3094 1316
3094 3119
3095 555
3095 866
3095 1713
3095 1970
3095 2643
3095 3474
3095 3952
3095 4065
3095 4082
3095 4724
3095 4947
3100 266
3100 2155
3100 4237
3100 5162
3100 5212
3100 5248
3101 205
3101 694
3101 2436
3101 5623
3107 687
3107 3275
3119 1059
3119 1243
3119 1316
3119 3094
3122 1294
3122 1397
3122 1499
3122 5215
3130 3569
3130 3690
3130 5285
3130 5657
3147 237
3147 531
3147 597
3147 1739
3147 2998
3147 3408
3151 415
3151 492
3151 935
3151 1196
3151 2244
3151 5559
3153 207
3153 1290
3153 1576
3153 2606
3155 19
3155 69
3155 612
3155 931
3155 2157
3155 2435
3155 2721
3155 5121
3155 5122
3167 204
3167 1744
3167 2240
3167 3825
3167 3901
3176 1023
3176 3226
3176 4550
3176 4912
3181 1772
3181 3219
3181 3243
3181 4707
3181 5125
3182 2615
3182 3496
3185 831
3185 2334
3185 3037
3185 3286
3185 3795
3188 200
3188 281
3188 1336
3188 1435
3188 2321
3188 3053
3188 4549
3188 4814
3188 5740
3189 1045
3189 1535
3189 1709
3189 4302
3190 1452
3190 2733
3190 5485
3190 5702
3193 267
3193 690
3193 1216
3193 1284
3193 1722
3193 1910
3193 5092
3193 5140
3198 396
3198 1252
3198 3827
3198 5342
3199 571
3199 3610
3199 5225
3206 670
3206 1020
3206 1920
3206 3596
3206 3966
3206 4096
3212 361
3212 1085
3213 10
3213 156
3213 758
3213 1080
3213 2637
3219 253
3219 1021
3219 1473
3219 1772
3219 3054
3219 3181
3219 3243
3219 4707
3219 5125
3220 1887
3220 4409
3222 2260
3222 2823
3222 2898
3222 2919
3222 3358
3226 1023
3226 3176
3226 4550
3226 4912
3227 472
3227 714
3227 2545
3227 2976
3227 4272
3227 4408
3227 4874
3227 5069
3227 5312
3228 742
3228 5569
3230 1243
3230 1273
3230 1481
3230 1930
3230 1963
3230 2066
3230 4956
3230 5376
3230 5449
3236 66
3236 1104
3236 1846
3236 2168
3238 217
3238 2462
3238 5064
3242 1997
3242 2668
3242 3317
3242 5347
3243 728
3243 1548
3243 1772
3243 2051
3243 2090
3243 2983
3243 3181
3243 3219
3243 4172
3243 4707
3243 5125
3243 5133
3243 5474
3244 2180
3244 3843
3244 4756
3244 5100
3244 5316
3244 5479
3245 718
3245 2117
3245 2281
3245 3950
3245 4249
3245 4961
3246 2305
3246 3610
3246 3777
3246 4152
3246 4462
3246 4721
3246 4736
3255 781
3255 1262
3255 1477
3255 2231
3255 4132
3255 4485
3255 5635
3260 77
3260 2609
3260 3034
3260 4824
3260 5026
3262 136
3262 1140
3262 4983
3269 4458
3269 5420
3275 413
3275 687
3275 2141
3275 2628
3275 3107
3275 5217
3283 682
3283 1636
3283 2131
3283 3616
3286 831
3286 2334
3286 3037
3286 3185
3286 3795
3288 749
3288 925
3288 2897
3288 4691
3288 4707
3288 5531
3291 247
3291 1792
3291 2726
3291 4816
3298 13
3298 2377
3298 3414
3298 4654
3298 4719
3305 427
3305 5134
3316 1022
3316 5467
3317 1997
3317 2668
3317 3242
3317 5347
3338 78
3338 356
3338 858
3338 3442
3344 2094
3344 2882
3344 3472
3344 4186
3346 276
3346 1054
3350 639
3350 2606
3350 3592
3350 4407
3352 3434
3352 5606
3358 2260
3358 2823
3358 2898
3358 2919
3358 3222
3371 362
3371 1886
3371 2093
3371 3397
3371 4646
3373 1123
3373 2653
3373 3777
3373 4113
3373 5195
3373 5605
3374 230
3374 820
3374 2542
3374 3834
3380 940
3380 953
3380 2033
3380 3757
3380 4094
3380 4845
3380 5401
3388 2232
3388 5198
3389 1266
3389 1507
3389 1691
3389 2424
3389 4003
3389 5139
3392 2281
3392 2920
3392 3734
3392 3950
3392 5232
3392 5451
3397 362
3397 1886
3397 2093
3397 3371
3397 4646
3403 546
3403 1263
3403 1966
3403 1990
3408 237
3408 531
3408 570
3408 573
3408 597
3408 1739
3408 1962
3408 2998
3408 3147
3408 3488
3408 4154
3408 5073
3409 642
3409 1452
3409 1515
3409 2658
3409 3648
3409 5558
3410 655
3410 1258
3410 2151
3410 4031
3414 13
3414 2377
3414 3298
3414 4654
3414 4719
3416 653
3416 841
3416 1004
3416 1447
3416 2914
3416 3641
3416 3828
3416 4108
3418 2390
3418 2493
3418 4084
3418 4441
3426 258
3426 3589
3426 4946
3426 5027
3430 168
3430 571
3430 2657
3430 2924
3430 4901
3430 5695
3432 3872
3432 4823
3432 5160
3434 3352
3434 5606
3438 170
3438 425
3438 1186
3438 1525
3438 2958
3438 3773
3442 78
3442 356
3442 858
3442 3338
3445 580
3445 914
3445 3553
3445 4781
3445 5223
3449 1569
3449 1812
3449 4772
3449 4891
3458 90
3458 2723
3458 2852
3458 3639
3458 3752
3458 5238
3459 656
3459 4242
3461 556
3461 812
3461 843
3461 1615
3461 1687
3461 2058
3461 2337
3461 2788
3461 3648
3461 4668
3461 5065
3465 530
3465 588
3465 863
3465 864
3465 2264
3465 3055
3465 4035
3465 4252
3465 4273
3465 4571
3465 4849
3465 4868
3465 5516
3465 5719
3469 484
3469 620
3469 1989
3469 2261
3469 3047
3469 4900
3472 2094
3472 2882
3472 3344
3472 4186
3474 209
3474 555
3474 617
3474 866
3474 1338
3474 1563
3474 1970
3474 2643
3474 2826
3474 3095
3474 3648
3474 4082
3474 4724
3474 4961
3474 5196
3482 234
3482 2348
3482 2646
3482 2676
3482 4694
3482 4820
3483 312
3483 937
3483 1365
3483 3975
3484 758
3484 3637
3484 4037
3488 44
3488 472
3488 570
3488 573
3488 1222
3488 1484
3488 1962
3488 2016
3488 2078
3488 2460
3488 3408
3488 3696
3488 3775
3488 4154
3488 4556
3488 5073
3494 83
3494 377
3494 1707
3495 616
3495 1431
3495 1488
3495 2218
3495 5208
3495 5290
3496 789
3496 886
3496 1532
3496 2615
3496 2759
3496 3182
3496 4283
3499 661
3499 826
3499 895
3499 977
3499 1618
3499 1717
3499 2331
3499 3587
3499 3614
3499 3769
3499 4806
3499 5128
3499 5343
3499 5368
3503 219
3503 624
3503 2033
3503 2182
3503 2826
3503 3054
3503 3596
3503 3610
3503 4194
3503 4404
3503 4725
3503 5070
3503 5447
3504 632
3504 1667
3504 3686
3504 5259
3507 1357
3507 3033
3507 4186
3507 5557
3509 338
3509 2107
3509 2688
3510 1758
3510 2428
3510 4527
3510 4532
3510 4574
3510 5743
3548 267
3548 852
3548 1000
3548 1269
3548 1303
3548 2097
3548 2793
3548 4529
3548 4764
3548 5425
3550 224
3550 838
3550 1241
3550 1931
3550 3800
3550 4020
3550 4021
3550 4708
3553 580
3553 914
3553 1520
3553 3445
3553 4781
3553 5006
3553 5223
3558 744
3558 2745
3563 75
3563 541
3563 1246
3563 2341
3563 5485
3568 1099
3568 3728
3568 4493
3569 3130
3569 3690
3569 5285
3569 5657
3572 821
3572 1841
3572 5225
3572 5342
3581 1828
3581 2494
3581 2520
3581 2886
3581 3755
3581 3985
3581 4093
3581 5421
3581 5679
3583 905
3583 1236
3583 4414
3583 5467
3587 661
3587 1717
3587 2331
3587 3499
3587 4806
3587 5128
3589 258
3589 391
3589 947
3589 1337
3589 2540
3589 2709
3589 3426
3589 4791
3589 4946
3589 5027
3589 5092
3589 5324
3590 737
3590 1550
3590 2630
3590 3688
3592 247
3592 639
3592 1438
3592 1603
3592 2192
3592 2606
3592 3350
3592 3928
3592 4407
3592 4894
3596 624
3596 670
3596 1020
3596 1920
3596 2033
3596 2826
3596 3054
3596 3206
3596 3503
3596 3966
3596 4096
3596 5447
3597 4191
3597 4198
3600 1222
3600 1496
3600 2171
3600 2732
3600 4345
3600 4531
3600 5237
3600 5539
3604 672
3604 1798
3604 3621
3604 4470
3608 815
3608 2280
3608 4355
3609 891
3609 5528
3610 571
3610 705
3610 2033
3610 2305
3610 2629
3610 2826
3610 3199
3610 3246
3610 3503
3610 3777
3610 4092
3610 4123
3610 4152
3610 4462
3610 4721
3610 4736
3610 5070
3610 5225
3610 5447
3611 1357
3611 2051
3611 3033
3611 3621
3611 3852
3611 4186
3614 434
3614 542
3614 826
3614 895
3614 977
3614 1618
3614 2890
3614 3499
3614 3769
3614 5343
3614 5368
3614 5733
3616 682
3616 1636
3616 2131
3616 3283
3617 825
3617 5130
3617 5383
3621 42
3621 146
3621 672
3621 833
3621 1114
3621 1357
3621 1633
3621 1798
3621 2051
3621 2077
3621 3033
3621 3604
3621 3611
3621 3748
3621 3852
3621 4186
3621 4455
3621 4470
3621 4548
3625 4834
3625 4945
3627 4081
3627 4750
3627 4803
3627 4981
3627 5049
3637 758
3637 3484
3637 4037
3638 275
3638 1298
3638 1643
3638 1649
3638 4748
3638 5303
3639 90
3639 2723
3639 2852
3639 3458
3639 3752
3639 5238
3641 653
3641 841
3641 1004
3641 1447
3641 2914
3641 3416
3641 3828
3641 4108
3643 1326
3643 1767
3643 4163
3643 4432
3648 209
3648 556
3648 617
3648 642
3648 812
3648 843
3648 1338
3648 1452
3648 1515
3648 1563
3648 1615
3648 1687
3648 2058
3648 2337
3648 2658
3648 2788
3648 2826
3648 3409
3648 3461
3648 3474
3648 4668
3648 4961
3648 5065
3648 5196
3648 5558
3658 624
3658 665
3658 1348
3658 1755
3658 2858
3658 4735
3658 4833
3658 5650
3661 661
3661 729
3661 1261
3661 1566
3661 2521
3661 2540
3661 2855
3661 3036
3661 5134
3673 2615
3673 2691
3679 581
3679 1041
3679 1258
3679 2129
3679 5673
3684 2149
3684 2910
3684 3754
3686 632
3686 1667
3686 3504
3686 5259
3688 737
3688 1550
3688 2630
3688 3590
3690 3130
3690 3569
3690 5285
3690 5657
3696 286
3696 1704
3696 1878
3696 2016
3696 2460
3696 2564
3696 3488
3696 3775
3696 4268
3696 4556
3703 2637
3703 2876
3703 2975
3703 4558
3705 308
3705 900
3705 2904
3707 2319
3708 571
3708 657
3708 1695
3708 1841
3708 2602
3708 2623
3708 5034
3708 5215
3708 5342
3717 472
3717 1450
3717 2268
3717 2713
3717 5748
3718 2275
3718 2401
3725 775
3725 1670
3728 1099
3728 3568
3728 4493
3730 49
3730 2622
3730 3734
3730 4995
3734 49
3734 64
3734 1286
3734 1988
3734 2281
3734 2622
3734 2920
3734 3392
3734 3730
3734 3950
3734 4124
3734 4460
3734 4870
3734 4995
3734 5232
3734 5451
3739 995
3739 2179
3747 692
3747 847
3747 5416
3747 5507
3748 833
3748 1114
3748 1304
3748 2077
3748 3621
3748 4955
3752 90
3752 2723
3752 2852
3752 3458
3752 3639
3752 5238
3754 2149
3754 2910
3754 3684
3755 1828
3755 2494
3755 2520
3755 2886
3755 3581
3755 3985
3755 4093
3755 5421
3755 5679
3757 940
3757 953
3757 2033
3757 3380
3757 4094
3757 4845
3757 5401
3769 826
3769 895
3769 977
3769 1618
3769 3499
3769 3614
3769 5343
3769 5368
3773 170
3773 425
3773 1186
3773 1525
3773 2958
3773 3438
3775 2016
3775 2460
3775 3488
3775 3696
3775 4556
3777 655
3777 705
3777 730
3777 783
3777 865
3777 963
3777 1049
3777 1479
3777 1920
3777 2068
3777 2153
3777 2270
3777 2305
3777 2358
3777 2462
3777 2629
3777 2653
3777 2686
3777 3246
3777 3373
3777 3610
3777 3961
3777 4092
3777 4113
3777 4123
3777 4152
3777 4462
3777 4721
3777 4736
3777 5077
3777 5211
3777 5464
3777 5531
3777 5605
3780 151
3780 3860
3780 3878
3783 968
3783 1683
3783 2012
3783 4515
3795 831
3795 2334
3795 3037
3795 3185
3795 3286
3799 1270
3799 2447
3800 224
3800 838
3800 1241
3800 1931
3800 3550
3800 4020
3800 4021
3800 4708
3804 2141
3804 2420
3806 175
3806 4295
3806 4649
3813 1208
3813 5339
3825 204
3825 1744
3825 2240
3825 3167
3825 3901
3827 41
3827 396
3827 797
3827 1252
3827 3198
3827 4072
3827 5342
3828 653
3828 841
3828 1004
3828 1447
3828 2914
3828 3416
3828 3641
3828 4108
3834 230
3834 820
3834 2542
3834 3374
3835 222
3835 2858
3835 4713
3835 5133
3839 1559
3839 2109
3839 2911
3839 2948
3839 4211
3839 5754
3843 2180
3843 3244
3843 4756
3843 5100
3850 1857
3850 1995
3850 2582
3850 2720
3850 2899
3850 4459
3850 4544
3850 4633
3850 5737
3852 926
3852 930
3852 1115
3852 1357
3852 2051
3852 3033
3852 3611
3852 3621
3852 4186
3852 4190
3852 5025
3857 635
3857 1118
3857 4031
3857 4218
3860 151
3860 3780
3860 3878
3861 664
3861 1114
3861 2063
3861 3970
3861 3986
3862 88
3862 213
3862 1493
3862 1716
3862 2242
3862 2637
3862 2745
3862 4011
3863 96
3863 1631
3865 265
3865 468
3865 559
3865 1801
3865 1982
3872 3432
3872 4823
3872 5160
3878 151
3878 3780
3878 3860
3890 216
3890 542
3890 3950
3890 4218
3901 204
3901 1744
3901 2240
3901 3167
3901 3825
3910 622
3910 3969
3911 21
3911 449
3911 583
3911 1715
3911 2293
3911 2697
3911 4230
3911 4408
3911 5134
3927 473
3927 712
3927 1072
3927 2792
3927 4967
3928 247
3928 1438
3928 1603
3928 2192
3928 3592
3928 4894
3950 216
3950 542
3950 569
3950 718
3950 2117
3950 2281
3950 2395
3950 2747
3950 2920
3950 3245
3950 3392
3950 3734
3950 3890
3950 4218
3950 4249
3950 4870
3950 4961
3950 5232
3950 5451
3950 5542
3952 1713
3952 3095
3952 4065
3952 4947
3961 655
3961 783
3961 2068
3961 2153
3961 3777
3961 5077
3961 5464
3966 670
3966 1020
3966 1920
3966 3206
3966 3596
3966 4096
3969 622
3969 3910
3970 276
3970 664
3970 913
3970 1081
3970 1114
3970 1500
3970 1970
3970 2063
3970 2167
3970 3861
3970 3986
3975 312
3975 937
3975 1365
3975 3483
3982 707
3982 1047
3982 2958
3982 2959
3985 1828
3985 2494
3985 2520
3985 2886
3985 3581
3985 3755
3985 4093
3985 5421
3985 5679
3986 664
3986 1114
3986 2063
3986 3861
3986 3970
3990 4294
3990 4618
4003 1266
4003 1507
4003 1691
4003 2424
4003 3389
4003 5139
4011 213
4011 1493
4011 1716
4011 3862
4012 742
4012 1251
4012 2707
4012 2922
4012 5434
4020 224
4020 838
4020 1241
4020 1931
4020 2073
4020 2097
4020 2158
4020 2200
4020 3550
4020 3800
4020 4021
4020 4708
4021 224
4021 838
4021 855
4021 1241
4021 1931
4021 2073
4021 2097
4021 3550
4021 3800
4021 4020
4021 4708
4021 5712
4023 3067
4023 4328
4023 5059
4024 20
4024 141
4024 941
4024 2458
4024 4939
4025 260
4025 597
4025 1602
4031 635
4031 655
4031 1118
4031 1258
4031 2151
4031 3410
4031 3857
4031 4218
4035 588
4035 863
4035 3055
4035 3465
4035 4252
4035 4273
4035 4849
4035 4868
4037 110
4037 758
4037 3484
4037 3637
4037 5006
4041 3
4041 459
4041 506
4041 545
4041 4412
4041 4822
4041 5488
4059 587
4059 1350
4059 2036
4059 2858
4065 1713
4065 3095
4065 3952
4065 4947
4067 4396
4067 5011
4071 54
4071 300
4071 572
4071 1121
4072 41
4072 797
4072 3827
4081 3627
4081 4750
4081 4803
4081 4981
4081 5049
4082 555
4082 866
4082 1970
4082 2643
4082 3095
4082 3474
4082 4724
4084 2390
4084 2493
4084 3418
4084 4441
4089 877
4089 1302
4092 705
4092 2629
4092 3610
4092 3777
4092 4123
4093 1828
4093 2494
4093 2520
4093 2886
4093 3581
4093 3755
4093 3985
4093 5421
4093 5679
4094 940
4094 953
4094 2033
4094 3380
4094 3757
4094 4845
4094 5401
4096 670
4096 1020
4096 1920
4096 3206
4096 3596
4096 3966
4097 885
4097 4230
4097 4480
4097 5652
4108 653
4108 841
4108 1004
4108 1447
4108 2914
4108 3416
4108 3641
4108 3828
4113 963
4113 1234
4113 1982
4113 2462
4113 2653
4113 2963
4113 3032
4113 3373
4113 3777
4113 4249
4113 5211
4113 5605
4123 705
4123 2629
4123 3610
4123 3777
4123 4092
4124 64
4124 1286
4124 1988
4124 3734
4124 4460
4124 4870
4132 781
4132 1262
4132 1477
4132 2231
4132 3255
4132 4485
4132 5635
4139 393
4139 461
4139 1730
4139 2000
4151 688
4151 2393
4152 2305
4152 3246
4152 3610
4152 3777
4152 4462
4152 4721
4152 4736
4154 570
4154 573
4154 1962
4154 3408
4154 3488
4154 5073
4163 1326
4163 1767
4163 3643
4163 4432
4172 1548
4172 2090
4172 2983
4172 3243
4175 2767
4175 4485
4175 5443
4177 999
4177 2237
4183 1681
4183 1757
4183 2270
4183 5342
4186 926
4186 930
4186 1115
4186 1357
4186 2051
4186 2094
4186 2882
4186 3033
4186 3344
4186 3472
4186 3507
4186 3611
4186 3621
4186 3852
4186 4190
4186 5025
4186 5557
4190 926
4190 930
4190 1115
4190 1357
4190 3852
4190 4186
4190 5025
4191 3597
4191 4198
4194 219
4194 2182
4194 3054
4194 3503
4194 4404
4194 4725
4198 3597
4198 4191
4204 1011
4204 1605
4204 4870
4207 907
4207 2984
4211 1559
4211 2109
4211 2911
4211 2948
4211 3839
4211 5754
4217 2571
4217 4848
4218 216
4218 542
4218 635
4218 1118
4218 3857
4218 3890
4218 3950
4218 4031
4222 1033
4222 1701
4222 2295
4230 21
4230 583
4230 885
4230 2293
4230 3911
4230 4097
4230 4408
4230 4480
4230 5652
4233 958
4233 4548
4235 1207
4235 4490
4237 266
4237 2155
4237 3100
4237 5162
4237 5212
4237 5248
4239 1254
4239 1261
4239 2041
4239 4394
4239 5031
4239 5512
4242 656
4242 3459
4249 718
4249 1234
4249 1372
4249 1785
4249 1982
4249 2117
4249 2281
4249 2963
4249 3032
4249 3245
4249 3950
4249 4113
4249 4730
4249 4961
4249 5069
4252 588
4252 863
4252 3055
4252 3465
4252 4035
4252 4273
4252 4849
4252 4868
4253 939
4253 2200
4253 2380
4253 5613
4265 141
4265 182
4265 916
4265 2004
4265 5227
4268 286
4268 1704
4268 1878
4268 2564
4268 3696
4271 1293
4271 2215
4271 5524
4272 472
4272 714
4272 2545
4272 2976
4272 3227
4272 4408
4272 4874
4272 5069
4272 5312
4273 588
4273 863
4273 3055
4273 3465
4273 4035
4273 4252
4273 4849
4273 4868
4277 940
4277 1246
4277 1531
4277 5015
4281 984
4281 1094
4281 2066
4281 2270
4283 789
4283 3496
4284 2144
4284 2268
4284 2636
4284 2796
4284 2812
4284 2840
4284 4880
4285 313
4285 409
4285 1640
4285 2814
4285 5342
4285 5436
4294 3990
4294 4618
4295 175
4295 3806
4295 4649
4300 145
4300 643
4300 2028
4300 5065
4302 1045
4302 1535
4302 1709
4302 3189
4307 1278
4307 2090
4307 2891
4307 2994
4307 5724
4318 5185
4318 5400
4326 468
4326 2238
4326 5192
4326 5712
4328 3067
4328 4023
4328 5059
4330 142
4330 1978
4330 2991
4330 5208
4330 5488
4337 430
4337 632
4337 1786
4337 2066
4337 5616
4345 1222
4345 1496
4345 2171
4345 2732
4345 3600
4345 4531
4345 5237
4345 5539
4354 1550
4354 2157
4354 2722
4354 5653
4355 815
4355 2280
4355 3608
4357 847
4357 1119
4357 1234
4357 1755
4360 1892
4360 2056
4360 2159
4360 4629
4367 504
4367 702
4367 761
4367 1704
4367 2505
4367 5109
4377 20
4377 141
4377 2458
4377 4822
4388 109
4388 2032
4388 2070
4388 2498
4388 2568
4388 4597
4391 639
4391 2242
4391 2606
4391 2637
4394 1254
4394 1261
4394 2041
4394 4239
4394 5031
4394 5512
4396 4067
4396 5011
4404 219
4404 2182
4404 3054
4404 3503
4404 4194
4404 4725
4405 743
4405 961
4405 4963
4405 5216
4407 639
4407 2606
4407 3350
4407 3592
4408 21
4408 472
4408 583
4408 714
4408 2293
4408 2545
4408 2976
4408 3227
4408 3911
4408 4230
4408 4272
4408 4874
4408 5069
4408 5312
4409 1887
4409 3220
4412 459
4412 506
4412 4041
4414 905
4414 1236
4414 3583
4414 5467
4432 1326
4432 1767
4432 3643
4432 4163
4436 2955
4436 4861
4436 5204
4436 5493
4441 2390
4441 2493
4441 3418
4441 4084
4455 42
4455 146
4455 1633
4455 2051
4455 3621
4455 4548
4458 3269
4458 5420
4459 2899
4459 3850
4459 4544
4459 4633
4459 5737
4460 64
4460 1286
4460 1988
4460 3734
4460 4124
4460 4870
4462 2305
4462 3246
4462 3610
4462 3777
4462 4152
4462 4721
4462 4736
4470 672
4470 1798
4470 3604
4470 3621
4480 885
4480 4097
4480 4230
4480 5652
4481 884
4481 2799
4481 2901
4481 4482
4482 884
4482 2799
4482 2901
4482 4481
4485 781
4485 1262
4485 1477
4485 2231
4485 2767
4485 3255
4485 4132
4485 4175
4485 5443
4485 5635
4490 1207
4490 4235
4493 1099
4493 3568
4493 3728
4495 860
4495 893
4495 986
4495 2289
4496 767
4496 1797
4496 3027
4496 5136
4503 16
4503 1702
4503 2235
4510 472
4510 562
4510 2090
4510 2385
4515 968
4515 1683
4515 2012
4515 3783
4521 404
4521 962
4521 2239
4521 2926
4525 870
4525 1433
4525 1485
4525 1802
4525 2415
4525 4694
4527 1758
4527 2428
4527 3510
4527 4532
4527 4574
4527 5743
4529 267
4529 852
4529 1000
4529 1269
4529 1303
4529 2097
4529 2793
4529 3548
4529 4764
4529 5425
4531 1222
4531 1496
4531 2171
4531 2732
4531 3600
4531 4345
4531 5237
4531 5539
4532 1758
4532 2428
4532 3510
4532 4527
4532 4574
4532 5743
4540 1184
4540 1494
4541 1666
4541 2142
4541 2578
4541 2580
4541 4794
4544 2899
4544 3850
4544 4459
4544 4633
4544 5737
4548 42
4548 146
4548 958
4548 1633
4548 2051
4548 3621
4548 4233
4548 4455
4549 200
4549 281
4549 1336
4549 1435
4549 2321
4549 3053
4549 3188
4549 4814
4549 5740
4550 1023
4550 3176
4550 3226
4550 4912
4556 2016
4556 2460
4556 3488
4556 3696
4556 3775
4558 2637
4558 2876
4558 2975
4558 3703
4571 530
4571 864
4571 2264
4571 3055
4571 3465
4571 5516
4571 5719
4574 1758
4574 2428
4574 3510
4574 4527
4574 4532
4574 5743
4588 163
4588 894
4588 1690
4588 1914
4590 1035
4590 5003
4595 2217
4595 5367
4597 109
4597 2032
4597 2070
4597 2498
4597 2568
4597 4388
4610 569
4610 1290
4610 1337
4610 1672
4610 2762
4610 2807
4618 3990
4618 4294
4623 508
4623 921
4623 1053
4623 3092
4623 4949
4623 5376
4629 1892
4629 2056
4629 2159
4629 4360
4633 2899
4633 3850
4633 4459
4633 4544
4633 5737
4646 362
4646 1886
4646 2093
4646 3371
4646 3397
4649 175
4649 3806
4649 4295
4652 638
4652 2032
4652 5075
4652 5660
4653 204
4653 2193
4653 2220
4653 2258
4653 5082
4653 5468
4654 13
4654 2377
4654 3298
4654 3414
4654 4719
4657 920
4657 2137
4664 1233
4664 2176
4664 2854
4668 556
4668 812
4668 843
4668 1615
4668 1687
4668 2058
4668 2337
4668 2788
4668 3461
4668 3648
4668 5065
4679 215
4679 1215
4679 1279
4679 1548
4681 1008
4681 2631
4681 5456
4690 1589
4690 2197
4691 749
4691 925
4691 2897
4691 3288
4691 4707
4691 5531
4694 234
4694 870
4694 1433
4694 1485
4694 1802
4694 2348
4694 2415
4694 2646
4694 2676
4694 3482
4694 4525
4694 4820
4707 749
4707 925
4707 1772
4707 2897
4707 3181
4707 3219
4707 3243
4707 3288
4707 4691
4707 5125
4707 5531
4708 224
4708 838
4708 1241
4708 1931
4708 3550
4708 3800
4708 4020
4708 4021
4713 222
4713 2858
4713 3835
4713 5133
4719 13
4719 2377
4719 3298
4719 3414
4719 4654
4720 562
4720 616
4720 720
4720 5133
4721 2305
4721 3246
4721 3610
4721 3777
4721 4152
4721 4462
4721 4736
4723 1356
4723 1776
4724 555
4724 866
4724 1970
4724 2643
4724 3095
4724 3474
4724 4082
4725 219
4725 2182
4725 3054
4725 3503
4725 4194
4725 4404
4727 226
4727 2020
4727 2664
4727 5195
4730 174
4730 252
4730 1372
4730 1785
4730 2908
4730 4249
4730 4964
4730 4965
4730 5069
4730 5288
4730 5666
4735 665
4735 1755
4735 2858
4735 3658
4736 2305
4736 3246
4736 3610
4736 3777
4736 4152
4736 4462
4736 4721
4748 275
4748 1298
4748 1643
4748 1649
4748 3638
4748 5303
4750 3627
4750 4081
4750 4803
4750 4981
4750 5049
4756 2180
4756 3244
4756 3843
4756 5100
4764 267
4764 852
4764 1000
4764 1269
4764 1303
4764 2097
4764 2793
4764 3548
4764 4529
4764 5425
4772 1569
4772 1812
4772 3449
4772 4891
4781 580
4781 914
4781 3445
4781 3553
4781 5223
4791 391
4791 2540
4791 3589
4791 5324
4792 1357
4792 1761
4792 2205
4792 4961
4792 5557
4792 5560
4794 1666
4794 2142
4794 2578
4794 2580
4794 4541
4803 3627
4803 4081
4803 4750
4803 4981
4803 5049
4806 661
4806 1006
4806 1717
4806 2120
4806 2331
4806 2450
4806 3091
4806 3499
4806 3587
4806 5118
4806 5128
4814 200
4814 281
4814 1336
4814 1435
4814 2321
4814 3053
4814 3188
4814 4549
4814 5740
4816 2117
4816 2320
4816 2726
4816 3291
4820 234
4820 2348
4820 2646
4820 2676
4820 3482
4820 4694
4821 53
4821 2191
4821 2566
4821 5766
4822 3
4822 20
4822 141
4822 545
4822 2458
4822 4041
4822 4377
4822 5488
4823 3432
4823 3872
4823 5160
4824 77
4824 2609
4824 3034
4824 3260
4824 5026
4833 624
4833 1348
4833 3658
4833 5650
4834 3625
4834 4945
4845 940
4845 953
4845 2033
4845 3380
4845 3757
4845 4094
4845 5401
4848 2571
4848 4217
4849 588
4849 863
4849 3055
4849 3465
4849 4035
4849 4252
4849 4273
4849 4868
4861 2955
4861 4436
4861 5204
4861 5493
4865 1801
4865 5417
4865 5466
4865 5627
4868 588
4868 863
4868 3055
4868 3465
4868 4035
4868 4252
4868 4273
4868 4849
4870 64
4870 569
4870 1011
4870 1286
4870 1605
4870 1988
4870 2395
4870 2747
4870 3734
4870 3950
4870 4124
4870 4204
4870 4460
4870 5542
4874 472
4874 714
4874 2545
4874 2976
4874 3227
4874 4272
4874 4408
4874 5069
4874 5312
4880 2144
4880 2268
4880 2636
4880 2796
4880 2812
4880 2840
4880 4284
4891 1569
4891 1812
4891 3449
4891 4772
4892 358
4892 577
4892 623
4892 684
4892 832
4892 1473
4892 5671
4894 247
4894 1438
4894 1603
4894 2192
4894 3592
4894 3928
4896 876
4896 3000
4896 3001
4896 5138
4900 484
4900 620
4900 1989
4900 2261
4900 3047
4900 3469
4901 168
4901 571
4901 2657
4901 2924
4901 3430
4901 5695
4912 1023
4912 3176
4912 3226
4912 4550
4923 985
4923 1177
4937 2430
4937 5243
4939 20
4939 141
4939 941
4939 2458
4939 4024
4945 3625
4945 4834
4946 258
4946 3426
4946 3589
4946 5027
4947 1713
4947 3095
4947 3952
4947 4065
4949 508
4949 921
4949 1053
4949 3092
4949 4623
4949 5376
4955 833
4955 1304
4955 2077
4955 3748
4956 1243
4956 1273
4956 1481
4956 1930
4956 1963
4956 2066
4956 3230
4956 5376
4956 5449
4961 209
4961 617
4961 640
4961 707
4961 718
4961 1338
4961 1357
4961 1563
4961 1702
4961 1761
4961 2117
4961 2205
4961 2281
4961 2533
4961 2826
4961 3245
4961 3474
4961 3648
4961 3950
4961 4249
4961 4792
4961 5196
4961 5557
4961 5560
4963 743
4963 961
4963 4405
4963 5216
4964 174
4964 252
4964 2908
4964 4730
4964 4965
4964 5288
4964 5666
4965 174
4965 252
4965 2908
4965 4730
4965 4964
4965 5288
4965 5666
4967 473
4967 712
4967 1072
4967 2792
4967 3927
4981 3627
4981 4081
4981 4750
4981 4803
4981 5049
4983 136
4983 1140
4983 3262
4984 1055
4984 1058
4995 49
4995 2622
4995 3730
4995 3734
5003 1035
5003 4590
5006 110
5006 1520
5006 3553
5006 4037
5008 1217
5008 1881
5008 2274
5008 2553
5011 4067
5011 4396
5015 940
5015 1246
5015 1531
5015 4277
5020 1380
5020 1770
5020 2266
5020 3093
5025 926
5025 930
5025 1115
5025 1357
5025 3852
5025 4186
5025 4190
5026 77
5026 2609
5026 3034
5026 3260
5026 4824
5027 258
5027 3426
5027 3589
5027 4946
5031 1254
5031 1261
5031 2041
5031 4239
5031 4394
5031 5512
5034 571
5034 1695
5034 1841
5034 2602
5034 3708
5049 3627
5049 4081
5049 4750
5049 4803
5049 4981
5059 3067
5059 4023
5059 4328
5064 217
5064 2462
5064 3238
5065 145
5065 556
5065 643
5065 812
5065 843
5065 1615
5065 1687
5065 2028
5065 2058
5065 2337
5065 2788
5065 3461
5065 3648
5065 4300
5065 4668
5069 472
5069 714
5069 1372
5069 1785
5069 2545
5069 2976
5069 3227
5069 4249
5069 4272
5069 4408
5069 4730
5069 4874
5069 5312
5070 2033
5070 2826
5070 3503
5070 3610
5070 5447
5071 445
5071 923
5071 1155
5071 1448
5071 1463
5073 570
5073 573
5073 1962
5073 3408
5073 3488
5073 4154
5075 638
5075 2032
5075 4652
5075 5660
5077 655
5077 783
5077 2068
5077 2153
5077 3777
5077 3961
5077 5464
5082 204
5082 2193
5082 2220
5082 2258
5082 4653
5082 5468
5092 267
5092 690
5092 947
5092 1216
5092 1337
5092 2709
5092 3193
5092 3589
5100 2180
5100 3244
5100 3843
5100 4756
5109 504
5109 702
5109 761
5109 1704
5109 2505
5109 4367
5118 1006
5118 2120
5118 2450
5118 3091
5118 4806
5121 19
5121 69
5121 612
5121 931
5121 2157
5121 2435
5121 2721
5121 3155
5121 5122
5122 19
5122 69
5122 612
5122 931
5122 2157
5122 2435
5122 2721
5122 3155
5122 5121
5125 1772
5125 3181
5125 3219
5125 3243
5125 4707
5128 661
5128 1717
5128 2331
5128 3499
5128 3587
5128 4806
5130 825
5130 3617
5130 5383
5133 222
5133 562
5133 616
5133 720
5133 728
5133 2051
5133 2858
5133 3243
5133 3835
5133 4713
5133 4720
5133 5474
5134 427
5134 449
5134 661
5134 975
5134 1047
5134 1305
5134 1566
5134 1715
5134 2128
5134 2676
5134 2697
5134 3305
5134 3661
5134 3911
5134 5203
5134 5263
5136 767
5136 1797
5136 3027
5136 4496
5138 876
5138 3000
5138 3001
5138 4896
5139 1266
5139 1507
5139 1691
5139 2424
5139 3389
5139 4003
5140 1216
5140 1284
5140 1722
5140 1910
5140 3193
5143 218
5143 871
5143 1067
5143 1152
5144 1625
5144 2414
5157 2232
5157 2326
5160 3432
5160 3872
5160 4823
5162 266
5162 2155
5162 3100
5162 4237
5162 5212
5162 5248
5168 100
5168 262
5168 2894
5169 1246
5169 1515
5185 4318
5185 5400
5192 468
5192 2238
5192 4326
5192 5712
5195 216
5195 226
5195 407
5195 1123
5195 2020
5195 2664
5195 3032
5195 3373
5195 4727
5195 5431
5196 209
5196 617
5196 1338
5196 1563
5196 2826
5196 3474
5196 3648
5196 4961
5198 2232
5198 3388
5203 1305
5203 2676
5203 5134
5204 2955
5204 4436
5204 4861
5204 5493
5208 142
5208 616
5208 1431
5208 1488
5208 1978
5208 2218
5208 2991
5208 3495
5208 4330
5208 5290
5208 5488
5211 963
5211 2462
5211 3777
5211 4113
5212 266
5212 2155
5212 3100
5212 4237
5212 5162
5212 5248
5215 657
5215 1294
5215 1397
5215 1499
5215 2623
5215 3122
5215 3708
5215 5342
5216 743
5216 961
5216 4405
5216 4963
5217 413
5217 2141
5217 2628
5217 3275
5219 2754
5219 5647
5223 580
5223 914
5223 3445
5223 3553
5223 4781
5225 571
5225 821
5225 1297
5225 1307
5225 1841
5225 2126
5225 3199
5225 3572
5225 3610
5225 5342
5225 5716
5227 141
5227 182
5227 916
5227 2004
5227 4265
5232 2281
5232 2920
5232 3392
5232 3734
5232 3950
5232 5451
5233 1807
5233 2683
5233 5529
5237 1222
5237 1496
5237 2171
5237 2732
5237 3600
5237 4345
5237 4531
5237 5539
5238 90
5238 2723
5238 2852
5238 3458
5238 3639
5238 3752
5243 2430
5243 4937
5248 266
5248 2155
5248 3100
5248 4237
5248 5162
5248 5212
5258 1307
5258 2870
5259 632
5259 1667
5259 3504
5259 3686
5263 66
5263 1047
5263 1725
5263 5134
5263 5359
5272 73
5272 204
5272 1572
5272 5485
5285 3130
5285 3569
5285 3690
5285 5657
5286 785
5286 1452
5286 2117
5286 2903
5288 174
5288 252
5288 951
5288 1304
5288 2908
5288 4730
5288 4964
5288 4965
5288 5666
5288 5735
5290 616
5290 1431
5290 1488
5290 2218
5290 3495
5290 5208
5303 275
5303 1298
5303 1643
5303 1649
5303 3638
5303 4748
5304 1793
5304 2126
5304 2268
5304 5641
5312 472
5312 714
5312 2545
5312 2976
5312 3227
5312 4272
5312 4408
5312 4874
5312 5069
5316 3244
5316 5479
5321 184
5321 340
5321 3005
5324 391
5324 2540
5324 2855
5324 3589
5324 4791
5328 548
5328 1933
5328 2218
5328 2402
5328 3064
5339 1208
5339 3813
5342 313
5342 396
5342 409
5342 657
5342 821
5342 1252
5342 1640
5342 1681
5342 1757
5342 1841
5342 2270
5342 2623
5342 2814
5342 3198
5342 3572
5342 3708
5342 3827
5342 4183
5342 4285
5342 5215
5342 5225
5342 5436
5343 826
5343 895
5343 977
5343 1618
5343 3499
5343 3614
5343 3769
5343 5368
5347 1997
5347 2668
5347 3242
5347 3317
5348 1487
5348 5744
5359 66
5359 1725
5359 5263
5367 2217
5367 4595
5368 826
5368 895
5368 977
5368 1618
5368 3499
5368 3614
5368 3769
5368 5343
5376 508
5376 921
5376 1053
5376 1243
5376 1273
5376 1481
5376 1930
5376 1963
5376 2066
5376 3092
5376 3230
5376 4623
5376 4949
5376 4956
5376 5449
5383 825
5383 3617
5383 5130
5385 631
5385 5678
5400 4318
5400 5185
5401 940
5401 953
5401 2033
5401 3380
5401 3757
5401 4094
5401 4845
5416 692
5416 847
5416 3747
5416 5507
5417 1801
5417 4865
5417 5466
5417 5627
5420 3269
5420 4458
5421 1828
5421 2494
5421 2520
5421 2886
5421 3581
5421 3755
5421 3985
5421 4093
5421 5679
5422 2623
5422 5656
5425 267
5425 852
5425 1000
5425 1269
5425 1303
5425 2097
5425 2793
5425 3548
5425 4529
5425 4764
5431 216
5431 407
5431 3032
5431 5195
5432 1443
5432 1791
5434 742
5434 1251
5434 2707
5434 2922
5434 4012
5434 5523
5436 4285
5436 5342
5441 767
5441 2105
5441 3054
5441 5716
5443 2767
5443 4175
5443 4485
5447 624
5447 2033
5447 2826
5447 3054
5447 3503
5447 3596
5447 3610
5447 5070
5449 1243
5449 1273
5449 1481
5449 1930
5449 1963
5449 2066
5449 3230
5449 4956
5449 5376
5451 2281
5451 2920
5451 3392
5451 3734
5451 3950
5451 5232
5456 1008
5456 2631
5456 4681
5460 211
5460 593
5460 602
5460 810
5460 1734
5464 655
5464 783
5464 2068
5464 2153
5464 3777
5464 3961
5464 5077
5466 1801
5466 4865
5466 5417
5466 5627
5467 905
5467 1022
5467 1236
5467 3316
5467 3583
5467 4414
5468 204
5468 2193
5468 2220
5468 2258
5468 4653
5468 5082
5474 728
5474 2051
5474 3243
5474 5133
5479 3244
5479 5316
5485 73
5485 75
5485 204
5485 519
5485 541
5485 1246
5485 1452
5485 1515
5485 1572
5485 1707
5485 2341
5485 2733
5485 3190
5485 3563
5485 5272
5485 5702
5488 3
5488 142
5488 545
5488 1978
5488 2991
5488 4041
5488 4330
5488 4822
5488 5208
5493 2955
5493 4436
5493 4861
5493 5204
5498 211
5498 640
5498 2511
5498 2833
5507 692
5507 847
5507 3747
5507 5416
5512 1254
5512 1261
5512 2041
5512 4239
5512 4394
5512 5031
5516 530
5516 864
5516 2264
5516 3055
5516 3465
5516 4571
5516 5719
5523 2707
5523 5434
5524 1293
5524 2215
5524 4271
5528 891
5528 3609
5529 1807
5529 2683
5529 5233
5531 749
5531 925
5531 1049
5531 1920
5531 2897
5531 3288
5531 3777
5531 4691
5531 4707
5539 1222
5539 1496
5539 2171
5539 2732
5539 3600
5539 4345
5539 4531
5539 5237
5542 569
5542 2395
5542 2747
5542 3950
5542 4870
5551 382
5551 1900
5551 2534
5551 3048
5557 1357
5557 1761
5557 2205
5557 3033
5557 3507
5557 4186
5557 4792
5557 4961
5557 5560
5558 642
5558 1452
5558 1515
5558 2658
5558 3409
5558 3648
5559 415
5559 492
5559 935
5559 1196
5559 2244
5559 3151
5560 1357
5560 1761
5560 2205
5560 4792
5560 4961
5560 5557
5569 742
5569 1473
5569 1577
5569 3228
5577 943
5577 1047
5577 1846
5578 1047
5578 1846
5578 5597
5597 1047
5597 1846
5597 5578
5605 2653
5605 3373
5605 3777
5605 4113
5606 3352
5606 3434
5613 939
5613 2200
5613 2380
5613 4253
5616 430
5616 632
5616 1786
5616 2066
5616 4337
5623 205
5623 694
5623 2436
5623 3101
5627 1801
5627 4865
5627 5417
5627 5466
5635 781
5635 1262
5635 1477
5635 2231
5635 3255
5635 4132
5635 4485
5641 1793
5641 2126
5641 2268
5641 5304
5647 2754
5647 5219
5650 624
5650 1257
5650 1348
5650 2374
5650 3658
5650 4833
5652 885
5652 4097
5652 4230
5652 4480
5653 1550
5653 2157
5653 2722
5653 4354
5656 2623
5656 5422
5657 3130
5657 3569
5657 3690
5657 5285
5660 638
5660 2032
5660 4652
5660 5075
5666 174
5666 252
5666 2908
5666 4730
5666 4964
5666 4965
5666 5288
5671 358
5671 577
5671 623
5671 684
5671 832
5671 1473
5671 4892
5673 581
5673 1041
5673 1258
5673 2129
5673 3679
5678 631
5678 5385
5679 1828
5679 2494
5679 2520
5679 2886
5679 3581
5679 3755
5679 3985
5679 4093
5679 5421
5691 1706
5691 1955
5695 168
5695 571
5695 2657
5695 2924
5695 3430
5695 4901
5702 1452
5702 2733
5702 3190
5702 5485
5712 468
5712 855
5712 2073
5712 2097
5712 2238
5712 4021
5712 4326
5712 5192
5713 474
5713 1363
5713 2648
5716 767
5716 1297
5716 1307
5716 2105
5716 2126
5716 3054
5716 5225
5716 5441
5719 530
5719 864
5719 2264
5719 3055
5719 3465
5719 4571
5719 5516
5724 1278
5724 2090
5724 2891
5724 2994
5724 4307
5732 91
5732 238
5732 679
5732 1111
5732 1380
5732 2171
5733 434
5733 542
5733 2890
5733 3614
5735 951
5735 1304
5735 5288
5737 2899
5737 3850
5737 4459
5737 4544
5737 4633
5740 200
5740 281
5740 1336
5740 1435
5740 2321
5740 3053
5740 3188
5740 4549
5740 4814
5743 1758
5743 2428
5743 3510
5743 4527
5743 4532
5743 4574
5744 1487
5744 5348
5747 943
5747 1047
5747 1846
5747 2744
5748 472
5748 1450
5748 2268
5748 2713
5748 3717
5754 1559
5754 2109
5754 2911
5754 2948
5754 3839
5754 4211
5766 53
5766 2191
5766 2566
5766 4821
