3 202
3 545
3 2051
3 2066
3 2343
3 2753
3 2898
3 3934
3 4412
3 4822
3 4865
3 4965
4 2260
4 2823
4 2898
4 2919
4 4375
9 2033
9 2628
9 3219
9 3275
9 3951
9 4510
9 5217
10 30
10 1378
11 191
11 691
11 1276
11 4976
13 2377
13 3298
13 3414
13 4654
13 4719
16 1702
16 2235
16 4503
19 69
19 228
19 612
19 931
19 2435
19 2598
19 2721
19 3155
19 5122
20 141
20 941
20 2458
20 4024
20 4377
20 4822
20 4939
21 249
21 583
21 1310
21 3911
21 4408
29 920
29 2137
29 3551
30 10
30 1378
45 131
45 808
45 1042
45 1501
45 1698
45 2554
45 2818
45 4247
45 5648
48 196
48 1334
48 3777
53 2191
53 2566
53 4821
53 5766
54 300
54 1121
54 2015
54 4071
61 3652
61 3797
61 4104
61 5364
63 381
63 852
63 2018
63 2097
64 937
64 1286
64 1353
64 1988
64 2736
64 4478
64 4870
66 1104
66 1725
66 1846
66 2168
66 3236
66 5263
66 5359
69 19
69 228
69 612
69 931
69 2435
69 2598
69 2721
69 3155
69 5122
73 204
73 1572
73 5272
73 5485
77 630
77 2609
77 3034
77 3260
77 4818
77 5026
90 678
90 2612
90 2852
90 3165
90 3458
90 3752
90 5238
95 1520
95 3553
95 5006
100 262
100 2894
100 4911
100 5168
106 264
106 3513
109 2032
109 2070
109 2498
109 2568
109 4388
109 4597
110 4037
110 5006
114 2155
114 2855
114 3036
114 5324
115 420
115 1633
115 2322
127 168
127 2924
127 3430
127 4901
127 5695
131 45
131 808
131 1042
131 1501
131 1698
131 2554
131 2818
131 4247
131 5648
136 1140
136 3262
136 4983
141 20
141 182
141 916
141 941
141 2004
141 2458
141 2633
141 4024
141 4377
141 4822
141 4939
141 5227
142 341
142 1978
142 2616
142 4330
142 5488
145 783
145 2028
145 2760
145 5065
146 189
146 427
146 1633
146 3621
146 4738
146 5134
151 3780
151 3860
151 3878
156 758
156 1234
156 1347
156 1553
156 3213
163 894
163 1668
163 1914
163 4588
168 127
168 2924
168 3430
168 4901
168 5695
175 3806
175 4295
175 4649
177 946
177 1219
177 1981
177 2683
182 141
182 916
182 2004
182 2633
182 5227
185 508
185 2081
185 4623
185 5085
189 146
189 427
189 1633
189 3621
189 4738
189 5134
191 11
191 691
191 1276
191 1357
191 1488
191 2643
191 4752
191 4976
194 530
194 536
194 1128
194 1454
194 3573
194 4252
194 4841
194 4849
196 48
196 1334
196 3777
197 561
197 1930
197 3038
197 3092
197 3631
197 4563
197 4845
197 5417
200 281
200 1336
200 1435
200 2321
200 3053
200 3188
200 4549
200 4814
200 5740
202 3
202 2898
202 4865
202 4965
204 73
204 257
204 1047
204 1572
204 2193
204 2258
204 3027
204 4653
204 5082
204 5272
204 5468
204 5485
204 5496
205 694
205 3101
205 3567
205 3870
205 3920
205 5623
207 1290
207 1576
207 2606
207 4391
208 1262
208 1477
208 2231
208 2630
208 3255
208 4132
208 5635
209 613
209 618
209 806
209 1338
209 1669
209 2749
209 2826
209 3261
209 3289
209 3474
209 3620
209 3648
209 3845
209 5153
209 5196
211 593
211 810
211 1734
211 2833
211 2880
211 4797
211 5460
211 5498
213 1493
213 1716
213 3862
213 4011
215 1279
215 1548
215 4172
215 4679
216 407
216 2295
216 3032
216 3270
216 4113
216 4899
216 5195
216 5431
217 2462
217 3238
217 5064
218 226
218 705
218 871
218 1067
218 1152
218 2096
218 2629
218 3777
218 4123
222 2858
222 4186
222 4713
222 5133
224 1241
224 1639
224 3550
224 3800
224 4021
224 4708
224 5055
226 218
226 705
226 1968
226 2096
226 2629
226 3777
226 4123
226 4326
226 5192
226 5712
228 19
228 69
228 612
228 931
228 2435
228 2598
228 2721
228 3155
228 5122
230 820
230 3374
233 972
233 999
233 3208
233 3399
235 2444
235 3072
236 1168
236 2245
236 4722
237 531
237 597
237 1739
237 2998
237 3147
237 3408
244 616
244 720
244 4537
244 5133
249 21
249 583
249 1310
249 3911
249 4408
252 2908
252 3735
252 4965
252 5666
256 1681
256 4651
256 4827
256 5342
257 204
257 1047
257 3027
260 513
260 597
260 1602
260 5083
262 100
262 2894
262 4911
262 5168
264 106
264 3513
265 559
265 1801
265 3865
265 5563
267 657
267 3018
267 5251
267 5342
269 1059
269 3094
269 3119
269 5438
272 434
272 542
272 2890
272 5733
273 1772
273 3181
273 3219
273 4707
273 5125
275 367
275 1298
275 1643
275 1649
275 3638
275 4748
275 5303
276 913
276 1054
276 1081
276 1500
276 1970
276 2167
276 2654
276 3721
276 3970
276 4583
276 5712
281 200
281 1336
281 1435
281 2321
281 3053
281 3188
281 4549
281 4814
281 5740
290 670
290 681
290 875
290 1841
290 2671
290 2687
300 54
300 1121
300 2015
300 4071
304 779
304 2041
304 4754
312 1365
312 2278
312 3670
312 4538
313 409
313 951
313 1640
313 2814
313 4285
340 1446
340 3005
340 5205
340 5211
340 5321
340 5710
341 142
341 1978
341 2616
341 4330
341 5488
357 2266
357 2268
357 2398
357 2891
357 5020
358 577
358 623
358 1473
360 1433
360 4525
360 4694
361 1085
361 3571
367 275
367 1298
367 1643
367 1649
367 3638
367 4748
367 5303
372 1041
372 1258
372 2129
372 3679
377 1738
377 2431
377 3494
377 4042
381 63
381 852
381 2018
381 2097
382 823
382 1900
382 2534
382 3048
382 5427
382 5551
391 688
391 2007
391 2141
391 2393
391 2851
391 4936
391 5672
393 1730
393 3868
393 4139
393 5331
396 1252
396 3198
396 3827
396 5342
404 962
404 2239
404 2926
404 4521
406 689
406 1216
406 3193
406 5092
407 216
407 3032
407 5195
407 5431
409 313
409 951
409 1640
409 2814
409 4285
415 492
415 935
415 1196
415 2244
415 3151
415 5559
420 115
420 1633
420 2322
427 146
427 189
427 1633
427 3305
427 3621
427 4738
427 5134
434 272
434 502
434 542
434 583
434 679
434 1111
434 1179
434 2890
434 5732
434 5733
436 609
436 3630
436 4712
436 5433
444 1591
444 2280
444 3608
445 923
445 1155
445 1448
445 1463
445 5071
457 2109
457 2700
457 2911
457 4211
457 5314
457 5687
462 1006
462 2120
462 3091
462 3570
472 714
472 3227
472 3422
472 4408
472 4874
472 5069
473 712
473 1072
473 1896
473 2792
473 4967
492 415
492 935
492 1196
492 2244
492 3151
492 5559
497 563
497 4688
500 562
500 2090
500 2385
500 4510
501 1376
501 3003
502 434
502 583
502 679
502 1111
502 1179
502 5732
504 702
504 761
504 1704
504 2505
504 4367
504 5109
508 185
508 2081
508 4623
508 5085
513 260
513 597
513 1602
513 5083
527 1184
527 1494
527 2943
527 3032
527 3632
530 194
530 536
530 1128
530 1454
530 3573
530 4252
530 4841
530 4849
531 237
531 597
531 1739
531 2998
531 3147
531 3408
536 194
536 530
536 1128
536 1454
536 3573
536 4252
536 4841
536 4849
539 2760
539 5358
539 5624
542 272
542 434
542 1161
542 2441
542 2890
542 3429
542 3447
542 3950
542 4218
542 5733
545 3
545 1769
545 2051
545 2066
545 2247
545 2343
545 2753
545 3934
545 3948
545 4412
545 4822
546 1263
546 1990
546 3233
546 3403
548 1628
548 1933
548 2218
548 2402
548 3064
548 5328
551 622
551 3969
555 583
555 866
555 1970
555 2060
555 2370
555 2643
555 2756
555 3095
555 3474
555 4082
555 4724
559 265
559 1801
559 3865
559 5563
561 197
561 1930
561 3038
561 3092
561 3631
561 4563
561 4845
561 5417
562 500
562 2090
562 2385
562 4510
563 497
563 4688
564 2165
564 5764
569 1337
569 1673
569 2762
569 2807
570 573
570 1962
570 3408
570 3488
570 4154
570 5073
571 1695
571 1841
571 1960
571 2602
571 3173
571 3610
571 3708
571 4996
571 5034
573 570
573 1962
573 3408
573 3488
573 4154
573 5073
577 358
577 623
577 1473
577 1577
577 3892
583 21
583 249
583 434
583 502
583 555
583 679
583 1111
583 1179
583 1310
583 2060
583 2370
583 2756
583 3911
583 4408
583 5732
587 1350
587 2036
587 2858
587 4059
588 863
588 3055
588 3465
588 4035
588 4252
588 4273
588 4849
588 4868
593 211
593 810
593 1734
593 2833
593 2880
593 4797
593 5460
593 5498
597 237
597 260
597 513
597 531
597 1602
597 1739
597 2998
597 3147
597 3408
597 5083
600 2387
600 3382
600 3902
600 5215
600 5354
605 1372
605 1785
605 5069
607 1464
607 4959
609 436
609 3630
609 4712
609 5433
612 19
612 69
612 228
612 931
612 2435
612 2598
612 2721
612 3155
612 5122
613 209
613 618
613 806
613 1338
613 1669
613 2749
613 2826
613 3261
613 3289
613 3474
613 3620
613 3648
613 3845
613 5153
613 5196
616 244
616 720
616 1488
616 2051
616 2218
616 4537
616 5133
616 5208
618 209
618 613
618 806
618 1338
618 1669
618 2749
618 2826
618 3261
618 3289
618 3474
618 3620
618 3648
618 3845
618 5153
618 5196
620 1989
620 2261
620 3047
620 3342
620 3469
620 4900
622 551
622 3969
623 358
623 577
623 1473
624 1246
624 1755
624 2033
624 2826
624 3054
624 3503
624 3596
624 3610
624 3658
624 5447
624 5614
630 77
630 2609
630 3034
630 3260
630 4818
630 5026
632 818
632 1667
632 2066
632 3504
632 3686
632 3738
632 4046
632 4337
632 5259
632 5616
634 2342
634 2344
635 1118
635 3857
635 4031
635 4199
638 2032
638 4652
638 5075
638 5660
639 2242
639 2606
639 2637
639 2745
639 3350
639 3592
639 4391
639 4407
640 707
640 1027
640 1702
640 2533
644 2275
644 3716
647 1216
647 1284
647 1722
647 3193
647 5140
653 841
653 1004
653 1446
653 2914
653 3416
653 3641
653 4108
653 5170
655 1258
655 3410
655 3503
655 4031
656 3459
656 4632
657 267
657 3018
657 5251
657 5342
660 2281
660 2892
660 3392
660 3950
660 5232
660 5601
661 1566
661 1717
661 2331
661 3499
661 3661
661 4390
661 4806
661 5128
661 5134
664 1114
664 2063
664 3861
664 3970
664 3986
666 2597
666 2805
666 4543
666 5342
670 290
670 681
670 875
670 1841
670 2671
670 2687
672 3604
672 3621
672 4470
672 5230
676 2410
676 3137
676 3553
676 5223
678 90
678 2612
678 2852
678 3165
678 3458
678 3752
678 5238
679 434
679 502
679 583
679 1111
679 1179
679 5732
681 290
681 670
681 875
681 1841
681 2671
681 2687
682 1636
682 3283
687 3275
687 4727
688 391
688 2007
688 2393
689 406
689 1216
689 3193
689 5092
691 11
691 191
691 1276
691 4976
692 847
692 3747
692 5416
692 5507
694 205
694 3101
694 3567
694 3870
694 3920
694 5623
702 504
702 761
702 1704
702 2505
702 4367
702 5109
705 218
705 226
705 2096
705 2629
705 3777
705 4123
707 640
707 1027
707 1047
707 1702
707 2533
707 2958
707 2959
707 3982
709 833
709 2228
712 473
712 1072
712 1896
712 2792
712 4967
714 472
714 3227
714 3422
714 4408
714 4874
714 5069
716 982
716 3242
716 4620
716 5347
718 2104
718 2117
718 2281
718 2706
718 3734
720 244
720 616
720 4537
720 5133
728 1462
728 2051
728 3634
728 5133
730 1367
730 3777
732 2747
732 3621
732 3950
732 4870
732 5246
737 1550
737 2630
737 3217
737 3590
743 4405
743 4601
743 4963
743 5216
749 925
749 2868
749 3288
749 4691
749 4707
749 4797
749 5531
758 156
758 1234
758 1347
758 1553
758 3213
758 3484
758 3637
758 4037
761 504
761 702
761 1704
761 2505
761 4367
761 5109
766 1854
766 2166
767 1797
767 1856
767 2105
767 3027
767 3054
767 3219
767 3369
767 3503
767 3663
767 5136
767 5441
767 5716
775 1670
775 3725
779 304
779 2041
779 4754
783 145
783 2028
783 2760
783 5065
785 911
785 1452
785 2117
785 2903
789 3496
789 4283
806 209
806 613
806 618
806 1338
806 1669
806 2749
806 2826
806 3261
806 3289
806 3474
806 3620
806 3648
806 3845
806 5153
806 5196
808 45
808 131
808 1042
808 1501
808 1698
808 2554
808 2818
808 4247
808 5648
810 211
810 593
810 1734
810 4797
810 5460
818 632
818 2066
818 3738
818 4046
818 4337
818 5616
819 1439
819 1444
819 2414
819 3290
819 3766
819 3966
819 4030
819 4718
819 4749
820 230
820 3374
823 382
823 1900
823 2534
823 3048
823 5427
823 5551
825 3617
825 5130
825 5383
826 895
826 1618
826 3499
826 3614
826 3769
826 5343
826 5368
826 5371
831 2334
831 3037
831 3185
831 3286
831 3795
833 709
833 1114
833 2228
833 3621
833 3748
841 653
841 1004
841 1446
841 2914
841 3416
841 3641
841 4108
841 5170
843 1256
843 1615
843 1687
843 2058
843 2337
843 2788
843 3030
843 3461
843 3648
843 4668
843 5065
847 692
847 1119
847 1234
847 1750
847 1755
847 2653
847 3747
847 3777
847 4357
847 5416
847 5507
852 63
852 381
852 2018
852 2097
855 2073
855 2097
855 4021
855 5712
863 588
863 3055
863 3465
863 4035
863 4252
863 4273
863 4849
863 4868
866 555
866 1970
866 2643
866 3095
866 3474
866 4082
866 4724
871 218
871 1067
871 1152
875 290
875 670
875 681
875 1841
875 2671
875 2687
876 3000
876 3001
876 4896
876 5138
877 1302
877 4089
878 2430
878 4937
881 983
881 2028
881 3705
886 2759
886 3496
888 1132
888 1630
888 1665
888 2144
888 2898
888 2968
888 4988
891 3609
891 5528
893 986
893 4495
894 163
894 1668
894 1914
894 4588
895 826
895 1618
895 3499
895 3614
895 3769
895 5343
895 5368
895 5371
905 1236
905 3583
905 3904
905 4414
905 5467
907 2349
907 2984
908 1757
908 2051
908 3464
908 4276
911 785
911 1452
911 2117
911 2903
913 276
913 1081
913 1500
913 1970
913 2167
913 3970
913 5712
916 141
916 182
916 2004
916 2633
916 5227
920 29
920 2137
920 3551
923 445
923 1155
923 1448
923 1463
923 5071
924 2180
924 3244
924 4756
924 5100
925 749
925 2868
925 3288
925 4691
925 4707
925 4797
925 5531
926 930
926 1115
926 1357
926 3852
926 4186
926 4190
926 5025
930 926
930 1115
930 1357
930 3852
930 4186
930 4190
930 5025
931 19
931 69
931 228
931 612
931 1120
931 1452
931 1569
931 2199
931 2435
931 2598
931 2721
931 3155
931 5122
935 415
935 492
935 1196
935 2244
935 3151
935 5559
937 64
937 1353
937 2736
939 2200
939 2380
939 4253
939 5613
940 953
940 1246
940 3380
940 4094
940 4277
940 4845
940 5015
940 5274
940 5401
941 20
941 141
941 2458
941 4024
941 4939
943 1047
943 1846
943 2744
943 5263
943 5577
943 5578
943 5597
943 5747
946 177
946 1219
946 1981
946 2683
951 313
951 409
951 1640
951 2814
951 4285
953 940
953 3380
953 4094
953 4845
953 5015
953 5274
953 5401
958 4233
958 4548
962 404
962 2239
962 2926
962 4521
968 1683
968 2012
968 3783
968 4515
972 233
972 999
972 2462
972 3208
972 3399
972 3777
972 4113
972 5493
975 2128
975 5134
982 716
982 3242
982 4620
982 5347
983 881
983 2028
983 3705
984 1094
984 2066
984 2270
984 5146
986 893
986 2289
986 4495
995 2179
995 3739
999 233
999 972
999 3208
999 3399
1001 1856
1001 4096
1001 4404
1004 653
1004 841
1004 1446
1004 2914
1004 3416
1004 3641
1004 4108
1004 5170
1006 462
1006 2120
1006 3091
1006 3570
1008 2631
1008 3652
1008 5531
1009 2094
1009 2882
1009 3472
1009 4186
1011 1211
1011 1286
1011 1605
1011 3814
1011 4204
1011 4870
1015 1686
1015 2699
1022 3316
1022 5467
1023 1301
1023 1526
1023 2141
1023 2395
1023 3176
1023 4550
1023 4912
1023 5542
1027 640
1027 707
1027 1702
1027 2533
1041 372
1041 1258
1041 2129
1041 3679
1042 45
1042 131
1042 808
1042 1501
1042 1698
1042 2554
1042 2818
1042 4247
1042 5648
1045 1535
1045 1709
1045 3189
1045 4302
1046 2822
1046 3572
1046 5342
1047 204
1047 257
1047 707
1047 943
1047 1846
1047 2744
1047 2958
1047 2959
1047 3027
1047 3982
1047 5263
1047 5577
1047 5578
1047 5597
1047 5747
1049 1076
1049 1750
1049 1920
1049 3777
1054 276
1054 2654
1054 3721
1054 4583
1055 1058
1055 1299
1055 4984
1058 1055
1058 1299
1058 4984
1059 269
1059 3094
1059 3119
1059 5438
1060 1687
1060 2153
1060 3961
1060 4556
1060 5005
1060 5464
1067 218
1067 871
1067 1152
1072 473
1072 712
1072 1896
1072 2792
1072 4967
1076 1049
1076 1750
1076 1920
1076 3777
1078 1428
1081 276
1081 913
1081 1500
1081 1970
1081 2167
1081 3970
1081 5712
1085 361
1085 3571
1093 4230
1093 4355
1093 4480
1093 5652
1094 984
1094 2066
1094 2270
1094 5146
1104 66
1104 1846
1104 2168
1104 3236
1111 434
1111 502
1111 583
1111 679
1111 1179
1111 5732
1113 1617
1113 4555
1114 664
1114 833
1114 2063
1114 3621
1114 3748
1114 3861
1114 3970
1114 3986
1115 926
1115 930
1115 1357
1115 3852
1115 4186
1115 4190
1115 5025
1117 1306
1117 2249
1117 2374
1117 4563
1117 5342
1117 5541
1117 5659
1118 635
1118 3857
1118 4031
1118 4199
1119 847
1119 1234
1119 1755
1119 4357
1120 931
1120 1452
1120 1569
1120 2199
1121 54
1121 300
1121 2015
1121 4071
1123 3373
1123 5195
1128 194
1128 530
1128 536
1128 1454
1128 3573
1128 4252
1128 4841
1128 4849
1132 888
1132 1630
1132 1665
1132 2144
1132 2898
1132 2968
1132 4988
1140 136
1140 3262
1140 4983
1151 2536
1151 3813
1151 5339
1152 218
1152 871
1152 1067
1155 445
1155 923
1155 1448
1155 1463
1155 5071
1159 4699
1159 4941
1161 542
1161 2441
1161 3429
1161 3447
1161 3950
1161 4218
1168 236
1168 2245
1168 4722
1179 434
1179 502
1179 583
1179 679
1179 1111
1179 5732
1184 527
1184 1494
1184 2943
1184 3032
1184 3632
1196 415
1196 492
1196 935
1196 2244
1196 3151
1196 5559
1211 1011
1211 1286
1211 1605
1211 3814
1216 406
1216 647
1216 689
1216 1284
1216 1722
1216 3193
1216 5092
1216 5140
1218 1657
1218 5581
1219 177
1219 946
1219 1981
1219 2683
1222 1496
1222 1839
1222 2171
1222 2268
1222 2732
1222 3488
1222 3600
1222 4345
1222 4531
1222 5065
1222 5237
1222 5539
1222 5710
1234 156
1234 758
1234 847
1234 1119
1234 1347
1234 1553
1234 1755
1234 3213
1234 4357
1236 905
1236 3583
1236 3904
1236 4414
1236 5467
1241 224
1241 1639
1241 1953
1241 2403
1241 3550
1241 3800
1241 4021
1241 4708
1241 5055
1246 624
1246 940
1246 1755
1246 2797
1246 2916
1246 3614
1246 3658
1246 3678
1246 4277
1246 5015
1246 5401
1246 5614
1251 1566
1251 2707
1251 2922
1251 4390
1251 5763
1252 396
1252 3198
1252 3827
1252 5342
1254 1261
1254 2041
1254 4239
1254 4394
1254 5031
1254 5512
1256 843
1256 1615
1256 1687
1256 2058
1256 2337
1256 2788
1256 3030
1256 3461
1256 3648
1256 4668
1256 5065
1257 2374
1257 5650
1258 372
1258 655
1258 1041
1258 2129
1258 3410
1258 3503
1258 3679
1258 4031
1261 1254
1261 2041
1261 4239
1261 4394
1261 5031
1261 5512
1262 208
1262 1477
1262 2231
1262 2630
1262 3255
1262 4132
1262 5635
1263 546
1263 1990
1263 3233
1263 3403
1268 1548
1268 2090
1268 2983
1268 4172
1270 2447
1270 3799
1276 11
1276 191
1276 691
1276 4976
1278 1473
1278 2090
1278 2607
1278 2891
1278 3644
1278 5724
1279 215
1279 1548
1279 4172
1279 4679
1284 647
1284 1216
1284 1722
1284 3193
1284 5140
1286 64
1286 1011
1286 1211
1286 1605
1286 1988
1286 3814
1286 4478
1286 4870
1290 207
1290 1576
1290 2606
1290 4391
1293 2215
1293 4271
1293 5524
1294 1397
1294 1499
1294 3122
1294 5215
1298 275
1298 367
1298 1643
1298 1649
1298 3638
1298 4748
1298 5303
1299 1055
1299 1058
1299 4984
1301 1023
1301 1526
1301 2395
1301 5542
1302 877
1302 4089
1304 1362
1304 1714
1304 3734
1304 3817
1304 3953
1304 4955
1304 5288
1304 5735
1305 2676
1305 5203
1306 1117
1306 2249
1306 2374
1306 4563
1306 5342
1306 5541
1306 5659
1307 1864
1307 2870
1307 3301
1307 4726
1307 5258
1310 21
1310 249
1310 583
1310 3911
1310 4408
1326 1767
1326 3643
1326 4163
1326 4432
1328 1450
1328 2713
1328 2866
1328 3717
1334 48
1334 196
1334 3777
1336 200
1336 281
1336 1435
1336 2321
1336 3053
1336 3188
1336 4549
1336 4814
1336 5740
1337 569
1337 1673
1337 2762
1337 2807
1338 209
1338 613
1338 618
1338 806
1338 1669
1338 2749
1338 2826
1338 3261
1338 3289
1338 3474
1338 3620
1338 3648
1338 3845
1338 5153
1338 5196
1341 1436
1341 2295
1341 3827
1347 156
1347 758
1347 1234
1347 1553
1347 3213
1350 587
1350 2036
1350 2858
1350 4059
1353 64
1353 937
1353 2736
1357 191
1357 926
1357 930
1357 1115
1357 1488
1357 1761
1357 1848
1357 2051
1357 2205
1357 2643
1357 3033
1357 3507
1357 3611
1357 3621
1357 3852
1357 4186
1357 4190
1357 4752
1357 4792
1357 4961
1357 5025
1357 5557
1357 5560
1362 1304
1362 1714
1362 3817
1362 3953
1362 4955
1363 2229
1363 2290
1363 2648
1363 5713
1365 312
1365 2278
1365 3670
1365 4538
1367 730
1367 3777
1372 605
1372 1785
1372 5069
1376 501
1376 3003
1378 10
1378 30
1397 1294
1397 1499
1397 3122
1397 5215
1428 1078
1432 1996
1432 2016
1432 4437
1433 360
1433 4525
1433 4694
1435 200
1435 281
1435 1336
1435 2321
1435 3053
1435 3188
1435 4549
1435 4814
1435 5740
1436 1341
1436 2295
1436 3827
1438 2054
1438 2182
1438 2192
1438 3958
1438 4136
1438 4568
1438 4894
1439 819
1439 1444
1439 2414
1439 3290
1439 3766
1439 3966
1439 4030
1439 4718
1439 4749
1443 1791
1443 5432
1444 819
1444 1439
1444 2414
1444 3290
1444 3766
1444 3966
1444 4030
1444 4718
1444 4749
1446 340
1446 653
1446 841
1446 1004
1446 2914
1446 3005
1446 3416
1446 3641
1446 4108
1446 5170
1446 5205
1446 5211
1446 5321
1446 5710
1448 445
1448 923
1448 1155
1448 1463
1448 5071
1450 1328
1450 2713
1450 2866
1450 3717
1452 785
1452 911
1452 931
1452 1120
1452 1515
1452 1569
1452 2117
1452 2199
1452 2658
1452 2903
1452 3190
1452 3409
1452 3648
1452 4461
1452 4782
1452 5242
1452 5485
1452 5558
1454 194
1454 530
1454 536
1454 1128
1454 3573
1454 4252
1454 4841
1454 4849
1462 728
1462 2051
1462 3634
1462 5133
1463 445
1463 923
1463 1155
1463 1448
1463 5071
1464 607
1464 4959
1473 358
1473 577
1473 623
1473 1278
1473 2090
1473 2607
1473 2891
1473 3644
1473 5724
1477 208
1477 1262
1477 2231
1477 2630
1477 3255
1477 4132
1477 5635
1488 191
1488 616
1488 1357
1488 2051
1488 2218
1488 2643
1488 4752
1488 5208
1493 213
1493 1716
1493 3862
1493 4011
1494 527
1494 1184
1494 2943
1494 3032
1494 3632
1496 1222
1496 2171
1496 2732
1496 3600
1496 4345
1496 4531
1496 5237
1496 5539
1499 1294
1499 1397
1499 3122
1499 5215
1500 276
1500 913
1500 1081
1500 1970
1500 2167
1500 3970
1500 5712
1501 45
1501 131
1501 808
1501 1042
1501 1698
1501 2554
1501 2818
1501 4247
1501 5648
1507 1691
1507 2424
1507 3115
1507 4003
1507 4813
1507 5139
1515 1452
1515 2630
1515 2658
1515 2916
1515 3409
1515 3648
1515 5485
1515 5491
1515 5558
1520 95
1520 3553
1520 5006
1526 1023
1526 1301
1526 2395
1526 5542
1532 2615
1532 3496
1535 1045
1535 1709
1535 3189
1535 4302
1539 3762
1539 5424
1548 215
1548 1268
1548 1279
1548 2090
1548 2983
1548 4172
1548 4679
1550 737
1550 2630
1550 3217
1550 3590
1553 156
1553 758
1553 1234
1553 1347
1553 3213
1566 661
1566 1251
1566 2707
1566 2922
1566 3661
1566 4390
1566 5134
1566 5763
1569 931
1569 1120
1569 1452
1569 2199
1569 3448
1569 5644
1571 3181
1571 3219
1571 3730
1571 4497
1571 5444
1572 73
1572 204
1572 5272
1572 5485
1576 207
1576 1290
1576 2606
1576 4391
1577 577
1577 3892
1582 2066
1582 2270
1582 2597
1582 3180
1582 3582
1589 2197
1589 3704
1591 444
1591 2280
1591 3608
1602 260
1602 513
1602 597
1602 5083
1605 1011
1605 1211
1605 1286
1605 3814
1605 4204
1605 4870
1609 2141
1609 3804
1615 843
1615 1256
1615 1687
1615 2058
1615 2337
1615 2788
1615 3030
1615 3461
1615 3648
1615 4668
1615 5065
1617 1113
1617 4555
1618 826
1618 895
1618 3499
1618 3614
1618 3769
1618 5343
1618 5368
1618 5371
1619 3432
1619 3872
1619 4823
1619 5160
1625 2414
1625 5144
1628 548
1628 1933
1628 2218
1628 2402
1628 3064
1628 5328
1630 888
1630 1132
1630 1665
1630 2144
1630 2898
1630 2968
1630 4988
1633 115
1633 146
1633 189
1633 420
1633 427
1633 2322
1633 3621
1633 4738
1633 5134
1636 682
1636 3283
1639 224
1639 1241
1639 3550
1639 3800
1639 4021
1639 4708
1639 5055
1640 313
1640 409
1640 951
1640 2814
1640 4285
1643 275
1643 367
1643 1298
1643 1649
1643 3638
1643 4748
1643 5303
1649 275
1649 367
1649 1298
1649 1643
1649 3638
1649 4748
1649 5303
1655 4176
1655 4222
1657 1218
1657 5581
1662 2082
1662 2390
1662 2550
1662 3073
1662 3128
1662 5708
1663 3460
1663 4041
1665 888
1665 1132
1665 1630
1665 2144
1665 2898
1665 2968
1665 4988
1666 2578
1666 2580
1666 4541
1666 4794
1667 632
1667 3504
1667 3686
1667 5259
1668 163
1668 894
1668 1914
1668 4588
1669 209
1669 613
1669 618
1669 806
1669 1338
1669 2749
1669 2826
1669 3261
1669 3289
1669 3474
1669 3620
1669 3648
1669 3845
1669 5153
1669 5196
1670 775
1670 3725
1673 569
1673 1337
1673 2762
1673 2807
1681 256
1681 4651
1681 4827
1681 5342
1682 1897
1682 2504
1683 968
1683 2012
1683 3783
1683 4515
1684 2151
1684 2564
1684 3696
1684 4268
1686 1015
1686 2699
1687 843
1687 1060
1687 1256
1687 1615
1687 2058
1687 2153
1687 2337
1687 2788
1687 3030
1687 3461
1687 3648
1687 3961
1687 4556
1687 4668
1687 5005
1687 5065
1687 5464
1691 1507
1691 2424
1691 3115
1691 4003
1691 4813
1691 5139
1695 571
1695 1841
1695 2602
1695 3708
1695 5034
1698 45
1698 131
1698 808
1698 1042
1698 1501
1698 2554
1698 2818
1698 4247
1698 5648
1702 16
1702 640
1702 707
1702 1027
1702 2235
1702 2533
1702 4503
1704 504
1704 702
1704 761
1704 2505
1704 4367
1704 5109
1706 3320
1706 4473
1709 1045
1709 1535
1709 3189
1709 4302
1713 3095
1713 3952
1713 4065
1713 4947
1714 1304
1714 1362
1714 3817
1714 3953
1714 4955
1715 1965
1715 3911
1715 5134
1715 5506
1716 213
1716 1493
1716 3862
1716 4011
1717 661
1717 2331
1717 3499
1717 4806
1717 5128
1722 647
1722 1216
1722 1284
1722 3193
1722 5140
1725 66
1725 5263
1725 5359
1730 393
1730 3868
1730 4139
1730 5331
1731 3126
1731 3387
1731 5188
1731 5650
1734 211
1734 593
1734 810
1734 4797
1734 5460
1738 377
1738 2431
1738 3494
1738 4042
1739 237
1739 531
1739 597
1739 2998
1739 3147
1739 3408
1744 1868
1744 2240
1744 3167
1744 3825
1750 847
1750 1049
1750 1076
1750 1920
1750 2653
1750 3777
1755 624
1755 847
1755 1119
1755 1234
1755 1246
1755 3658
1755 4357
1755 5614
1757 908
1757 1769
1757 2051
1757 2270
1757 3464
1757 4183
1757 4276
1757 5342
1758 2428
1758 3510
1758 4527
1758 4532
1758 5743
1761 1357
1761 1848
1761 2205
1761 4792
1761 4961
1761 5560
1767 1326
1767 3643
1767 4163
1767 4432
1769 545
1769 1757
1769 2247
1769 2270
1769 3948
1769 4183
1769 4412
1769 5342
1772 273
1772 3181
1772 3219
1772 4707
1772 5125
1776 2509
1776 2567
1776 2964
1776 3184
1785 605
1785 1372
1785 5069
1791 1443
1791 5432
1792 3291
1792 4816
1793 1825
1793 2266
1793 3591
1793 3778
1793 4464
1797 767
1797 3027
1797 3663
1797 5136
1801 265
1801 559
1801 3865
1801 4442
1801 5173
1801 5563
1825 1793
1825 2266
1825 3591
1825 3778
1825 4464
1828 2494
1828 2520
1828 2886
1828 3581
1828 3755
1828 3985
1828 4093
1828 5421
1828 5679
1839 1222
1839 2268
1839 3488
1839 5065
1839 5710
1841 290
1841 571
1841 670
1841 681
1841 875
1841 1695
1841 2602
1841 2671
1841 2687
1841 3708
1841 5034
1846 66
1846 943
1846 1047
1846 1104
1846 2168
1846 2744
1846 3236
1846 5577
1846 5578
1846 5597
1846 5747
1848 1357
1848 1761
1848 2205
1848 4792
1848 4961
1848 5560
1854 766
1854 2166
1856 767
1856 1001
1856 3027
1856 3054
1856 3219
1856 3369
1856 3503
1856 4096
1856 4404
1857 1995
1857 2582
1857 2626
1857 3850
1861 2893
1861 4008
1861 4619
1864 1307
1864 3301
1864 4726
1868 1744
1868 2240
1868 3167
1868 3825
1887 3220
1887 4409
1892 2056
1892 2159
1892 4629
1896 473
1896 712
1896 1072
1896 2792
1896 4967
1897 1682
1897 2504
1900 382
1900 823
1900 2534
1900 3048
1900 5427
1900 5551
1914 163
1914 894
1914 1668
1914 4588
1920 1049
1920 1076
1920 1750
1920 3777
1930 197
1930 561
1930 3038
1930 3092
1930 3631
1930 4563
1930 4845
1930 5417
1933 548
1933 1628
1933 2218
1933 2402
1933 3064
1933 5328
1944 2023
1944 2683
1944 5233
1949 2348
1949 4820
1953 1241
1953 2403
1960 571
1960 3173
1960 3610
1960 4996
1962 570
1962 573
1962 3408
1962 3488
1962 4154
1962 5073
1965 1715
1965 3911
1965 5134
1965 5506
1968 226
1968 4326
1968 5192
1968 5712
1970 276
1970 555
1970 866
1970 913
1970 1081
1970 1500
1970 2167
1970 2643
1970 3095
1970 3474
1970 3970
1970 4082
1970 4724
1970 5712
1976 2196
1976 3156
1976 4485
1976 5443
1978 142
1978 341
1978 2616
1978 4330
1978 5488
1981 177
1981 946
1981 1219
1981 2683
1988 64
1988 1286
1988 4478
1988 4870
1989 620
1989 2261
1989 3047
1989 3342
1989 3469
1989 4900
1990 546
1990 1263
1990 3233
1990 3403
1995 1857
1995 2582
1995 2626
1995 3850
1996 1432
1996 2016
1996 4437
2004 141
2004 182
2004 916
2004 2633
2004 5227
2007 391
2007 688
2007 2393
2012 968
2012 1683
2012 3783
2012 4515
2015 54
2015 300
2015 1121
2015 4071
2016 1432
2016 1996
2016 2460
2016 3488
2016 3696
2016 3775
2016 4437
2016 4556
2017 2637
2017 3703
2017 4558
2018 63
2018 381
2018 852
2018 2097
2023 1944
2023 2683
2023 5233
2028 145
2028 783
2028 881
2028 983
2028 2760
2028 3705
2028 5065
2032 109
2032 638
2032 2070
2032 2498
2032 2568
2032 4388
2032 4597
2032 4652
2032 5075
2032 5660
2033 9
2033 624
2033 2826
2033 3054
2033 3219
2033 3503
2033 3596
2033 3610
2033 3951
2033 4510
2033 5070
2033 5447
2036 587
2036 1350
2036 2858
2036 4059
2041 304
2041 779
2041 1254
2041 1261
2041 4239
2041 4394
2041 4754
2041 5031
2041 5512
2046 2729
2046 2809
2046 3024
2046 3820
2046 5486
2046 5530
2051 3
2051 545
2051 616
2051 728
2051 908
2051 1357
2051 1462
2051 1488
2051 1757
2051 2066
2051 2218
2051 2343
2051 3033
2051 3464
2051 3611
2051 3621
2051 3634
2051 3852
2051 4186
2051 4276
2051 4412
2051 4822
2051 5133
2051 5208
2054 1438
2054 2182
2054 2192
2054 3958
2054 4136
2054 4568
2054 4894
2056 1892
2056 2159
2056 4629
2058 843
2058 1256
2058 1615
2058 1687
2058 2337
2058 2788
2058 3030
2058 3461
2058 3648
2058 4668
2058 5065
2060 555
2060 583
2060 2370
2060 2756
2063 664
2063 1114
2063 3861
2063 3970
2063 3986
2064 3273
2064 3440
2064 3508
2064 4815
2064 5437
2066 3
2066 545
2066 632
2066 818
2066 984
2066 1094
2066 1582
2066 2051
2066 2270
2066 2343
2066 2597
2066 2753
2066 3738
2066 3934
2066 4046
2066 4337
2066 4412
2066 4822
2066 5146
2066 5616
2070 109
2070 2032
2070 2498
2070 2568
2070 4388
2070 4597
2073 855
2073 2097
2073 4021
2073 5712
2081 185
2081 508
2081 4623
2081 5085
2082 1662
2082 2390
2082 2550
2082 3073
2082 3128
2082 5708
2090 500
2090 562
2090 1268
2090 1278
2090 1473
2090 1548
2090 2385
2090 2607
2090 2891
2090 2983
2090 3644
2090 4172
2090 4510
2090 5724
2094 1009
2094 2882
2094 3472
2094 4186
2096 218
2096 226
2096 705
2096 2629
2096 3777
2096 4123
2097 63
2097 381
2097 852
2097 855
2097 2018
2097 2073
2097 2158
2097 2200
2097 4020
2097 4021
2097 4129
2097 5712
2104 718
2104 2117
2104 2281
2104 2706
2104 3734
2105 767
2105 3054
2105 5441
2105 5716
2109 457
2109 2700
2109 2911
2109 4211
2109 5314
2109 5687
2117 718
2117 785
2117 911
2117 1452
2117 2104
2117 2281
2117 2320
2117 2706
2117 2903
2117 3734
2117 4816
2120 462
2120 1006
2120 3091
2120 3570
2128 975
2128 5134
2129 372
2129 1041
2129 1258
2129 3679
2137 29
2137 920
2137 3551
2141 391
2141 1023
2141 1609
2141 2851
2141 3176
2141 3804
2141 4550
2141 4912
2141 4936
2141 5672
2144 888
2144 1132
2144 1630
2144 1665
2144 2201
2144 2268
2144 2636
2144 2796
2144 2898
2144 2968
2144 3781
2144 4284
2144 4880
2144 4988
2149 2910
2149 3684
2149 3754
2149 4308
2151 1684
2151 2564
2151 3696
2151 4268
2153 1060
2153 1687
2153 3961
2153 4556
2153 5005
2153 5464
2155 114
2155 2230
2155 2855
2155 3036
2155 3100
2155 4154
2155 4237
2155 5010
2155 5162
2155 5212
2155 5248
2155 5324
2155 5742
2157 2722
2157 3355
2157 4697
2157 5653
2158 2097
2158 2200
2158 4020
2158 4129
2159 1892
2159 2056
2159 4629
2165 564
2165 5764
2166 766
2166 1854
2167 276
2167 913
2167 1081
2167 1500
2167 1970
2167 3970
2167 5712
2168 66
2168 1104
2168 1846
2168 3236
2171 1222
2171 1496
2171 2732
2171 3600
2171 4345
2171 4531
2171 5237
2171 5539
2176 2854
2176 3093
2176 4664
2179 995
2179 3739
2180 924
2180 3244
2180 4756
2180 5100
2182 1438
2182 2054
2182 2192
2182 3054
2182 3503
2182 3958
2182 4136
2182 4194
2182 4404
2182 4568
2182 4894
2182 5668
2191 53
2191 2566
2191 4821
2191 5766
2192 1438
2192 2054
2192 2182
2192 3958
2192 4136
2192 4568
2192 4894
2193 204
2193 2258
2193 4653
2193 5082
2193 5468
2193 5496
2196 1976
2196 3156
2196 4485
2196 5443
2197 1589
2197 3704
2199 931
2199 1120
2199 1452
2199 1569
2200 939
2200 2097
2200 2158
2200 2380
2200 4020
2200 4129
2200 4253
2200 5613
2201 2144
2201 2268
2201 2636
2201 2796
2201 3781
2201 4284
2201 4880
2205 1357
2205 1761
2205 1848
2205 4792
2205 4961
2205 5560
2215 1293
2215 4271
2215 5524
2218 548
2218 616
2218 1488
2218 1628
2218 1933
2218 2051
2218 2402
2218 3064
2218 5208
2218 5328
2228 709
2228 833
2229 1363
2229 2290
2229 2648
2229 5713
2230 2155
2230 3100
2230 4154
2230 4237
2230 5010
2230 5162
2230 5212
2230 5248
2230 5742
2231 208
2231 1262
2231 1477
2231 2630
2231 3255
2231 4132
2231 5635
2232 3388
2232 5157
2232 5198
2232 5684
2235 16
2235 1702
2235 4503
2239 404
2239 962
2239 2926
2239 4521
2240 1744
2240 1868
2240 3167
2240 3825
2242 639
2242 2606
2242 2637
2242 2745
2242 4391
2244 415
2244 492
2244 935
2244 1196
2244 3151
2244 5559
2245 236
2245 1168
2245 4722
2247 545
2247 1769
2247 3948
2247 4412
2249 1117
2249 1306
2249 2374
2249 4563
2249 5342
2249 5541
2249 5659
2258 204
2258 2193
2258 4653
2258 5082
2258 5468
2258 5496
2260 4
2260 2823
2260 2898
2260 2919
2260 4375
2261 620
2261 1989
2261 3047
2261 3342
2261 3469
2261 4900
2266 357
2266 1793
2266 1825
2266 2268
2266 2398
2266 2891
2266 3591
2266 3778
2266 4464
2266 5020
2268 357
2268 1222
2268 1839
2268 2144
2268 2201
2268 2266
2268 2398
2268 2636
2268 2796
2268 2891
2268 3488
2268 3781
2268 4284
2268 4880
2268 5020
2268 5065
2268 5710
2270 984
2270 1094
2270 1582
2270 1757
2270 1769
2270 2066
2270 2597
2270 3180
2270 3582
2270 4183
2270 5146
2270 5342
2275 644
2275 3716
2278 312
2278 1365
2278 3670
2278 4538
2280 444
2280 1591
2280 3608
2281 660
2281 718
2281 2104
2281 2117
2281 2706
2281 2892
2281 3392
2281 3734
2281 3950
2281 5232
2281 5601
2289 986
2289 4495
2290 1363
2290 2229
2290 2648
2290 5713
2295 216
2295 1341
2295 1436
2295 3270
2295 3460
2295 3827
2295 4113
2295 4899
2295 5181
2305 3246
2305 3610
2305 3777
2305 4152
2305 4462
2305 4721
2305 4736
2319 3707
2320 2117
2320 4816
2321 200
2321 281
2321 1336
2321 1435
2321 3053
2321 3188
2321 4549
2321 4814
2321 5740
2322 115
2322 420
2322 1633
2331 661
2331 1717
2331 3499
2331 4806
2331 5128
2334 831
2334 3037
2334 3185
2334 3286
2334 3795
2337 843
2337 1256
2337 1615
2337 1687
2337 2058
2337 2788
2337 3030
2337 3461
2337 3648
2337 4668
2337 5065
2342 634
2342 2344
2343 3
2343 545
2343 2051
2343 2066
2343 4412
2343 4822
2344 634
2344 2342
2348 1949
2348 4820
2349 907
2349 2984
2370 555
2370 583
2370 2060
2370 2756
2374 1117
2374 1257
2374 1306
2374 2249
2374 4563
2374 5342
2374 5541
2374 5650
2374 5659
2377 13
2377 3298
2377 3414
2377 4654
2377 4719
2380 939
2380 2200
2380 4253
2380 5613
2385 500
2385 562
2385 2090
2385 4510
2387 600
2387 3382
2387 3902
2387 5215
2387 5354
2389 2659
2389 5544
2390 1662
2390 2082
2390 2550
2390 3073
2390 3128
2390 5708
2393 391
2393 688
2393 2007
2395 1023
2395 1301
2395 1526
2395 5542
2398 357
2398 2266
2398 2268
2398 2891
2398 5020
2402 548
2402 1628
2402 1933
2402 2218
2402 3064
2402 5328
2403 1241
2403 1953
2410 676
2410 3137
2410 3553
2410 5223
2414 819
2414 1439
2414 1444
2414 1625
2414 3290
2414 3766
2414 3966
2414 4030
2414 4718
2414 4749
2414 5144
2424 1507
2424 1691
2424 3115
2424 4003
2424 4813
2424 5139
2428 1758
2428 3510
2428 4527
2428 4532
2428 5743
2430 878
2430 4937
2431 377
2431 1738
2431 3494
2431 4042
2435 19
2435 69
2435 228
2435 612
2435 931
2435 2598
2435 2721
2435 3098
2435 3155
2435 4318
2435 5122
2441 542
2441 1161
2441 3429
2441 3447
2441 3950
2441 4218
2444 235
2444 3072
2447 1270
2447 3799
2458 20
2458 141
2458 941
2458 4024
2458 4377
2458 4822
2458 4939
2460 2016
2460 3488
2460 3696
2460 3775
2460 4556
2462 217
2462 972
2462 3238
2462 3777
2462 4113
2462 5064
2462 5493
2494 1828
2494 2520
2494 2886
2494 3581
2494 3755
2494 3985
2494 4093
2494 5421
2494 5679
2498 109
2498 2032
2498 2070
2498 2568
2498 4388
2498 4597
2504 1682
2504 1897
2505 504
2505 702
2505 761
2505 1704
2505 4367
2505 5109
2509 1776
2509 2567
2509 2964
2509 3184
2520 1828
2520 2494
2520 2886
2520 3581
2520 3755
2520 3985
2520 4093
2520 5421
2520 5679
2521 2540
2521 2855
2521 3036
2521 3173
2521 3621
2521 3661
2533 640
2533 707
2533 1027
2533 1702
2534 382
2534 823
2534 1900
2534 3048
2534 5427
2534 5551
2536 1151
2536 3813
2536 5339
2540 2521
2540 2855
2540 3036
2540 3173
2540 3621
2540 3661
2540 5324
2550 1662
2550 2082
2550 2390
2550 3073
2550 3128
2550 5708
2554 45
2554 131
2554 808
2554 1042
2554 1501
2554 1698
2554 2818
2554 4247
2554 5648
2564 1684
2564 2151
2564 3696
2564 4268
2566 53
2566 2191
2566 4821
2566 5766
2567 1776
2567 2509
2567 2964
2567 3184
2568 109
2568 2032
2568 2070
2568 2498
2568 4388
2568 4597
2571 4217
2571 4848
2578 1666
2578 2580
2578 4541
2578 4794
2580 1666
2580 2578
2580 4541
2580 4794
2582 1857
2582 1995
2582 2626
2582 3850
2597 666
2597 1582
2597 2066
2597 2270
2597 2805
2597 3180
2597 3582
2597 4543
2597 5342
2598 19
2598 69
2598 228
2598 612
2598 931
2598 2435
2598 2721
2598 3155
2598 5122
2602 571
2602 1695
2602 1841
2602 3708
2602 5034
2606 207
2606 639
2606 1290
2606 1576
2606 2242
2606 2637
2606 2745
2606 3350
2606 3592
2606 4391
2606 4407
2607 1278
2607 1473
2607 2090
2607 2891
2607 3644
2607 5724
2609 77
2609 630
2609 3034
2609 3260
2609 4818
2609 5026
2612 90
2612 678
2612 2852
2612 3165
2612 3458
2612 3752
2612 5238
2615 1532
2615 3182
2615 3496
2616 142
2616 341
2616 1978
2616 4330
2616 5488
2623 5422
2623 5656
2626 1857
2626 1995
2626 2582
2626 3850
2628 9
2628 3275
2628 4510
2628 5217
2629 218
2629 226
2629 705
2629 2096
2629 3777
2629 4123
2630 208
2630 737
2630 1262
2630 1477
2630 1515
2630 1550
2630 2231
2630 2916
2630 3217
2630 3255
2630 3590
2630 4132
2630 5485
2630 5491
2630 5635
2631 1008
2631 3652
2631 5531
2633 141
2633 182
2633 916
2633 2004
2633 5227
2636 2144
2636 2201
2636 2268
2636 2796
2636 3781
2636 4284
2636 4880
2637 639
2637 2017
2637 2242
2637 2606
2637 2745
2637 3703
2637 4391
2637 4558
2643 191
2643 555
2643 866
2643 1357
2643 1488
2643 1970
2643 3095
2643 3474
2643 4082
2643 4724
2643 4752
2648 1363
2648 2229
2648 2290
2648 5713
2653 847
2653 1750
2653 3777
2654 276
2654 1054
2654 3721
2654 4583
2658 1452
2658 1515
2658 3409
2658 3648
2658 5558
2659 2389
2659 5544
2671 290
2671 670
2671 681
2671 875
2671 1841
2671 2687
2676 1305
2676 5203
2683 177
2683 946
2683 1219
2683 1944
2683 1981
2683 2023
2683 5233
2687 290
2687 670
2687 681
2687 875
2687 1841
2687 2671
2699 1015
2699 1686
2700 457
2700 2109
2700 2911
2700 4211
2700 5314
2700 5687
2706 718
2706 2104
2706 2117
2706 2281
2706 3734
2707 1251
2707 1566
2707 2922
2707 4390
2707 5434
2707 5523
2707 5763
2709 3091
2709 3785
2709 4056
2709 5092
2709 5717
2713 1328
2713 1450
2713 2866
2713 3717
2721 19
2721 69
2721 228
2721 612
2721 931
2721 2435
2721 2598
2721 3155
2721 5122
2722 2157
2722 3355
2722 4697
2722 5653
2726 3291
2726 4816
2729 2046
2729 2809
2729 3024
2729 3820
2729 5486
2729 5530
2732 1222
2732 1496
2732 2171
2732 3600
2732 4345
2732 4531
2732 5237
2732 5539
2736 64
2736 937
2736 1353
2744 943
2744 1047
2744 1846
2744 5747
2745 639
2745 2242
2745 2606
2745 2637
2745 3302
2745 3558
2747 732
2747 3621
2747 3950
2747 4870
2747 5246
2749 209
2749 613
2749 618
2749 806
2749 1338
2749 1669
2749 2826
2749 3261
2749 3289
2749 3474
2749 3620
2749 3648
2749 3845
2749 5153
2749 5196
2753 3
2753 545
2753 2066
2753 3934
2753 4822
2756 555
2756 583
2756 2060
2756 2370
2759 886
2759 3496
2760 145
2760 539
2760 783
2760 2028
2760 5065
2760 5358
2760 5624
2762 569
2762 1337
2762 1673
2762 2807
2788 843
2788 1256
2788 1615
2788 1687
2788 2058
2788 2337
2788 3030
2788 3461
2788 3648
2788 4668
2788 5065
2792 473
2792 712
2792 1072
2792 1896
2792 4967
2796 2144
2796 2201
2796 2268
2796 2636
2796 3781
2796 4284
2796 4880
2797 1246
2797 2916
2797 3614
2797 3678
2805 666
2805 2597
2805 4543
2805 5342
2807 569
2807 1337
2807 1673
2807 2762
2809 2046
2809 2729
2809 3024
2809 3820
2809 5486
2809 5530
2814 313
2814 409
2814 951
2814 1640
2814 4285
2818 45
2818 131
2818 808
2818 1042
2818 1501
2818 1698
2818 2554
2818 4247
2818 5648
2822 1046
2822 3572
2822 5342
2823 4
2823 2260
2823 2898
2823 2919
2823 4375
2826 209
2826 613
2826 618
2826 624
2826 806
2826 1338
2826 1669
2826 2033
2826 2749
2826 3054
2826 3261
2826 3289
2826 3474
2826 3503
2826 3596
2826 3610
2826 3620
2826 3648
2826 3845
2826 5070
2826 5153
2826 5196
2826 5447
2833 211
2833 593
2833 2880
2833 5498
2851 391
2851 2141
2851 4936
2851 5672
2852 90
2852 678
2852 2612
2852 3165
2852 3458
2852 3752
2852 5238
2854 2176
2854 3093
2854 4664
2855 114
2855 2155
2855 2521
2855 2540
2855 3036
2855 3173
2855 3621
2855 3661
2855 5324
2858 222
2858 587
2858 1350
2858 2036
2858 4059
2858 4186
2858 4713
2858 5133
2866 1328
2866 1450
2866 2713
2866 3717
2868 749
2868 925
2868 3288
2868 4691
2868 4707
2868 4797
2868 5531
2870 1307
2870 5258
2880 211
2880 593
2880 2833
2880 5498
2882 1009
2882 2094
2882 3472
2882 4186
2886 1828
2886 2494
2886 2520
2886 3581
2886 3755
2886 3985
2886 4093
2886 5421
2886 5679
2890 272
2890 434
2890 542
2890 5733
2891 357
2891 1278
2891 1473
2891 2090
2891 2266
2891 2268
2891 2398
2891 2607
2891 3644
2891 5020
2891 5724
2892 660
2892 2281
2892 3392
2892 3950
2892 5232
2892 5601
2893 1861
2893 4008
2893 4619
2894 100
2894 262
2894 4911
2894 5168
2898 3
2898 4
2898 202
2898 888
2898 1132
2898 1630
2898 1665
2898 2144
2898 2260
2898 2823
2898 2919
2898 2968
2898 4375
2898 4865
2898 4965
2898 4988
2903 785
2903 911
2903 1452
2903 2117
2908 252
2908 3735
2908 4965
2908 5666
2910 2149
2910 3684
2910 3754
2910 4308
2911 457
2911 2109
2911 2700
2911 4211
2911 5314
2911 5687
2914 653
2914 841
2914 1004
2914 1446
2914 3416
2914 3641
2914 4108
2914 5170
2916 1246
2916 1515
2916 2630
2916 2797
2916 3614
2916 3678
2916 5485
2916 5491
2919 4
2919 2260
2919 2823
2919 2898
2919 4375
2922 1251
2922 1566
2922 2707
2922 4390
2922 5763
2924 127
2924 168
2924 3430
2924 4901
2924 5695
2926 404
2926 962
2926 2239
2926 4521
2943 527
2943 1184
2943 1494
2943 3032
2943 3632
2949 3130
2949 3569
2949 4506
2949 5285
2949 5657
2952 3850
2952 4459
2952 4633
2952 5737
2958 707
2958 1047
2958 2959
2958 3982
2959 707
2959 1047
2959 2958
2959 3982
2964 1776
2964 2509
2964 2567
2964 3184
2968 888
2968 1132
2968 1630
2968 1665
2968 2144
2968 2898
2968 4988
2983 1268
2983 1548
2983 2090
2983 4172
2984 907
2984 2349
2998 237
2998 531
2998 597
2998 1739
2998 3147
2998 3408
3000 876
3000 3001
3000 4896
3000 5138
3001 876
3001 3000
3001 4896
3001 5138
3003 501
3003 1376
3005 340
3005 1446
3005 5205
3005 5211
3005 5321
3005 5710
3010 4436
3010 4861
3010 5426
3010 5493
3018 267
3018 657
3018 5251
3018 5342
3024 2046
3024 2729
3024 2809
3024 3820
3024 5486
3024 5530
3027 204
3027 257
3027 767
3027 1047
3027 1797
3027 1856
3027 3054
3027 3219
3027 3369
3027 3503
3027 3663
3027 5136
3030 843
3030 1256
3030 1615
3030 1687
3030 2058
3030 2337
3030 2788
3030 3461
3030 3648
3030 4668
3030 5065
3032 216
3032 407
3032 527
3032 1184
3032 1494
3032 2943
3032 3632
3032 5195
3032 5431
3033 1357
3033 2051
3033 3507
3033 3611
3033 3621
3033 3852
3033 4186
3033 5557
3034 77
3034 630
3034 2609
3034 3260
3034 4818
3034 5026
3036 114
3036 2155
3036 2521
3036 2540
3036 2855
3036 3173
3036 3621
3036 3661
3036 5324
3037 831
3037 2334
3037 3185
3037 3286
3037 3795
3038 197
3038 561
3038 1930
3038 3092
3038 3631
3038 4563
3038 4845
3038 5417
3047 620
3047 1989
3047 2261
3047 3342
3047 3469
3047 4900
3048 382
3048 823
3048 1900
3048 2534
3048 5427
3048 5551
3053 200
3053 281
3053 1336
3053 1435
3053 2321
3053 3188
3053 4549
3053 4814
3053 5740
3054 624
3054 767
3054 1856
3054 2033
3054 2105
3054 2182
3054 2826
3054 3027
3054 3219
3054 3369
3054 3503
3054 3596
3054 3610
3054 4194
3054 4404
3054 5441
3054 5447
3054 5668
3054 5716
3055 588
3055 863
3055 3465
3055 4035
3055 4252
3055 4273
3055 4849
3055 4868
3064 548
3064 1628
3064 1933
3064 2218
3064 2402
3064 5328
3067 3479
3067 3613
3067 4023
3067 4328
3072 235
3072 2444
3073 1662
3073 2082
3073 2390
3073 2550
3073 3128
3073 5708
3091 462
3091 1006
3091 2120
3091 2709
3091 3570
3091 3785
3091 4056
3091 5092
3091 5717
3092 197
3092 561
3092 1930
3092 3038
3092 3631
3092 4563
3092 4845
3092 5417
3093 2176
3093 2854
3093 4664
3094 269
3094 1059
3094 3119
3094 5438
3095 555
3095 866
3095 1713
3095 1970
3095 2643
3095 3474
3095 3952
3095 4065
3095 4082
3095 4724
3095 4947
3098 2435
3098 4318
3100 2155
3100 2230
3100 4154
3100 4237
3100 5010
3100 5162
3100 5212
3100 5248
3100 5742
3101 205
3101 694
3101 3920
3101 5623
3115 1507
3115 1691
3115 2424
3115 4003
3115 4813
3115 5139
3119 269
3119 1059
3119 3094
3119 5438
3122 1294
3122 1397
3122 1499
3122 5215
3126 1731
3126 3387
3126 5188
3126 5650
3128 1662
3128 2082
3128 2390
3128 2550
3128 3073
3128 5708
3130 2949
3130 3569
3130 4506
3130 5285
3130 5657
3137 676
3137 2410
3137 3553
3137 5223
3147 237
3147 531
3147 597
3147 1739
3147 2998
3147 3408
3151 415
3151 492
3151 935
3151 1196
3151 2244
3151 5559
3155 19
3155 69
3155 228
3155 612
3155 931
3155 2435
3155 2598
3155 2721
3155 5122
3156 1976
3156 2196
3156 4485
3156 5443
3165 90
3165 678
3165 2612
3165 2852
3165 3458
3165 3752
3165 5238
3167 1744
3167 1868
3167 2240
3167 3825
3173 571
3173 1960
3173 2521
3173 2540
3173 2855
3173 3036
3173 3610
3173 3621
3173 3661
3173 4996
3176 1023
3176 2141
3176 4550
3176 4912
3180 1582
3180 2270
3180 2597
3180 3582
3181 273
3181 1571
3181 1772
3181 3219
3181 3730
3181 4497
3181 4707
3181 5125
3181 5444
3182 2615
3182 3496
3184 1776
3184 2509
3184 2567
3184 2964
3185 831
3185 2334
3185 3037
3185 3286
3185 3795
3188 200
3188 281
3188 1336
3188 1435
3188 2321
3188 3053
3188 4549
3188 4814
3188 5740
3189 1045
3189 1535
3189 1709
3189 4302
3190 1452
3190 4461
3190 4782
3190 5242
3190 5485
3193 406
3193 647
3193 689
3193 1216
3193 1284
3193 1722
3193 5092
3193 5140
3198 396
3198 1252
3198 3827
3198 5342
3208 233
3208 972
3208 999
3208 3399
3213 156
3213 758
3213 1234
3213 1347
3213 1553
3217 737
3217 1550
3217 2630
3217 3590
3219 9
3219 273
3219 767
3219 1571
3219 1772
3219 1856
3219 2033
3219 3027
3219 3054
3219 3181
3219 3369
3219 3503
3219 3704
3219 3730
3219 3951
3219 4497
3219 4510
3219 4707
3219 5125
3219 5169
3219 5444
3219 5558
3219 5668
3220 1887
3220 4409
3224 4081
3224 4184
3224 4750
3224 4981
3224 5049
3227 472
3227 714
3227 3422
3227 4408
3227 4874
3227 5069
3233 546
3233 1263
3233 1990
3233 3403
3236 66
3236 1104
3236 1846
3236 2168
3238 217
3238 2462
3238 5064
3242 716
3242 982
3242 4620
3242 5347
3244 924
3244 2180
3244 3729
3244 4756
3244 5100
3244 5316
3246 2305
3246 3610
3246 3777
3246 4152
3246 4462
3246 4721
3246 4736
3255 208
3255 1262
3255 1477
3255 2231
3255 2630
3255 4132
3255 5635
3260 77
3260 630
3260 2609
3260 3034
3260 4818
3260 5026
3261 209
3261 613
3261 618
3261 806
3261 1338
3261 1669
3261 2749
3261 2826
3261 3289
3261 3474
3261 3620
3261 3648
3261 3845
3261 5153
3261 5196
3262 136
3262 1140
3262 4983
3269 4458
3269 5420
3270 216
3270 2295
3270 4113
3270 4899
3273 2064
3273 3440
3273 3508
3273 4815
3273 5437
3274 3548
3274 3665
3274 3787
3274 4647
3274 4764
3275 9
3275 687
3275 2628
3275 4510
3275 4727
3275 5217
3283 682
3283 1636
3286 831
3286 2334
3286 3037
3286 3185
3286 3795
3288 749
3288 925
3288 2868
3288 4691
3288 4707
3288 4797
3288 5531
3289 209
3289 613
3289 618
3289 806
3289 1338
3289 1669
3289 2749
3289 2826
3289 3261
3289 3474
3289 3620
3289 3648
3289 3845
3289 5153
3289 5196
3290 819
3290 1439
3290 1444
3290 2414
3290 3766
3290 3966
3290 4030
3290 4718
3290 4749
3291 1792
3291 2726
3291 4816
3298 13
3298 2377
3298 3414
3298 4654
3298 4719
3301 1307
3301 1864
3301 4726
3302 2745
3302 3558
3305 427
3305 5134
3316 1022
3316 5467
3320 1706
3320 4473
3342 620
3342 1989
3342 2261
3342 3047
3342 3469
3342 4900
3350 639
3350 2606
3350 3592
3350 4407
3352 3434
3352 5606
3355 2157
3355 2722
3355 4697
3355 5653
3369 767
3369 1856
3369 3027
3369 3054
3369 3219
3369 3503
3373 1123
3373 5195
3374 230
3374 820
3380 940
3380 953
3380 4094
3380 4845
3380 5015
3380 5274
3380 5401
3382 600
3382 2387
3382 3902
3382 5215
3382 5354
3387 1731
3387 3126
3387 5188
3387 5650
3388 2232
3388 5198
3392 660
3392 2281
3392 2892
3392 3950
3392 5232
3392 5601
3399 233
3399 972
3399 999
3399 3208
3403 546
3403 1263
3403 1990
3403 3233
3408 237
3408 531
3408 570
3408 573
3408 597
3408 1739
3408 1962
3408 2998
3408 3147
3408 3488
3408 4154
3408 5073
3409 1452
3409 1515
3409 2658
3409 3648
3409 5558
3410 655
3410 1258
3410 3503
3410 4031
3414 13
3414 2377
3414 3298
3414 4654
3414 4719
3416 653
3416 841
3416 1004
3416 1446
3416 2914
3416 3641
3416 4108
3416 5170
3422 472
3422 714
3422 3227
3422 4408
3422 4874
3422 5069
3429 542
3429 1161
3429 2441
3429 3447
3429 3950
3429 4218
3430 127
3430 168
3430 2924
3430 4901
3430 5695
3432 1619
3432 3872
3432 4823
3432 5160
3434 3352
3434 5606
3440 2064
3440 3273
3440 3508
3440 4815
3440 5437
3447 542
3447 1161
3447 2441
3447 3429
3447 3950
3447 4218
3448 1569
3448 5644
3458 90
3458 678
3458 2612
3458 2852
3458 3165
3458 3752
3458 5238
3459 656
3459 4632
3460 1663
3460 2295
3460 4041
3460 5181
3461 843
3461 1256
3461 1615
3461 1687
3461 2058
3461 2337
3461 2788
3461 3030
3461 3648
3461 4668
3461 5065
3464 908
3464 1757
3464 2051
3464 4276
3465 588
3465 863
3465 3055
3465 4035
3465 4252
3465 4273
3465 4849
3465 4868
3469 620
3469 1989
3469 2261
3469 3047
3469 3342
3469 4900
3472 1009
3472 2094
3472 2882
3472 4186
3474 209
3474 555
3474 613
3474 618
3474 806
3474 866
3474 1338
3474 1669
3474 1970
3474 2643
3474 2749
3474 2826
3474 3095
3474 3261
3474 3289
3474 3620
3474 3648
3474 3845
3474 4082
3474 4724
3474 5153
3474 5196
3479 3067
3479 3613
3479 4023
3479 4328
3484 758
3484 3637
3484 4037
3488 570
3488 573
3488 1222
3488 1839
3488 1962
3488 2016
3488 2268
3488 2460
3488 3408
3488 3696
3488 3775
3488 4154
3488 4556
3488 5065
3488 5073
3488 5710
3494 377
3494 1738
3494 2431
3494 4042
3496 789
3496 886
3496 1532
3496 2615
3496 2759
3496 3182
3496 4283
3499 661
3499 826
3499 895
3499 1618
3499 1717
3499 2331
3499 3614
3499 3769
3499 4806
3499 5128
3499 5343
3499 5368
3499 5371
3503 624
3503 655
3503 767
3503 1258
3503 1856
3503 2033
3503 2182
3503 2826
3503 3027
3503 3054
3503 3219
3503 3369
3503 3410
3503 3596
3503 3610
3503 4031
3503 4194
3503 4404
3503 5070
3503 5447
3503 5668
3504 632
3504 1667
3504 3686
3504 5259
3507 1357
3507 3033
3507 4186
3507 5557
3508 2064
3508 3273
3508 3440
3508 4815
3508 5437
3510 1758
3510 2428
3510 4527
3510 4532
3510 5743
3513 106
3513 264
3548 3274
3548 3665
3548 3787
3548 4647
3548 4764
3550 224
3550 1241
3550 1639
3550 3800
3550 4021
3550 4708
3550 5055
3551 29
3551 920
3551 2137
3553 95
3553 676
3553 1520
3553 2410
3553 3137
3553 5006
3553 5223
3558 2745
3558 3302
3567 205
3567 694
3567 3870
3569 2949
3569 3130
3569 4506
3569 5285
3569 5657
3570 462
3570 1006
3570 2120
3570 3091
3571 361
3571 1085
3572 1046
3572 2822
3572 5342
3573 194
3573 530
3573 536
3573 1128
3573 1454
3573 4252
3573 4841
3573 4849
3581 1828
3581 2494
3581 2520
3581 2886
3581 3755
3581 3985
3581 4093
3581 5421
3581 5679
3582 1582
3582 2270
3582 2597
3582 3180
3583 905
3583 1236
3583 3904
3583 4414
3583 5467
3590 737
3590 1550
3590 2630
3590 3217
3591 1793
3591 1825
3591 2266
3591 3778
3591 4464
3592 639
3592 2606
3592 3350
3592 4407
3596 624
3596 2033
3596 2826
3596 3054
3596 3503
3596 3610
3596 5447
3600 1222
3600 1496
3600 2171
3600 2732
3600 4345
3600 4531
3600 5237
3600 5539
3604 672
3604 3621
3604 4470
3604 5230
3608 444
3608 1591
3608 2280
3609 891
3609 5528
3610 571
3610 624
3610 1960
3610 2033
3610 2305
3610 2826
3610 3054
3610 3173
3610 3246
3610 3503
3610 3596
3610 3777
3610 4152
3610 4462
3610 4721
3610 4736
3610 4996
3610 5070
3610 5447
3611 1357
3611 2051
3611 3033
3611 3621
3611 3852
3611 4186
3613 3067
3613 3479
3613 4023
3613 4328
3614 826
3614 895
3614 1246
3614 1618
3614 2797
3614 2916
3614 3499
3614 3678
3614 3769
3614 5343
3614 5368
3614 5371
3617 825
3617 5130
3617 5383
3620 209
3620 613
3620 618
3620 806
3620 1338
3620 1669
3620 2749
3620 2826
3620 3261
3620 3289
3620 3474
3620 3648
3620 3845
3620 5153
3620 5196
3621 146
3621 189
3621 427
3621 672
3621 732
3621 833
3621 1114
3621 1357
3621 1633
3621 2051
3621 2521
3621 2540
3621 2747
3621 2855
3621 3033
3621 3036
3621 3173
3621 3604
3621 3611
3621 3661
3621 3748
3621 3852
3621 3950
3621 4186
3621 4470
3621 4738
3621 4870
3621 5134
3621 5230
3621 5246
3630 436
3630 609
3630 4712
3630 5433
3631 197
3631 561
3631 1930
3631 3038
3631 3092
3631 4563
3631 4845
3631 5417
3632 527
3632 1184
3632 1494
3632 2943
3632 3032
3634 728
3634 1462
3634 2051
3634 5133
3637 758
3637 3484
3637 4037
3638 275
3638 367
3638 1298
3638 1643
3638 1649
3638 4748
3638 5303
3641 653
3641 841
3641 1004
3641 1446
3641 2914
3641 3416
3641 4108
3641 5170
3643 1326
3643 1767
3643 4163
3643 4432
3644 1278
3644 1473
3644 2090
3644 2607
3644 2891
3644 5724
3648 209
3648 613
3648 618
3648 806
3648 843
3648 1256
3648 1338
3648 1452
3648 1515
3648 1615
3648 1669
3648 1687
3648 2058
3648 2337
3648 2658
3648 2749
3648 2788
3648 2826
3648 3030
3648 3261
3648 3289
3648 3409
3648 3461
3648 3474
3648 3620
3648 3845
3648 4668
3648 5065
3648 5153
3648 5196
3648 5558
3652 61
3652 1008
3652 2631
3652 3797
3652 4104
3652 5364
3652 5531
3658 624
3658 1246
3658 1755
3658 5614
3661 661
3661 1566
3661 2521
3661 2540
3661 2855
3661 3036
3661 3173
3661 3621
3661 4390
3661 5134
3663 767
3663 1797
3663 3027
3663 5136
3665 3274
3665 3548
3665 3787
3665 4647
3665 4764
3670 312
3670 1365
3670 2278
3670 4538
3678 1246
3678 2797
3678 2916
3678 3614
3679 372
3679 1041
3679 1258
3679 2129
3684 2149
3684 2910
3684 3754
3684 4308
3686 632
3686 1667
3686 3504
3686 5259
3696 1684
3696 2016
3696 2151
3696 2460
3696 2564
3696 3488
3696 3775
3696 4268
3696 4556
3703 2017
3703 2637
3703 4558
3704 1589
3704 2197
3704 3219
3704 4194
3704 5169
3704 5558
3704 5668
3705 881
3705 983
3705 2028
3707 2319
3708 571
3708 1695
3708 1841
3708 2602
3708 5034
3716 644
3716 2275
3717 1328
3717 1450
3717 2713
3717 2866
3721 276
3721 1054
3721 2654
3721 4583
3725 775
3725 1670
3729 3244
3729 5316
3730 1571
3730 3181
3730 3219
3730 4497
3730 5444
3734 718
3734 1304
3734 2104
3734 2117
3734 2281
3734 2706
3734 5288
3734 5735
3735 252
3735 2908
3735 4965
3735 5666
3738 632
3738 818
3738 2066
3738 4046
3738 4337
3738 5616
3739 995
3739 2179
3746 3827
3746 4072
3747 692
3747 847
3747 5416
3747 5507
3748 833
3748 1114
3748 3621
3752 90
3752 678
3752 2612
3752 2852
3752 3165
3752 3458
3752 5238
3754 2149
3754 2910
3754 3684
3754 4308
3755 1828
3755 2494
3755 2520
3755 2886
3755 3581
3755 3985
3755 4093
3755 5421
3755 5679
3762 1539
3762 5424
3766 819
3766 1439
3766 1444
3766 2414
3766 3290
3766 3966
3766 4030
3766 4718
3766 4749
3769 826
3769 895
3769 1618
3769 3499
3769 3614
3769 5343
3769 5368
3769 5371
3775 2016
3775 2460
3775 3488
3775 3696
3775 4556
3777 48
3777 196
3777 218
3777 226
3777 705
3777 730
3777 847
3777 972
3777 1049
3777 1076
3777 1334
3777 1367
3777 1750
3777 1920
3777 2096
3777 2305
3777 2462
3777 2629
3777 2653
3777 3246
3777 3610
3777 4113
3777 4123
3777 4152
3777 4462
3777 4721
3777 4736
3777 5493
3778 1793
3778 1825
3778 2266
3778 3591
3778 4464
3780 151
3780 3860
3780 3878
3781 2144
3781 2201
3781 2268
3781 2636
3781 2796
3781 4284
3781 4880
3783 968
3783 1683
3783 2012
3783 4515
3785 2709
3785 3091
3785 4056
3785 5092
3785 5717
3787 3274
3787 3548
3787 3665
3787 4647
3787 4764
3792 4191
3792 4198
3795 831
3795 2334
3795 3037
3795 3185
3795 3286
3797 61
3797 3652
3797 4104
3797 5364
3799 1270
3799 2447
3800 224
3800 1241
3800 1639
3800 3550
3800 4021
3800 4708
3800 5055
3804 1609
3804 2141
3806 175
3806 4295
3806 4649
3813 1151
3813 2536
3813 5339
3814 1011
3814 1211
3814 1286
3814 1605
3817 1304
3817 1362
3817 1714
3817 3953
3817 4955
3820 2046
3820 2729
3820 2809
3820 3024
3820 5486
3820 5530
3825 1744
3825 1868
3825 2240
3825 3167
3827 396
3827 1252
3827 1341
3827 1436
3827 2295
3827 3198
3827 3746
3827 4072
3827 5342
3845 209
3845 613
3845 618
3845 806
3845 1338
3845 1669
3845 2749
3845 2826
3845 3261
3845 3289
3845 3474
3845 3620
3845 3648
3845 5153
3845 5196
3850 1857
3850 1995
3850 2582
3850 2626
3850 2952
3850 4459
3850 4633
3850 5737
3852 926
3852 930
3852 1115
3852 1357
3852 2051
3852 3033
3852 3611
3852 3621
3852 4186
3852 4190
3852 5025
3857 635
3857 1118
3857 4031
3857 4199
3860 151
3860 3780
3860 3878
3861 664
3861 1114
3861 2063
3861 3970
3861 3986
3862 213
3862 1493
3862 1716
3862 4011
3865 265
3865 559
3865 1801
3865 5563
3868 393
3868 1730
3868 4139
3868 5331
3870 205
3870 694
3870 3567
3872 1619
3872 3432
3872 4823
3872 5160
3878 151
3878 3780
3878 3860
3892 577
3892 1577
3902 600
3902 2387
3902 3382
3902 5215
3902 5354
3904 905
3904 1236
3904 3583
3904 4414
3904 5467
3911 21
3911 249
3911 583
3911 1310
3911 1715
3911 1965
3911 4408
3911 5134
3911 5506
3920 205
3920 694
3920 3101
3920 5623
3934 3
3934 545
3934 2066
3934 2753
3934 4822
3948 545
3948 1769
3948 2247
3948 4412
3950 542
3950 660
3950 732
3950 1161
3950 2281
3950 2441
3950 2747
3950 2892
3950 3392
3950 3429
3950 3447
3950 3621
3950 4218
3950 4870
3950 5232
3950 5246
3950 5601
3951 9
3951 2033
3951 3219
3951 4510
3952 1713
3952 3095
3952 4065
3952 4947
3953 1304
3953 1362
3953 1714
3953 3817
3953 4955
3958 1438
3958 2054
3958 2182
3958 2192
3958 4136
3958 4568
3958 4894
3961 1060
3961 1687
3961 2153
3961 4556
3961 5005
3961 5464
3966 819
3966 1439
3966 1444
3966 2414
3966 3290
3966 3766
3966 4030
3966 4718
3966 4749
3969 551
3969 622
3970 276
3970 664
3970 913
3970 1081
3970 1114
3970 1500
3970 1970
3970 2063
3970 2167
3970 3861
3970 3986
3970 5712
3982 707
3982 1047
3982 2958
3982 2959
3985 1828
3985 2494
3985 2520
3985 2886
3985 3581
3985 3755
3985 4093
3985 5421
3985 5679
3986 664
3986 1114
3986 2063
3986 3861
3986 3970
4003 1507
4003 1691
4003 2424
4003 3115
4003 4813
4003 5139
4008 1861
4008 2893
4008 4619
4011 213
4011 1493
4011 1716
4011 3862
4020 2097
4020 2158
4020 2200
4020 4129
4021 224
4021 855
4021 1241
4021 1639
4021 2073
4021 2097
4021 3550
4021 3800
4021 4708
4021 5055
4021 5712
4023 3067
4023 3479
4023 3613
4023 4328
4024 20
4024 141
4024 941
4024 2458
4024 4939
4030 819
4030 1439
4030 1444
4030 2414
4030 3290
4030 3766
4030 3966
4030 4718
4030 4749
4031 635
4031 655
4031 1118
4031 1258
4031 3410
4031 3503
4031 3857
4031 4199
4035 588
4035 863
4035 3055
4035 3465
4035 4252
4035 4273
4035 4849
4035 4868
4037 110
4037 758
4037 3484
4037 3637
4037 5006
4041 1663
4041 3460
4042 377
4042 1738
4042 2431
4042 3494
4046 632
4046 818
4046 2066
4046 3738
4046 4337
4046 5616
4056 2709
4056 3091
4056 3785
4056 5092
4056 5717
4059 587
4059 1350
4059 2036
4059 2858
4065 1713
4065 3095
4065 3952
4065 4947
4071 54
4071 300
4071 1121
4071 2015
4072 3746
4072 3827
4081 3224
4081 4184
4081 4750
4081 4981
4081 5049
4082 555
4082 866
4082 1970
4082 2643
4082 3095
4082 3474
4082 4724
4089 877
4089 1302
4093 1828
4093 2494
4093 2520
4093 2886
4093 3581
4093 3755
4093 3985
4093 5421
4093 5679
4094 940
4094 953
4094 3380
4094 4845
4094 5015
4094 5274
4094 5401
4096 1001
4096 1856
4096 4404
4104 61
4104 3652
4104 3797
4104 5364
4108 653
4108 841
4108 1004
4108 1446
4108 2914
4108 3416
4108 3641
4108 5170
4113 216
4113 972
4113 2295
4113 2462
4113 3270
4113 3777
4113 4899
4113 5493
4123 218
4123 226
4123 705
4123 2096
4123 2629
4123 3777
4129 2097
4129 2158
4129 2200
4129 4020
4132 208
4132 1262
4132 1477
4132 2231
4132 2630
4132 3255
4132 5635
4136 1438
4136 2054
4136 2182
4136 2192
4136 3958
4136 4568
4136 4894
4139 393
4139 1730
4139 3868
4139 5331
4152 2305
4152 3246
4152 3610
4152 3777
4152 4462
4152 4721
4152 4736
4154 570
4154 573
4154 1962
4154 2155
4154 2230
4154 3100
4154 3408
4154 3488
4154 4237
4154 5010
4154 5073
4154 5162
4154 5212
4154 5248
4154 5742
4163 1326
4163 1767
4163 3643
4163 4432
4172 215
4172 1268
4172 1279
4172 1548
4172 2090
4172 2983
4172 4679
4176 1655
4176 4222
4183 1757
4183 1769
4183 2270
4183 5342
4184 3224
4184 4081
4184 4750
4184 4981
4184 5049
4186 222
4186 926
4186 930
4186 1009
4186 1115
4186 1357
4186 2051
4186 2094
4186 2858
4186 2882
4186 3033
4186 3472
4186 3507
4186 3611
4186 3621
4186 3852
4186 4190
4186 4713
4186 5025
4186 5133
4186 5557
4190 926
4190 930
4190 1115
4190 1357
4190 3852
4190 4186
4190 5025
4191 3792
4191 4198
4194 2182
4194 3054
4194 3503
4194 3704
4194 4404
4194 5558
4194 5668
4198 3792
4198 4191
4199 635
4199 1118
4199 3857
4199 4031
4204 1011
4204 1605
4204 4870
4211 457
4211 2109
4211 2700
4211 2911
4211 5314
4211 5687
4217 2571
4217 4848
4218 542
4218 1161
4218 2441
4218 3429
4218 3447
4218 3950
4222 1655
4222 4176
4230 1093
4230 4355
4230 4480
4230 5652
4233 958
4233 4548
4237 2155
4237 2230
4237 3100
4237 4154
4237 5010
4237 5162
4237 5212
4237 5248
4237 5742
4239 1254
4239 1261
4239 2041
4239 4394
4239 5031
4239 5512
4247 45
4247 131
4247 808
4247 1042
4247 1501
4247 1698
4247 2554
4247 2818
4247 5648
4252 194
4252 530
4252 536
4252 588
4252 863
4252 1128
4252 1454
4252 3055
4252 3465
4252 3573
4252 4035
4252 4273
4252 4841
4252 4849
4252 4868
4253 939
4253 2200
4253 2380
4253 5613
4268 1684
4268 2151
4268 2564
4268 3696
4271 1293
4271 2215
4271 5524
4273 588
4273 863
4273 3055
4273 3465
4273 4035
4273 4252
4273 4849
4273 4868
4276 908
4276 1757
4276 2051
4276 3464
4277 940
4277 1246
4277 5015
4277 5401
4283 789
4283 3496
4284 2144
4284 2201
4284 2268
4284 2636
4284 2796
4284 3781
4284 4880
4285 313
4285 409
4285 951
4285 1640
4285 2814
4295 175
4295 3806
4295 4649
4302 1045
4302 1535
4302 1709
4302 3189
4308 2149
4308 2910
4308 3684
4308 3754
4318 2435
4318 3098
4326 226
4326 1968
4326 5192
4326 5712
4328 3067
4328 3479
4328 3613
4328 4023
4330 142
4330 341
4330 1978
4330 2616
4330 5488
4337 632
4337 818
4337 2066
4337 3738
4337 4046
4337 5616
4345 1222
4345 1496
4345 2171
4345 2732
4345 3600
4345 4531
4345 5237
4345 5539
4355 1093
4355 4230
4355 4480
4355 5652
4357 847
4357 1119
4357 1234
4357 1755
4367 504
4367 702
4367 761
4367 1704
4367 2505
4367 5109
4375 4
4375 2260
4375 2823
4375 2898
4375 2919
4377 20
4377 141
4377 2458
4377 4822
4388 109
4388 2032
4388 2070
4388 2498
4388 2568
4388 4597
4390 661
4390 1251
4390 1566
4390 2707
4390 2922
4390 3661
4390 5134
4390 5763
4391 207
4391 639
4391 1290
4391 1576
4391 2242
4391 2606
4391 2637
4394 1254
4394 1261
4394 2041
4394 4239
4394 5031
4394 5512
4396 5011
4396 5471
4404 1001
4404 1856
4404 2182
4404 3054
4404 3503
4404 4096
4404 4194
4404 5668
4405 743
4405 4601
4405 4963
4405 5216
4407 639
4407 2606
4407 3350
4407 3592
4408 21
4408 249
4408 472
4408 583
4408 714
4408 1310
4408 3227
4408 3422
4408 3911
4408 4874
4408 5069
4409 1887
4409 3220
4412 3
4412 545
4412 1769
4412 2051
4412 2066
4412 2247
4412 2343
4412 3948
4412 4822
4414 905
4414 1236
4414 3583
4414 3904
4414 5467
4432 1326
4432 1767
4432 3643
4432 4163
4436 3010
4436 4861
4436 5426
4436 5493
4437 1432
4437 1996
4437 2016
4442 1801
4442 5173
4458 3269
4458 5420
4459 2952
4459 3850
4459 4633
4459 5737
4461 1452
4461 3190
4461 4782
4461 5242
4461 5485
4462 2305
4462 3246
4462 3610
4462 3777
4462 4152
4462 4721
4462 4736
4464 1793
4464 1825
4464 2266
4464 3591
4464 3778
4470 672
4470 3604
4470 3621
4470 5230
4473 1706
4473 3320
4478 64
4478 1286
4478 1988
4478 4870
4480 1093
4480 4230
4480 4355
4480 5652
4485 1976
4485 2196
4485 3156
4485 5443
4495 893
4495 986
4495 2289
4497 1571
4497 3181
4497 3219
4497 3730
4497 5444
4503 16
4503 1702
4503 2235
4506 2949
4506 3130
4506 3569
4506 5285
4506 5657
4510 9
4510 500
4510 562
4510 2033
4510 2090
4510 2385
4510 2628
4510 3219
4510 3275
4510 3951
4510 5217
4515 968
4515 1683
4515 2012
4515 3783
4521 404
4521 962
4521 2239
4521 2926
4525 360
4525 1433
4525 4694
4527 1758
4527 2428
4527 3510
4527 4532
4527 5743
4531 1222
4531 1496
4531 2171
4531 2732
4531 3600
4531 4345
4531 5237
4531 5539
4532 1758
4532 2428
4532 3510
4532 4527
4532 5743
4537 244
4537 616
4537 720
4537 5133
4538 312
4538 1365
4538 2278
4538 3670
4541 1666
4541 2578
4541 2580
4541 4794
4543 666
4543 2597
4543 2805
4543 5342
4548 958
4548 4233
4549 200
4549 281
4549 1336
4549 1435
4549 2321
4549 3053
4549 3188
4549 4814
4549 5740
4550 1023
4550 2141
4550 3176
4550 4912
4555 1113
4555 1617
4556 1060
4556 1687
4556 2016
4556 2153
4556 2460
4556 3488
4556 3696
4556 3775
4556 3961
4556 5005
4556 5464
4558 2017
4558 2637
4558 3703
4563 197
4563 561
4563 1117
4563 1306
4563 1930
4563 2249
4563 2374
4563 3038
4563 3092
4563 3631
4563 4845
4563 5342
4563 5417
4563 5541
4563 5659
4568 1438
4568 2054
4568 2182
4568 2192
4568 3958
4568 4136
4568 4894
4583 276
4583 1054
4583 2654
4583 3721
4588 163
4588 894
4588 1668
4588 1914
4597 109
4597 2032
4597 2070
4597 2498
4597 2568
4597 4388
4601 743
4601 4405
4601 4963
4601 5216
4619 1861
4619 2893
4619 4008
4620 716
4620 982
4620 3242
4620 5347
4623 185
4623 508
4623 2081
4623 5085
4629 1892
4629 2056
4629 2159
4632 656
4632 3459
4633 2952
4633 3850
4633 4459
4633 5737
4647 3274
4647 3548
4647 3665
4647 3787
4647 4764
4649 175
4649 3806
4649 4295
4651 256
4651 1681
4651 4827
4651 5342
4652 638
4652 2032
4652 5075
4652 5660
4653 204
4653 2193
4653 2258
4653 5082
4653 5468
4653 5496
4654 13
4654 2377
4654 3298
4654 3414
4654 4719
4664 2176
4664 2854
4664 3093
4668 843
4668 1256
4668 1615
4668 1687
4668 2058
4668 2337
4668 2788
4668 3030
4668 3461
4668 3648
4668 5065
4679 215
4679 1279
4679 1548
4679 4172
4688 497
4688 563
4691 749
4691 925
4691 2868
4691 3288
4691 4707
4691 4797
4691 5531
4694 360
4694 1433
4694 4525
4697 2157
4697 2722
4697 3355
4697 5653
4699 1159
4699 4941
4707 273
4707 749
4707 925
4707 1772
4707 2868
4707 3181
4707 3219
4707 3288
4707 4691
4707 4797
4707 5125
4707 5531
4708 224
4708 1241
4708 1639
4708 3550
4708 3800
4708 4021
4708 5055
4712 436
4712 609
4712 3630
4712 5433
4713 222
4713 2858
4713 4186
4713 5133
4718 819
4718 1439
4718 1444
4718 2414
4718 3290
4718 3766
4718 3966
4718 4030
4718 4749
4719 13
4719 2377
4719 3298
4719 3414
4719 4654
4721 2305
4721 3246
4721 3610
4721 3777
4721 4152
4721 4462
4721 4736
4722 236
4722 1168
4722 2245
4724 555
4724 866
4724 1970
4724 2643
4724 3095
4724 3474
4724 4082
4726 1307
4726 1864
4726 3301
4727 687
4727 3275
4736 2305
4736 3246
4736 3610
4736 3777
4736 4152
4736 4462
4736 4721
4738 146
4738 189
4738 427
4738 1633
4738 3621
4738 5134
4748 275
4748 367
4748 1298
4748 1643
4748 1649
4748 3638
4748 5303
4749 819
4749 1439
4749 1444
4749 2414
4749 3290
4749 3766
4749 3966
4749 4030
4749 4718
4750 3224
4750 4081
4750 4184
4750 4981
4750 5049
4752 191
4752 1357
4752 1488
4752 2643
4754 304
4754 779
4754 2041
4756 924
4756 2180
4756 3244
4756 5100
4764 3274
4764 3548
4764 3665
4764 3787
4764 4647
4782 1452
4782 3190
4782 4461
4782 5242
4782 5485
4792 1357
4792 1761
4792 1848
4792 2205
4792 4961
4792 5560
4794 1666
4794 2578
4794 2580
4794 4541
4797 211
4797 593
4797 749
4797 810
4797 925
4797 1734
4797 2868
4797 3288
4797 4691
4797 4707
4797 5460
4797 5531
4806 661
4806 1717
4806 2331
4806 3499
4806 5128
4813 1507
4813 1691
4813 2424
4813 3115
4813 4003
4813 5139
4814 200
4814 281
4814 1336
4814 1435
4814 2321
4814 3053
4814 3188
4814 4549
4814 5740
4815 2064
4815 3273
4815 3440
4815 3508
4815 5437
4816 1792
4816 2117
4816 2320
4816 2726
4816 3291
4818 77
4818 630
4818 2609
4818 3034
4818 3260
4818 5026
4820 1949
4820 2348
4821 53
4821 2191
4821 2566
4821 5766
4822 3
4822 20
4822 141
4822 545
4822 2051
4822 2066
4822 2343
4822 2458
4822 2753
4822 3934
4822 4377
4822 4412
4823 1619
4823 3432
4823 3872
4823 5160
4827 256
4827 1681
4827 4651
4827 5342
4841 194
4841 530
4841 536
4841 1128
4841 1454
4841 3573
4841 4252
4841 4849
4845 197
4845 561
4845 940
4845 953
4845 1930
4845 3038
4845 3092
4845 3380
4845 3631
4845 4094
4845 4563
4845 5015
4845 5274
4845 5401
4845 5417
4848 2571
4848 4217
4849 194
4849 530
4849 536
4849 588
4849 863
4849 1128
4849 1454
4849 3055
4849 3465
4849 3573
4849 4035
4849 4252
4849 4273
4849 4841
4849 4868
4861 3010
4861 4436
4861 5426
4861 5493
4865 3
4865 202
4865 2898
4865 4965
4868 588
4868 863
4868 3055
4868 3465
4868 4035
4868 4252
4868 4273
4868 4849
4870 64
4870 732
4870 1011
4870 1286
4870 1605
4870 1988
4870 2747
4870 3621
4870 3950
4870 4204
4870 4478
4870 5246
4874 472
4874 714
4874 3227
4874 3422
4874 4408
4874 5069
4880 2144
4880 2201
4880 2268
4880 2636
4880 2796
4880 3781
4880 4284
4894 1438
4894 2054
4894 2182
4894 2192
4894 3958
4894 4136
4894 4568
4896 876
4896 3000
4896 3001
4896 5138
4899 216
4899 2295
4899 3270
4899 4113
4900 620
4900 1989
4900 2261
4900 3047
4900 3342
4900 3469
4901 127
4901 168
4901 2924
4901 3430
4901 5695
4911 100
4911 262
4911 2894
4911 5168
4912 1023
4912 2141
4912 3176
4912 4550
4936 391
4936 2141
4936 2851
4936 5672
4937 878
4937 2430
4939 20
4939 141
4939 941
4939 2458
4939 4024
4941 1159
4941 4699
4947 1713
4947 3095
4947 3952
4947 4065
4955 1304
4955 1362
4955 1714
4955 3817
4955 3953
4959 607
4959 1464
4961 1357
4961 1761
4961 1848
4961 2205
4961 4792
4961 5560
4963 743
4963 4405
4963 4601
4963 5216
4965 3
4965 202
4965 252
4965 2898
4965 2908
4965 3735
4965 4865
4965 5666
4967 473
4967 712
4967 1072
4967 1896
4967 2792
4976 11
4976 191
4976 691
4976 1276
4981 3224
4981 4081
4981 4184
4981 4750
4981 5049
4983 136
4983 1140
4983 3262
4984 1055
4984 1058
4984 1299
4988 888
4988 1132
4988 1630
4988 1665
4988 2144
4988 2898
4988 2968
4996 571
4996 1960
4996 3173
4996 3610
5005 1060
5005 1687
5005 2153
5005 3961
5005 4556
5005 5464
5006 95
5006 110
5006 1520
5006 3553
5006 4037
5010 2155
5010 2230
5010 3100
5010 4154
5010 4237
5010 5162
5010 5212
5010 5248
5010 5742
5011 4396
5011 5471
5015 940
5015 953
5015 1246
5015 3380
5015 4094
5015 4277
5015 4845
5015 5274
5015 5401
5020 357
5020 2266
5020 2268
5020 2398
5020 2891
5025 926
5025 930
5025 1115
5025 1357
5025 3852
5025 4186
5025 4190
5026 77
5026 630
5026 2609
5026 3034
5026 3260
5026 4818
5031 1254
5031 1261
5031 2041
5031 4239
5031 4394
5031 5512
5034 571
5034 1695
5034 1841
5034 2602
5034 3708
5049 3224
5049 4081
5049 4184
5049 4750
5049 4981
5055 224
5055 1241
5055 1639
5055 3550
5055 3800
5055 4021
5055 4708
5064 217
5064 2462
5064 3238
5065 145
5065 783
5065 843
5065 1222
5065 1256
5065 1615
5065 1687
5065 1839
5065 2028
5065 2058
5065 2268
5065 2337
5065 2760
5065 2788
5065 3030
5065 3461
5065 3488
5065 3648
5065 4668
5065 5710
5069 472
5069 605
5069 714
5069 1372
5069 1785
5069 3227
5069 3422
5069 4408
5069 4874
5070 2033
5070 2826
5070 3503
5070 3610
5070 5447
5071 445
5071 923
5071 1155
5071 1448
5071 1463
5073 570
5073 573
5073 1962
5073 3408
5073 3488
5073 4154
5075 638
5075 2032
5075 4652
5075 5660
5082 204
5082 2193
5082 2258
5082 4653
5082 5468
5082 5496
5083 260
5083 513
5083 597
5083 1602
5085 185
5085 508
5085 2081
5085 4623
5092 406
5092 689
5092 1216
5092 2709
5092 3091
5092 3193
5092 3785
5092 4056
5092 5717
5100 924
5100 2180
5100 3244
5100 4756
5109 504
5109 702
5109 761
5109 1704
5109 2505
5109 4367
5122 19
5122 69
5122 228
5122 612
5122 931
5122 2435
5122 2598
5122 2721
5122 3155
5125 273
5125 1772
5125 3181
5125 3219
5125 4707
5128 661
5128 1717
5128 2331
5128 3499
5128 4806
5130 825
5130 3617
5130 5383
5133 222
5133 244
5133 616
5133 720
5133 728
5133 1462
5133 2051
5133 2858
5133 3634
5133 4186
5133 4537
5133 4713
5134 146
5134 189
5134 427
5134 661
5134 975
5134 1566
5134 1633
5134 1715
5134 1965
5134 2128
5134 3305
5134 3621
5134 3661
5134 3911
5134 4390
5134 4738
5134 5506
5136 767
5136 1797
5136 3027
5136 3663
5138 876
5138 3000
5138 3001
5138 4896
5139 1507
5139 1691
5139 2424
5139 3115
5139 4003
5139 4813
5140 647
5140 1216
5140 1284
5140 1722
5140 3193
5144 1625
5144 2414
5146 984
5146 1094
5146 2066
5146 2270
5153 209
5153 613
5153 618
5153 806
5153 1338
5153 1669
5153 2749
5153 2826
5153 3261
5153 3289
5153 3474
5153 3620
5153 3648
5153 3845
5153 5196
5157 2232
5157 5684
5160 1619
5160 3432
5160 3872
5160 4823
5162 2155
5162 2230
5162 3100
5162 4154
5162 4237
5162 5010
5162 5212
5162 5248
5162 5742
5168 100
5168 262
5168 2894
5168 4911
5169 3219
5169 3704
5169 5558
5169 5668
5170 653
5170 841
5170 1004
5170 1446
5170 2914
5170 3416
5170 3641
5170 4108
5173 1801
5173 4442
5181 2295
5181 3460
5188 1731
5188 3126
5188 3387
5188 5650
5192 226
5192 1968
5192 4326
5192 5712
5195 216
5195 407
5195 1123
5195 3032
5195 3373
5195 5431
5196 209
5196 613
5196 618
5196 806
5196 1338
5196 1669
5196 2749
5196 2826
5196 3261
5196 3289
5196 3474
5196 3620
5196 3648
5196 3845
5196 5153
5198 2232
5198 3388
5203 1305
5203 2676
5205 340
5205 1446
5205 3005
5205 5211
5205 5321
5205 5710
5208 616
5208 1488
5208 2051
5208 2218
5211 340
5211 1446
5211 3005
5211 5205
5211 5321
5211 5710
5212 2155
5212 2230
5212 3100
5212 4154
5212 4237
5212 5010
5212 5162
5212 5248
5212 5742
5215 600
5215 1294
5215 1397
5215 1499
5215 2387
5215 3122
5215 3382
5215 3902
5215 5354
5216 743
5216 4405
5216 4601
5216 4963
5217 9
5217 2628
5217 3275
5217 4510
5223 676
5223 2410
5223 3137
5223 3553
5227 141
5227 182
5227 916
5227 2004
5227 2633
5230 672
5230 3604
5230 3621
5230 4470
5232 660
5232 2281
5232 2892
5232 3392
5232 3950
5232 5601
5233 1944
5233 2023
5233 2683
5237 1222
5237 1496
5237 2171
5237 2732
5237 3600
5237 4345
5237 4531
5237 5539
5238 90
5238 678
5238 2612
5238 2852
5238 3165
5238 3458
5238 3752
5242 1452
5242 3190
5242 4461
5242 4782
5242 5485
5246 732
5246 2747
5246 3621
5246 3950
5246 4870
5248 2155
5248 2230
5248 3100
5248 4154
5248 4237
5248 5010
5248 5162
5248 5212
5248 5742
5251 267
5251 657
5251 3018
5251 5342
5258 1307
5258 2870
5259 632
5259 1667
5259 3504
5259 3686
5263 66
5263 943
5263 1047
5263 1725
5263 5359
5272 73
5272 204
5272 1572
5272 5485
5274 940
5274 953
5274 3380
5274 4094
5274 4845
5274 5015
5274 5401
5285 2949
5285 3130
5285 3569
5285 4506
5285 5657
5288 1304
5288 3734
5288 5735
5303 275
5303 367
5303 1298
5303 1643
5303 1649
5303 3638
5303 4748
5314 457
5314 2109
5314 2700
5314 2911
5314 4211
5314 5687
5316 3244
5316 3729
5321 340
5321 1446
5321 3005
5321 5205
5321 5211
5321 5710
5324 114
5324 2155
5324 2540
5324 2855
5324 3036
5328 548
5328 1628
5328 1933
5328 2218
5328 2402
5328 3064
5331 393
5331 1730
5331 3868
5331 4139
5339 1151
5339 2536
5339 3813
5342 256
5342 267
5342 396
5342 657
5342 666
5342 1046
5342 1117
5342 1252
5342 1306
5342 1681
5342 1757
5342 1769
5342 2249
5342 2270
5342 2374
5342 2597
5342 2805
5342 2822
5342 3018
5342 3198
5342 3572
5342 3827
5342 4183
5342 4543
5342 4563
5342 4651
5342 4827
5342 5251
5342 5541
5342 5659
5343 826
5343 895
5343 1618
5343 3499
5343 3614
5343 3769
5343 5368
5343 5371
5347 716
5347 982
5347 3242
5347 4620
5354 600
5354 2387
5354 3382
5354 3902
5354 5215
5358 539
5358 2760
5358 5624
5359 66
5359 1725
5359 5263
5364 61
5364 3652
5364 3797
5364 4104
5368 826
5368 895
5368 1618
5368 3499
5368 3614
5368 3769
5368 5343
5368 5371
5371 826
5371 895
5371 1618
5371 3499
5371 3614
5371 3769
5371 5343
5371 5368
5383 825
5383 3617
5383 5130
5401 940
5401 953
5401 1246
5401 3380
5401 4094
5401 4277
5401 4845
5401 5015
5401 5274
5416 692
5416 847
5416 3747
5416 5507
5417 197
5417 561
5417 1930
5417 3038
5417 3092
5417 3631
5417 4563
5417 4845
5420 3269
5420 4458
5421 1828
5421 2494
5421 2520
5421 2886
5421 3581
5421 3755
5421 3985
5421 4093
5421 5679
5422 2623
5422 5656
5424 1539
5424 3762
5426 3010
5426 4436
5426 4861
5426 5493
5427 382
5427 823
5427 1900
5427 2534
5427 3048
5427 5551
5431 216
5431 407
5431 3032
5431 5195
5432 1443
5432 1791
5433 436
5433 609
5433 3630
5433 4712
5434 2707
5434 5523
5437 2064
5437 3273
5437 3440
5437 3508
5437 4815
5438 269
5438 1059
5438 3094
5438 3119
5441 767
5441 2105
5441 3054
5441 5716
5443 1976
5443 2196
5443 3156
5443 4485
5444 1571
5444 3181
5444 3219
5444 3730
5444 4497
5447 624
5447 2033
5447 2826
5447 3054
5447 3503
5447 3596
5447 3610
5447 5070
5460 211
5460 593
5460 810
5460 1734
5460 4797
5464 1060
5464 1687
5464 2153
5464 3961
5464 4556
5464 5005
5467 905
5467 1022
5467 1236
5467 3316
5467 3583
5467 3904
5467 4414
5468 204
5468 2193
5468 2258
5468 4653
5468 5082
5468 5496
5471 4396
5471 5011
5485 73
5485 204
5485 1452
5485 1515
5485 1572
5485 2630
5485 2916
5485 3190
5485 4461
5485 4782
5485 5242
5485 5272
5485 5491
5486 2046
5486 2729
5486 2809
5486 3024
5486 3820
5486 5530
5488 142
5488 341
5488 1978
5488 2616
5488 4330
5491 1515
5491 2630
5491 2916
5491 5485
5493 972
5493 2462
5493 3010
5493 3777
5493 4113
5493 4436
5493 4861
5493 5426
5496 204
5496 2193
5496 2258
5496 4653
5496 5082
5496 5468
5498 211
5498 593
5498 2833
5498 2880
5506 1715
5506 1965
5506 3911
5506 5134
5507 692
5507 847
5507 3747
5507 5416
5512 1254
5512 1261
5512 2041
5512 4239
5512 4394
5512 5031
5523 2707
5523 5434
5524 1293
5524 2215
5524 4271
5528 891
5528 3609
5530 2046
5530 2729
5530 2809
5530 3024
5530 3820
5530 5486
5531 749
5531 925
5531 1008
5531 2631
5531 2868
5531 3288
5531 3652
5531 4691
5531 4707
5531 4797
5539 1222
5539 1496
5539 2171
5539 2732
5539 3600
5539 4345
5539 4531
5539 5237
5541 1117
5541 1306
5541 2249
5541 2374
5541 4563
5541 5342
5541 5659
5542 1023
5542 1301
5542 1526
5542 2395
5544 2389
5544 2659
5551 382
5551 823
5551 1900
5551 2534
5551 3048
5551 5427
5557 1357
5557 3033
5557 3507
5557 4186
5558 1452
5558 1515
5558 2658
5558 3219
5558 3409
5558 3648
5558 3704
5558 4194
5558 5169
5558 5668
5559 415
5559 492
5559 935
5559 1196
5559 2244
5559 3151
5560 1357
5560 1761
5560 1848
5560 2205
5560 4792
5560 4961
5563 265
5563 559
5563 1801
5563 3865
5577 943
5577 1047
5577 1846
5578 943
5578 1047
5578 1846
5578 5597
5581 1218
5581 1657
5597 943
5597 1047
5597 1846
5597 5578
5601 660
5601 2281
5601 2892
5601 3392
5601 3950
5601 5232
5606 3352
5606 3434
5613 939
5613 2200
5613 2380
5613 4253
5614 624
5614 1246
5614 1755
5614 3658
5616 632
5616 818
5616 2066
5616 3738
5616 4046
5616 4337
5623 205
5623 694
5623 3101
5623 3920
5624 539
5624 2760
5624 5358
5635 208
5635 1262
5635 1477
5635 2231
5635 2630
5635 3255
5635 4132
5644 1569
5644 3448
5648 45
5648 131
5648 808
5648 1042
5648 1501
5648 1698
5648 2554
5648 2818
5648 4247
5650 1257
5650 1731
5650 2374
5650 3126
5650 3387
5650 5188
5652 1093
5652 4230
5652 4355
5652 4480
5653 2157
5653 2722
5653 3355
5653 4697
5656 2623
5656 5422
5657 2949
5657 3130
5657 3569
5657 4506
5657 5285
5659 1117
5659 1306
5659 2249
5659 2374
5659 4563
5659 5342
5659 5541
5660 638
5660 2032
5660 4652
5660 5075
5666 252
5666 2908
5666 3735
5666 4965
5668 2182
5668 3054
5668 3219
5668 3503
5668 3704
5668 4194
5668 4404
5668 5169
5668 5558
5672 391
5672 2141
5672 2851
5672 4936
5679 1828
5679 2494
5679 2520
5679 2886
5679 3581
5679 3755
5679 3985
5679 4093
5679 5421
5684 2232
5684 5157
5687 457
5687 2109
5687 2700
5687 2911
5687 4211
5687 5314
5695 127
5695 168
5695 2924
5695 3430
5695 4901
5708 1662
5708 2082
5708 2390
5708 2550
5708 3073
5708 3128
5710 340
5710 1222
5710 1446
5710 1839
5710 2268
5710 3005
5710 3488
5710 5065
5710 5205
5710 5211
5710 5321
5712 226
5712 276
5712 855
5712 913
5712 1081
5712 1500
5712 1968
5712 1970
5712 2073
5712 2097
5712 2167
5712 3970
5712 4021
5712 4326
5712 5192
5713 1363
5713 2229
5713 2290
5713 2648
5716 767
5716 2105
5716 3054
5716 5441
5717 2709
5717 3091
5717 3785
5717 4056
5717 5092
5724 1278
5724 1473
5724 2090
5724 2607
5724 2891
5724 3644
5732 434
5732 502
5732 583
5732 679
5732 1111
5732 1179
5733 272
5733 434
5733 542
5733 2890
5735 1304
5735 3734
5735 5288
5737 2952
5737 3850
5737 4459
5737 4633
5740 200
5740 281
5740 1336
5740 1435
5740 2321
5740 3053
5740 3188
5740 4549
5740 4814
5742 2155
5742 2230
5742 3100
5742 4154
5742 4237
5742 5010
5742 5162
5742 5212
5742 5248
5743 1758
5743 2428
5743 3510
5743 4527
5743 4532
5747 943
5747 1047
5747 1846
5747 2744
5763 1251
5763 1566
5763 2707
5763 2922
5763 4390
5764 564
5764 2165
5766 53
5766 2191
5766 2566
5766 4821
