7 1647
7 1762
7 4942
7 5568
8 582
8 3857
8 5441
18 1114
18 2599
18 2962
18 3865
19 762
19 931
19 1393
19 1899
19 1916
19 1987
19 1992
19 2316
19 2435
19 2598
19 2721
19 2798
19 2931
19 3017
19 3076
19 3152
19 3155
19 3299
19 4054
19 4254
19 4417
19 4520
19 5122
19 5273
19 5414
22 603
22 1439
22 2238
22 2451
22 2682
22 2816
22 2933
22 4440
22 4718
23 2995
23 3253
31 434
31 1133
31 1380
31 2583
31 2586
31 5732
43 2387
43 4193
43 5475
44 931
44 1004
44 1172
44 2352
44 2361
44 2624
44 3315
44 4108
44 5002
50 110
50 370
50 5017
50 5111
59 381
59 395
59 711
59 2073
59 2141
59 2224
59 2887
59 3008
59 3051
59 3160
59 3550
59 3804
59 4129
62 398
62 521
62 652
62 1780
62 1957
62 2334
62 5355
63 1835
63 1941
63 3396
63 5055
64 313
64 902
64 1211
64 1301
64 1793
64 2459
64 2471
64 5180
64 5433
66 2192
66 2452
66 2625
66 3148
66 3159
66 3424
66 4355
66 4894
72 1153
72 1839
72 2721
72 3353
72 3488
72 4031
82 1114
82 2063
82 3405
82 3861
82 3986
82 4831
85 123
85 624
85 1467
85 2075
85 2123
85 2501
85 3310
85 3701
85 4016
85 4761
85 4857
85 5254
85 5746
105 1169
105 4080
105 4961
105 5269
105 5567
107 1127
107 3167
107 3659
107 3825
107 4061
108 1550
108 3979
108 4423
110 50
110 370
110 5017
110 5111
111 761
111 1355
111 2308
111 2750
111 3042
111 4030
111 4306
111 4894
113 330
113 369
113 503
113 1072
113 2394
113 2792
113 3313
113 3955
123 85
123 2123
123 2501
123 3310
123 5746
126 776
126 2365
126 2398
126 5446
126 5452
127 342
127 2809
127 3820
127 4007
127 4526
133 1689
133 2370
133 4491
133 5214
139 545
139 1468
141 182
141 772
141 916
141 1092
141 1540
141 2080
141 2314
141 2627
141 2633
141 3685
141 4024
141 4939
141 5227
182 141
182 916
182 1540
182 2633
182 5227
194 862
194 1128
194 1454
194 1774
194 3049
194 4153
194 4252
194 4849
194 5063
204 2193
204 2258
204 3521
204 5082
211 462
211 593
211 632
211 1769
211 2134
211 2509
211 4643
211 4797
211 5015
211 5307
211 5506
229 1357
229 1373
229 2702
229 3033
229 4156
242 829
242 1153
242 1256
242 1718
242 2295
242 3988
242 4403
242 5221
268 644
268 2317
268 2748
268 2781
268 3264
268 3295
268 3669
268 4120
268 4368
268 4710
268 5211
275 367
275 1298
275 1643
275 1649
275 1895
275 3638
275 5303
275 5510
281 1445
281 1775
281 2378
281 2803
281 4338
281 4380
281 4957
281 5740
301 310
301 1456
301 1872
301 2195
301 2937
301 3309
301 3893
301 4142
301 5512
307 902
307 2994
307 4870
307 5211
309 840
309 1096
309 1157
309 1719
309 3869
309 3920
309 4943
310 301
310 1456
310 1872
310 2195
310 2937
310 3309
310 3893
310 4142
310 5512
313 64
313 902
313 1626
313 1793
313 2459
313 2814
313 3714
313 4656
313 5180
316 2483
325 555
325 658
325 700
325 1548
325 3410
330 113
330 369
330 503
330 1072
330 2394
330 2792
330 3313
330 3955
333 453
333 741
333 2470
333 2555
333 3166
333 3206
333 3329
333 3488
333 5460
336 1325
336 1644
336 3033
336 5025
336 5033
342 127
342 2809
342 3820
342 4007
342 4526
343 2215
343 4271
346 1070
346 4081
346 4184
352 5064
352 5205
352 5211
363 758
363 776
363 5041
363 5048
363 5374
365 420
365 711
365 1721
365 2589
367 275
367 1298
367 1643
367 1649
367 1895
367 3638
367 5303
367 5510
368 1460
368 2324
368 4174
368 5119
368 5384
368 5521
369 113
369 330
369 503
369 1072
369 2394
369 2792
369 3313
369 3955
370 50
370 110
370 5017
370 5111
372 1038
372 1103
372 2129
372 3032
372 3896
372 4467
372 5431
379 1606
379 4000
379 4619
380 1405
380 4408
381 59
381 395
381 711
381 2073
381 2141
381 2224
381 2887
381 3008
381 3051
381 3160
381 3550
381 3804
381 4129
383 3621
383 4047
383 4919
383 5095
383 5274
384 800
384 1543
384 1559
384 2109
384 5149
384 5409
386 1624
386 2093
386 2222
386 2257
386 2630
386 4132
391 2393
391 2851
391 3194
393 978
393 3036
393 3924
393 5156
395 59
395 381
395 711
395 2073
395 2141
395 2224
395 2887
395 3008
395 3051
395 3160
395 3550
395 3804
395 4129
396 3102
396 3198
396 3827
398 62
398 521
398 652
398 1780
398 1957
398 2334
398 5355
402 426
402 604
402 1114
402 1932
402 2407
402 3028
402 4090
402 4677
404 4252
412 2624
412 2895
412 2931
412 3744
412 4433
412 4755
412 4927
412 5092
420 365
420 711
420 1721
420 2589
426 402
426 604
426 1114
426 1932
426 2407
426 3028
426 4090
426 4677
431 1557
431 2011
431 2520
431 2783
431 3082
431 3710
431 3844
431 3985
431 4009
431 4122
431 4560
431 4598
431 4669
434 31
434 1133
434 1380
434 2583
434 2586
434 5732
453 333
453 741
453 2470
453 2555
453 3166
453 3206
453 3329
453 3488
453 5460
462 211
462 494
462 549
462 593
462 632
462 1006
462 2509
462 4643
462 5118
462 5506
463 3058
472 553
472 751
472 931
472 969
472 1323
472 1328
472 1429
472 1550
472 1732
472 1840
472 1884
472 3036
472 3039
472 3279
472 3296
472 4189
472 4282
472 5069
472 5214
472 5226
472 5324
472 5382
481 714
481 1106
481 1171
481 2752
481 5274
481 5328
494 462
494 549
494 1006
494 5118
503 113
503 330
503 369
503 1072
503 2394
503 2792
503 3313
503 3955
521 62
521 398
521 652
521 1780
521 1957
521 2334
521 5355
525 1960
525 3137
525 3301
525 4280
528 714
528 3043
528 4743
528 4880
545 139
545 1468
549 462
549 494
549 1006
549 5118
553 472
553 881
553 893
553 931
553 1323
553 2028
553 3266
553 3680
553 4189
553 5226
553 5275
553 5382
555 325
555 658
555 700
555 1548
555 3410
565 1489
565 2606
565 3427
565 4034
575 3269
575 5420
576 1403
576 2169
576 4057
576 4413
577 4075
582 8
582 3857
582 5441
583 2370
583 4734
583 5091
584 2475
584 3014
584 4098
584 4895
584 5372
584 5391
588 772
588 863
588 1142
588 1764
588 2202
588 2925
588 3055
588 3187
588 4015
588 4273
588 5260
588 5683
592 835
592 2468
592 2943
592 4038
592 4356
593 211
593 462
593 632
593 2509
593 4643
593 5506
597 927
597 1019
597 1648
597 1970
597 3171
597 3224
597 4154
597 5073
603 22
603 1439
603 2238
603 2451
603 2682
603 2816
603 2933
603 4440
603 4718
604 402
604 426
604 1114
604 1932
604 2407
604 3028
604 4090
604 4677
607 1464
624 85
624 1467
624 2075
632 211
632 462
632 593
632 2509
632 4643
632 5506
640 1898
640 3399
640 5064
640 5509
644 268
644 2317
644 2748
644 2781
644 3264
644 3295
644 3669
644 4120
644 4368
644 4710
644 5211
646 2430
646 4937
652 62
652 398
652 521
652 1780
652 1957
652 2334
652 5355
656 3882
656 4392
658 325
658 555
658 700
658 1548
658 3410
661 890
661 968
661 1321
661 1717
661 3875
661 4515
663 1666
663 3301
663 3873
663 4280
663 4609
663 5596
666 1322
668 882
668 2456
668 2617
668 4227
668 4402
668 4636
669 2739
669 3365
669 4219
669 5026
673 694
673 1188
673 1874
673 3920
673 5621
691 814
691 1312
691 1425
691 1920
691 4113
691 5293
694 673
694 1188
694 1590
694 1874
694 2340
694 3815
694 3920
694 4677
694 5621
695 989
695 5432
695 5585
697 931
697 1570
697 2125
697 4082
697 4894
699 2630
699 4187
699 4517
700 325
700 555
700 658
700 1548
700 3410
711 59
711 365
711 381
711 395
711 420
711 1721
711 2073
711 2141
711 2224
711 2589
711 2887
711 3008
711 3051
711 3160
711 3550
711 3804
711 4129
714 481
714 528
714 1106
714 1171
714 2752
714 3043
714 4743
714 4880
714 5274
714 5328
716 2345
716 2524
716 3032
716 3761
728 1462
728 2721
728 3075
728 4491
734 2523
734 3070
734 3772
734 5150
734 5279
741 333
741 453
741 2470
741 2555
741 3166
741 3206
741 3329
741 3488
741 5460
751 472
751 969
751 1429
751 1550
751 1732
751 1884
751 3036
751 3039
751 3279
751 5069
751 5324
752 1638
752 2719
752 4302
752 4351
752 4369
754 3842
754 4596
758 363
758 776
758 5041
758 5048
758 5374
760 924
760 1138
760 3610
760 4548
760 5076
760 5121
760 5364
761 111
761 1355
761 2308
761 3042
762 19
762 931
762 1393
762 1899
762 1916
762 1987
762 1992
762 2316
762 2435
762 2598
762 2721
762 2798
762 2931
762 3017
762 3076
762 3152
762 3155
762 3299
762 4054
762 4254
762 4417
762 4520
762 5122
762 5273
762 5414
765 1797
765 3062
765 4066
772 141
772 588
772 863
772 1142
772 1764
772 2080
772 2202
772 2627
772 2925
772 3055
772 3187
772 4015
772 4273
772 5260
772 5683
776 126
776 363
776 758
776 2365
776 2398
776 5041
776 5048
776 5374
776 5446
776 5452
787 1719
787 4326
787 4836
787 5614
794 5387
794 5728
795 1506
795 2437
795 5291
797 3394
797 3827
797 4072
799 888
799 1311
799 2333
799 4758
799 5304
800 384
800 1543
800 1559
800 2109
800 5149
800 5409
804 3403
804 4563
808 1042
808 2400
808 3123
808 3363
808 5328
809 889
809 1498
809 1529
809 4678
813 2709
813 4183
813 4855
813 5401
814 691
814 1312
814 1425
814 1920
814 4113
814 5293
829 242
829 1153
829 1256
829 1718
829 1760
829 1959
829 2295
829 3988
829 4403
829 5183
829 5221
829 5250
829 5527
835 592
835 2468
835 2943
835 4038
835 4356
840 309
840 1096
840 1157
840 1719
840 3869
840 3920
840 4943
845 1841
845 1993
845 3150
845 3410
845 4691
862 194
862 1128
862 1454
862 1774
862 3049
862 4153
862 4252
862 4849
862 5063
863 588
863 772
863 1142
863 1764
863 2202
863 2925
863 3055
863 3187
863 4015
863 4273
863 5260
863 5683
881 553
881 893
881 2028
881 3266
881 3680
881 5275
882 668
882 2456
882 2617
882 4227
882 4402
882 4636
888 799
888 1311
888 2333
888 4758
888 5304
889 809
889 1498
889 1529
889 4678
890 661
890 968
890 1321
890 1717
890 3875
890 4515
893 553
893 881
893 2028
893 3266
893 3680
893 5275
901 2335
901 2408
901 2556
901 4065
901 4744
901 5482
902 64
902 307
902 313
902 1793
902 2459
902 2994
902 4870
902 5180
902 5211
903 2319
903 5502
905 976
905 3278
905 3392
905 4414
905 5467
915 1241
915 1470
915 1687
915 3130
915 3405
916 141
916 182
916 1540
916 2633
916 5227
924 760
924 1138
924 3610
924 4548
924 5076
924 5121
924 5364
927 597
927 1019
927 1648
927 1970
927 3171
927 3224
927 4154
927 5073
931 19
931 44
931 472
931 553
931 697
931 762
931 1004
931 1172
931 1323
931 1393
931 1570
931 1899
931 1916
931 1987
931 1992
931 2125
931 2316
931 2352
931 2361
931 2435
931 2598
931 2624
931 2721
931 2798
931 2931
931 3017
931 3076
931 3152
931 3155
931 3299
931 3315
931 4054
931 4082
931 4108
931 4189
931 4254
931 4417
931 4520
931 4894
931 5002
931 5122
931 5226
931 5273
931 5382
931 5414
946 1219
946 1981
946 2683
946 3855
968 661
968 890
968 1321
968 1717
968 3875
968 4515
969 472
969 751
969 1429
969 1550
969 1732
969 1884
969 3036
969 3039
969 3279
969 5069
969 5324
972 2800
972 4492
972 5386
972 5599
976 905
976 3278
976 3392
976 4414
976 5467
978 393
978 3036
978 3924
978 5156
980 1684
980 1819
980 2151
980 2426
980 3696
980 4137
980 4268
980 5194
989 695
989 5432
989 5585
990 1607
990 1827
990 2727
990 3763
990 5450
992 1914
992 4166
1001 2540
1001 4557
1001 4752
1001 5511
1004 44
1004 931
1004 1172
1004 2352
1004 2361
1004 2624
1004 3315
1004 4108
1004 5002
1006 462
1006 494
1006 549
1006 5118
1018 1404
1018 2210
1018 3923
1019 597
1019 927
1019 1648
1019 1970
1019 3171
1019 3224
1019 4154
1019 5073
1025 1053
1025 3178
1025 3333
1025 5085
1025 5376
1038 372
1038 1103
1038 2129
1038 3896
1038 4467
1042 808
1042 2400
1042 3123
1042 3363
1042 5328
1053 1025
1053 3178
1053 3333
1053 5085
1053 5376
1070 346
1070 4081
1070 4184
1072 113
1072 330
1072 369
1072 503
1072 2394
1072 2792
1072 3313
1072 3955
1078 4427
1078 4773
1090 1265
1090 2431
1090 3143
1090 3254
1092 141
1092 2314
1092 2633
1092 3685
1092 4024
1092 4939
1096 309
1096 840
1096 1157
1096 1719
1096 3869
1096 3920
1096 4943
1103 372
1103 1038
1103 2129
1103 3896
1103 4467
1106 481
1106 714
1106 1171
1106 2752
1106 5274
1106 5328
1114 18
1114 82
1114 402
1114 426
1114 604
1114 1932
1114 2063
1114 2407
1114 2599
1114 2962
1114 3028
1114 3405
1114 3861
1114 3865
1114 3986
1114 4090
1114 4677
1114 4831
1127 107
1127 3167
1127 3659
1127 3825
1127 4061
1128 194
1128 862
1128 1454
1128 1774
1128 3049
1128 4153
1128 4252
1128 4849
1128 5063
1133 31
1133 434
1133 1380
1133 2583
1133 2586
1133 5732
1138 760
1138 924
1138 3610
1138 4548
1138 5076
1138 5121
1138 5364
1142 588
1142 772
1142 863
1142 1764
1142 2202
1142 2925
1142 3055
1142 3187
1142 4015
1142 4273
1142 5260
1142 5683
1153 72
1153 242
1153 829
1153 1256
1153 1718
1153 1839
1153 2295
1153 2721
1153 3353
1153 3488
1153 3988
1153 4031
1153 4403
1153 5221
1157 309
1157 840
1157 1096
1157 1719
1157 3869
1157 3920
1157 4943
1161 1174
1161 2441
1161 2480
1161 3695
1161 5278
1169 105
1169 4080
1169 4961
1169 5269
1169 5567
1171 481
1171 714
1171 1106
1171 2752
1171 5274
1171 5328
1172 44
1172 931
1172 1004
1172 2352
1172 2361
1172 2624
1172 3315
1172 4108
1172 5002
1173 1343
1173 2311
1173 4346
1173 5370
1174 1161
1174 2441
1174 2480
1174 3695
1174 5278
1175 1800
1175 4036
1179 2403
1179 3285
1185 3685
1185 3758
1185 4063
1188 673
1188 694
1188 1874
1188 3920
1188 5621
1211 64
1211 1301
1211 2471
1211 5433
1219 946
1219 1981
1219 2683
1219 3855
1220 3074
1220 3128
1220 4127
1220 5166
1220 5319
1221 1969
1221 2219
1221 2367
1221 2523
1221 4203
1221 4442
1221 5028
1221 5133
1227 4562
1227 4625
1227 5075
1241 915
1241 1470
1241 1687
1241 3130
1241 3405
1256 242
1256 829
1256 1153
1256 1718
1256 2295
1256 3988
1256 4403
1256 5221
1265 1090
1265 2431
1265 3143
1265 3254
1282 2358
1282 2724
1298 275
1298 367
1298 1643
1298 1649
1298 1895
1298 3638
1298 5303
1298 5510
1301 64
1301 1211
1301 2345
1301 2471
1301 2543
1301 3676
1301 3761
1301 4518
1311 799
1311 888
1311 2333
1311 4758
1311 5304
1312 691
1312 814
1312 1425
1312 1920
1312 4113
1312 5293
1314 1825
1314 2266
1314 4464
1314 5214
1314 5677
1318 3193
1318 3304
1318 4105
1318 5622
1321 661
1321 890
1321 968
1321 1717
1321 3875
1321 4515
1322 666
1323 472
1323 553
1323 931
1323 4189
1323 5226
1323 5382
1325 336
1325 1357
1325 1644
1325 3033
1325 5025
1325 5033
1325 5557
1328 472
1328 1840
1328 3296
1328 4282
1328 5214
1343 1173
1343 2311
1343 4346
1343 5370
1355 111
1355 761
1355 2308
1355 3042
1357 229
1357 1325
1357 1373
1357 2702
1357 3033
1357 4156
1357 5557
1370 3444
1370 5481
1371 5130
1371 5383
1373 229
1373 1357
1373 2702
1373 3033
1373 4156
1377 1918
1377 2706
1380 31
1380 434
1380 1133
1380 2583
1380 2586
1380 5732
1392 2683
1392 5401
1393 19
1393 762
1393 931
1393 1899
1393 1916
1393 1987
1393 1992
1393 2316
1393 2435
1393 2598
1393 2721
1393 2798
1393 2931
1393 3017
1393 3076
1393 3152
1393 3155
1393 3299
1393 4054
1393 4254
1393 4417
1393 4520
1393 5122
1393 5273
1393 5414
1394 1912
1394 4294
1394 5445
1394 5566
1395 4262
1395 5080
1403 576
1403 2169
1403 4057
1403 4413
1404 1018
1404 2210
1404 3923
1405 380
1405 2744
1405 3016
1405 3184
1405 3667
1405 4289
1405 4408
1405 4791
1405 4913
1405 5306
1405 5747
1425 691
1425 814
1425 1312
1425 1920
1425 4113
1425 5293
1429 472
1429 751
1429 969
1429 1550
1429 1732
1429 1884
1429 3036
1429 3039
1429 3279
1429 5069
1429 5324
1439 22
1439 603
1439 2238
1439 2451
1439 2682
1439 2816
1439 2933
1439 4440
1439 4718
1445 281
1445 1775
1445 2378
1445 2803
1445 4338
1445 4380
1445 4957
1445 5740
1454 194
1454 862
1454 1128
1454 1774
1454 3049
1454 4153
1454 4252
1454 4849
1454 5063
1456 301
1456 310
1456 1872
1456 2195
1456 2937
1456 3309
1456 3893
1456 4142
1456 5512
1460 368
1460 2324
1460 4174
1460 5119
1460 5384
1460 5521
1462 728
1462 2721
1462 3075
1462 4491
1464 607
1467 85
1467 624
1467 2075
1468 139
1468 545
1470 915
1470 1241
1470 1687
1470 3130
1470 3405
1472 1979
1472 2230
1472 2315
1472 3888
1472 3918
1472 5107
1472 5248
1483 2396
1483 4896
1483 5380
1489 565
1489 2606
1489 3427
1489 4034
1497 2480
1497 3357
1497 4226
1497 4883
1497 5364
1498 809
1498 889
1498 1529
1498 4678
1506 795
1506 2437
1506 5291
1519 3087
1519 3532
1519 4219
1529 809
1529 889
1529 1498
1529 4678
1530 4212
1530 4673
1530 4880
1537 3112
1537 3564
1537 4410
1537 4650
1537 4975
1537 5583
1540 141
1540 182
1540 916
1540 2633
1540 5227
1542 1877
1542 2753
1542 2766
1542 3604
1542 4429
1542 4470
1542 5172
1543 384
1543 800
1543 1559
1543 2109
1543 5149
1543 5409
1548 325
1548 555
1548 658
1548 700
1548 3410
1550 108
1550 472
1550 751
1550 969
1550 1429
1550 1732
1550 1884
1550 3036
1550 3039
1550 3279
1550 3979
1550 4423
1550 5069
1550 5324
1557 431
1557 2011
1557 2520
1557 2783
1557 3082
1557 3710
1557 3844
1557 3985
1557 4009
1557 4122
1557 4560
1557 4598
1557 4669
1559 384
1559 800
1559 1543
1559 2109
1559 5149
1559 5409
1570 697
1570 931
1570 2125
1570 4082
1570 4894
1590 694
1590 2340
1590 3815
1590 4677
1606 379
1606 4000
1606 4619
1607 990
1607 1827
1607 2727
1607 3763
1607 5450
1619 1720
1619 4188
1619 5160
1624 386
1624 2093
1624 2222
1624 2257
1624 2630
1624 4132
1626 313
1626 2814
1626 3714
1626 4656
1636 4061
1636 5132
1636 5580
1638 752
1638 2719
1638 4302
1638 4351
1638 4369
1643 275
1643 367
1643 1298
1643 1649
1643 1895
1643 3638
1643 5303
1643 5510
1644 336
1644 1325
1644 3033
1644 5025
1644 5033
1647 7
1647 1762
1647 4942
1647 5568
1648 597
1648 927
1648 1019
1648 1970
1648 3171
1648 3224
1648 4154
1648 5073
1649 275
1649 367
1649 1298
1649 1643
1649 1895
1649 3638
1649 5303
1649 5510
1666 663
1666 3301
1666 3873
1666 4280
1666 4609
1666 5596
1671 4176
1671 5018
1671 5090
1684 980
1684 1819
1684 2151
1684 2426
1684 3696
1684 4137
1684 4268
1684 5194
1687 915
1687 1241
1687 1470
1687 3130
1687 3405
1689 133
1689 2370
1689 4491
1689 5214
1696 4951
1717 661
1717 890
1717 968
1717 1321
1717 3875
1717 4515
1718 242
1718 829
1718 1153
1718 1256
1718 2295
1718 3988
1718 4403
1718 5221
1719 309
1719 787
1719 840
1719 1096
1719 1157
1719 3869
1719 3920
1719 4326
1719 4836
1719 4943
1719 5614
1720 1619
1720 4188
1720 5160
1721 365
1721 420
1721 711
1721 2589
1732 472
1732 751
1732 969
1732 1429
1732 1550
1732 1884
1732 3036
1732 3039
1732 3279
1732 5069
1732 5324
1760 829
1760 1959
1760 5183
1760 5250
1760 5527
1762 7
1762 1647
1762 4942
1762 5568
1764 588
1764 772
1764 863
1764 1142
1764 2202
1764 2925
1764 3055
1764 3187
1764 4015
1764 4273
1764 5260
1764 5683
1769 211
1769 2134
1769 4643
1769 4797
1769 5015
1769 5307
1772 3181
1772 4339
1772 5125
1772 5444
1774 194
1774 862
1774 1128
1774 1454
1774 3049
1774 4153
1774 4252
1774 4849
1774 5063
1775 281
1775 1445
1775 2378
1775 2803
1775 4338
1775 4380
1775 4957
1775 5740
1780 62
1780 398
1780 521
1780 652
1780 1957
1780 2334
1780 5355
1793 64
1793 313
1793 902
1793 2459
1793 5180
1797 765
1797 3062
1797 4066
1800 1175
1800 4036
1805 1845
1805 1986
1805 2463
1805 3674
1805 4880
1805 5080
1806 1874
1806 4013
1806 4050
1806 4535
1806 4978
1809 1983
1809 2075
1819 980
1819 1684
1819 2151
1819 2426
1819 3696
1819 4137
1819 4268
1819 5194
1823 4186
1823 4713
1823 4720
1823 5133
1825 1314
1825 2266
1825 4464
1825 5214
1825 5677
1827 990
1827 1607
1827 2727
1827 3763
1827 5450
1835 63
1835 1941
1835 3396
1835 5055
1839 72
1839 1153
1839 2721
1839 3353
1839 3488
1839 4031
1840 472
1840 1328
1840 3296
1840 4282
1840 5214
1841 845
1841 1993
1841 3150
1841 3410
1841 4691
1842 2448
1842 2641
1842 3565
1842 4516
1842 5464
1842 5576
1845 1805
1845 1986
1845 2463
1845 3674
1845 4880
1845 5080
1872 301
1872 310
1872 1456
1872 2195
1872 2937
1872 3309
1872 3893
1872 4142
1872 5512
1874 673
1874 694
1874 1188
1874 1806
1874 3920
1874 4013
1874 4050
1874 4535
1874 4978
1874 5621
1877 1542
1877 2753
1877 2766
1877 3604
1877 4429
1877 4470
1877 5172
1884 472
1884 751
1884 969
1884 1429
1884 1550
1884 1732
1884 3036
1884 3039
1884 3279
1884 5069
1884 5324
1895 275
1895 367
1895 1298
1895 1643
1895 1649
1895 3638
1895 5303
1895 5510
1898 640
1898 3399
1898 5064
1898 5509
1899 19
1899 762
1899 931
1899 1393
1899 1916
1899 1987
1899 1992
1899 2316
1899 2435
1899 2598
1899 2721
1899 2798
1899 2931
1899 3017
1899 3076
1899 3152
1899 3155
1899 3299
1899 4054
1899 4254
1899 4417
1899 4520
1899 5122
1899 5273
1899 5414
1912 1394
1912 4294
1912 5445
1912 5566
1914 992
1914 4166
1916 19
1916 762
1916 931
1916 1393
1916 1899
1916 1987
1916 1992
1916 2316
1916 2435
1916 2598
1916 2721
1916 2798
1916 2931
1916 3017
1916 3076
1916 3152
1916 3155
1916 3299
1916 4054
1916 4254
1916 4417
1916 4520
1916 5122
1916 5273
1916 5414
1918 1377
1918 2706
1920 691
1920 814
1920 1312
1920 1425
1920 4113
1920 5293
1932 402
1932 426
1932 604
1932 1114
1932 2407
1932 2717
1932 3028
1932 3561
1932 4090
1932 4677
1941 63
1941 1835
1941 3396
1941 5055
1953 3052
1953 3327
1953 4019
1953 4113
1957 62
1957 398
1957 521
1957 652
1957 1780
1957 2334
1957 5355
1959 829
1959 1760
1959 5183
1959 5250
1959 5527
1960 525
1960 2404
1960 3137
1960 3301
1960 3543
1960 3929
1960 4280
1969 1221
1969 2367
1969 2523
1969 4203
1969 5133
1970 597
1970 927
1970 1019
1970 1648
1970 3171
1970 3224
1970 4154
1970 5073
1978 2193
1978 2336
1978 2616
1978 4330
1978 5377
1979 1472
1979 2230
1979 2315
1979 3888
1979 3918
1979 5107
1979 5248
1981 946
1981 1219
1981 2683
1981 3855
1983 1809
1983 2075
1986 1805
1986 1845
1986 2463
1986 3674
1986 4880
1986 5080
1987 19
1987 762
1987 931
1987 1393
1987 1899
1987 1916
1987 1992
1987 2316
1987 2435
1987 2598
1987 2721
1987 2798
1987 2931
1987 3017
1987 3076
1987 3152
1987 3155
1987 3299
1987 4054
1987 4254
1987 4417
1987 4520
1987 5122
1987 5273
1987 5414
1992 19
1992 762
1992 931
1992 1393
1992 1899
1992 1916
1992 1987
1992 2316
1992 2435
1992 2598
1992 2721
1992 2798
1992 2931
1992 3017
1992 3076
1992 3152
1992 3155
1992 3299
1992 4054
1992 4254
1992 4417
1992 4520
1992 5122
1992 5273
1992 5414
1993 845
1993 1841
1993 3150
1993 3410
1993 4691
2011 431
2011 1557
2011 2520
2011 2783
2011 3082
2011 3710
2011 3844
2011 3985
2011 4009
2011 4122
2011 4560
2011 4598
2011 4669
2028 553
2028 881
2028 893
2028 3266
2028 3680
2028 5275
2032 3951
2032 4388
2063 82
2063 1114
2063 3405
2063 3861
2063 3986
2063 4831
2073 59
2073 381
2073 395
2073 711
2073 2141
2073 2224
2073 2887
2073 3008
2073 3051
2073 3160
2073 3550
2073 3804
2073 4020
2073 4129
2073 4639
2075 85
2075 624
2075 1467
2075 1809
2075 1983
2079 3032
2079 3837
2079 5325
2079 5694
2080 141
2080 772
2080 2627
2093 386
2093 1624
2093 2222
2093 2257
2093 2630
2093 4132
2109 384
2109 800
2109 1543
2109 1559
2109 5149
2109 5409
2118 2310
2118 2596
2118 2835
2118 3377
2123 85
2123 123
2123 2501
2123 3310
2123 5746
2125 697
2125 931
2125 1570
2125 4082
2125 4894
2129 372
2129 1038
2129 1103
2129 3896
2129 4467
2134 211
2134 1769
2134 4643
2134 4797
2134 5015
2134 5307
2141 59
2141 381
2141 395
2141 711
2141 2073
2141 2224
2141 2887
2141 3008
2141 3051
2141 3160
2141 3550
2141 3804
2141 4129
2151 980
2151 1684
2151 1819
2151 2426
2151 3696
2151 4137
2151 4268
2151 5194
2169 576
2169 1403
2169 4057
2169 4413
2192 66
2192 2452
2192 2625
2192 3148
2192 3159
2192 3424
2192 4355
2192 4894
2193 204
2193 1978
2193 2258
2193 2336
2193 2616
2193 3521
2193 4330
2193 5082
2193 5377
2195 301
2195 310
2195 1456
2195 1872
2195 2937
2195 3309
2195 3893
2195 4142
2195 5512
2202 588
2202 772
2202 863
2202 1142
2202 1764
2202 2925
2202 3055
2202 3187
2202 4015
2202 4273
2202 5260
2202 5683
2210 1018
2210 1404
2210 3923
2215 343
2215 4271
2216 2424
2216 2935
2216 3115
2216 3999
2219 1221
2219 4442
2219 5028
2222 386
2222 1624
2222 2093
2222 2257
2222 2630
2222 4132
2224 59
2224 381
2224 395
2224 711
2224 2073
2224 2141
2224 2887
2224 3008
2224 3051
2224 3160
2224 3550
2224 3804
2224 4129
2230 1472
2230 1979
2230 2315
2230 3888
2230 3918
2230 5107
2230 5248
2235 2898
2235 2919
2235 4375
2235 5013
2235 5320
2238 22
2238 603
2238 1439
2238 2451
2238 2682
2238 2816
2238 2933
2238 4440
2238 4718
2257 386
2257 1624
2257 2093
2257 2222
2257 2630
2257 4132
2258 204
2258 2193
2258 3521
2258 5082
2266 1314
2266 1825
2266 4464
2266 5214
2266 5677
2295 242
2295 829
2295 1153
2295 1256
2295 1718
2295 3988
2295 4403
2295 5221
2308 111
2308 761
2308 1355
2308 3042
2310 2118
2310 2596
2310 2835
2310 3377
2310 4070
2310 5296
2310 5632
2311 1173
2311 1343
2311 4346
2311 5370
2314 141
2314 1092
2314 2633
2314 3685
2314 4024
2314 4939
2315 1472
2315 1979
2315 2230
2315 3888
2315 3918
2315 5107
2315 5248
2316 19
2316 762
2316 931
2316 1393
2316 1899
2316 1916
2316 1987
2316 1992
2316 2435
2316 2598
2316 2721
2316 2798
2316 2931
2316 3017
2316 3076
2316 3152
2316 3155
2316 3299
2316 4054
2316 4254
2316 4417
2316 4520
2316 5122
2316 5273
2316 5414
2317 268
2317 644
2317 2748
2317 2781
2317 3264
2317 3295
2317 3669
2317 4120
2317 4368
2317 4710
2317 5211
2319 903
2319 5502
2324 368
2324 1460
2324 4174
2324 5119
2324 5384
2324 5521
2332 2687
2332 2900
2332 4444
2332 5270
2332 5484
2333 799
2333 888
2333 1311
2333 4758
2333 5304
2334 62
2334 398
2334 521
2334 652
2334 1780
2334 1957
2334 5355
2335 901
2335 2408
2335 2556
2335 4065
2335 4744
2335 5482
2336 1978
2336 2193
2336 2616
2336 4330
2336 5377
2340 694
2340 1590
2340 3815
2340 4677
2345 716
2345 1301
2345 2524
2345 2543
2345 3032
2345 3676
2345 3761
2345 4518
2352 44
2352 931
2352 1004
2352 1172
2352 2361
2352 2624
2352 3315
2352 4108
2352 5002
2358 1282
2358 2724
2361 44
2361 931
2361 1004
2361 1172
2361 2352
2361 2624
2361 3315
2361 4108
2361 5002
2365 126
2365 776
2365 2398
2365 5446
2365 5452
2367 1221
2367 1969
2367 2523
2367 4203
2367 5133
2370 133
2370 583
2370 1689
2370 2760
2370 4491
2370 4734
2370 5069
2370 5091
2370 5214
2378 281
2378 1445
2378 1775
2378 2803
2378 4338
2378 4380
2378 4957
2378 5740
2387 43
2387 4193
2387 5475
2393 391
2393 2851
2393 3194
2394 113
2394 330
2394 369
2394 503
2394 1072
2394 2792
2394 3313
2394 3955
2396 1483
2396 4896
2396 5380
2398 126
2398 776
2398 2365
2398 5446
2398 5452
2400 808
2400 1042
2400 3123
2400 3363
2400 5328
2403 1179
2403 3285
2404 1960
2404 3543
2404 3929
2407 402
2407 426
2407 604
2407 1114
2407 1932
2407 3028
2407 4090
2407 4677
2408 901
2408 2335
2408 2556
2408 4065
2408 4744
2408 5482
2424 2216
2424 2935
2424 3115
2424 3999
2426 980
2426 1684
2426 1819
2426 2151
2426 3696
2426 4137
2426 4268
2426 5194
2429 2762
2429 3137
2429 3621
2429 3852
2429 4954
2429 5514
2430 646
2430 4937
2431 1090
2431 1265
2431 3143
2431 3254
2435 19
2435 762
2435 931
2435 1393
2435 1899
2435 1916
2435 1987
2435 1992
2435 2316
2435 2598
2435 2721
2435 2798
2435 2931
2435 3017
2435 3076
2435 3152
2435 3155
2435 3299
2435 4054
2435 4254
2435 4417
2435 4520
2435 5122
2435 5273
2435 5414
2437 795
2437 1506
2437 5291
2441 1161
2441 1174
2441 2480
2441 3695
2441 5278
2446 3806
2446 4295
2446 4649
2446 5574
2447 3011
2447 5373
2448 1842
2448 2641
2448 3366
2448 3399
2448 3565
2448 3621
2448 4274
2448 4516
2448 5258
2448 5464
2448 5576
2451 22
2451 603
2451 1439
2451 2238
2451 2682
2451 2816
2451 2933
2451 4440
2451 4718
2452 66
2452 2192
2452 2625
2452 3148
2452 3159
2452 3424
2452 4355
2452 4894
2456 668
2456 882
2456 2617
2456 4227
2456 4402
2456 4636
2459 64
2459 313
2459 902
2459 1793
2459 5180
2463 1805
2463 1845
2463 1986
2463 3674
2463 4880
2463 5080
2468 592
2468 835
2468 2943
2468 4038
2468 4356
2470 333
2470 453
2470 741
2470 2555
2470 3166
2470 3206
2470 3329
2470 3488
2470 5460
2471 64
2471 1211
2471 1301
2471 5433
2475 584
2475 3014
2475 4098
2475 4895
2475 5372
2475 5391
2480 1161
2480 1174
2480 1497
2480 2441
2480 3357
2480 3695
2480 4226
2480 4883
2480 5278
2480 5364
2483 316
2501 85
2501 123
2501 2123
2501 3310
2501 5746
2509 211
2509 462
2509 593
2509 632
2509 4643
2509 5506
2520 431
2520 1557
2520 2011
2520 2783
2520 3082
2520 3710
2520 3844
2520 3985
2520 4009
2520 4122
2520 4560
2520 4598
2520 4669
2523 734
2523 1221
2523 1969
2523 2367
2523 3070
2523 3772
2523 4203
2523 5133
2523 5150
2523 5279
2524 716
2524 2345
2524 3032
2524 3761
2540 1001
2540 4557
2540 4752
2540 5511
2543 1301
2543 2345
2543 3676
2543 3761
2543 4518
2555 333
2555 453
2555 741
2555 2470
2555 3166
2555 3206
2555 3329
2555 3488
2555 5460
2556 901
2556 2335
2556 2408
2556 4065
2556 4744
2556 5482
2563 3964
2563 4363
2563 4600
2583 31
2583 434
2583 1133
2583 1380
2583 2586
2583 5732
2586 31
2586 434
2586 1133
2586 1380
2586 2583
2586 5732
2588 2737
2588 4275
2589 365
2589 420
2589 711
2589 1721
2596 2118
2596 2310
2596 2835
2596 3377
2598 19
2598 762
2598 931
2598 1393
2598 1899
2598 1916
2598 1987
2598 1992
2598 2316
2598 2435
2598 2721
2598 2798
2598 2931
2598 3017
2598 3076
2598 3152
2598 3155
2598 3299
2598 4054
2598 4254
2598 4417
2598 4520
2598 5122
2598 5273
2598 5414
2599 18
2599 1114
2599 2962
2599 3865
2606 565
2606 1489
2606 3427
2606 4034
2616 1978
2616 2193
2616 2336
2616 4330
2616 5377
2617 668
2617 882
2617 2456
2617 4227
2617 4402
2617 4636
2624 44
2624 412
2624 931
2624 1004
2624 1172
2624 2352
2624 2361
2624 2895
2624 2931
2624 3315
2624 3744
2624 4108
2624 4433
2624 4755
2624 4927
2624 5002
2624 5092
2625 66
2625 2192
2625 2452
2625 3148
2625 3159
2625 3424
2625 4355
2625 4894
2626 3850
2626 4579
2626 5235
2627 141
2627 772
2627 2080
2630 386
2630 699
2630 1624
2630 2093
2630 2222
2630 2257
2630 4132
2630 4187
2630 4517
2633 141
2633 182
2633 916
2633 1092
2633 1540
2633 2314
2633 3685
2633 4024
2633 4939
2633 5227
2641 1842
2641 2448
2641 3565
2641 4516
2641 5464
2641 5576
2645 2646
2645 3061
2645 3119
2645 4076
2645 4706
2646 2645
2646 3061
2646 3119
2646 4076
2646 4706
2682 22
2682 603
2682 1439
2682 2238
2682 2451
2682 2816
2682 2933
2682 4440
2682 4718
2683 946
2683 1219
2683 1392
2683 1981
2683 3855
2683 5401
2687 2332
2687 2900
2687 4444
2687 5270
2687 5484
2702 229
2702 1357
2702 1373
2702 3033
2702 4156
2706 1377
2706 1918
2709 813
2709 2920
2709 4183
2709 4855
2709 5401
2709 5599
2717 1932
2717 3561
2719 752
2719 1638
2719 4302
2719 4351
2719 4369
2721 19
2721 72
2721 728
2721 762
2721 931
2721 1153
2721 1393
2721 1462
2721 1839
2721 1899
2721 1916
2721 1987
2721 1992
2721 2316
2721 2435
2721 2598
2721 2798
2721 2931
2721 3017
2721 3075
2721 3076
2721 3152
2721 3155
2721 3299
2721 3353
2721 3488
2721 4031
2721 4054
2721 4254
2721 4417
2721 4491
2721 4520
2721 5122
2721 5273
2721 5414
2724 1282
2724 2358
2727 990
2727 1607
2727 1827
2727 3763
2727 5450
2737 2588
2737 4275
2739 669
2739 3365
2739 4219
2739 5026
2744 1405
2744 5306
2744 5747
2748 268
2748 644
2748 2317
2748 2781
2748 3264
2748 3295
2748 3669
2748 4120
2748 4368
2748 4710
2748 5211
2750 111
2750 4030
2750 4306
2750 4894
2752 481
2752 714
2752 1106
2752 1171
2752 5274
2752 5328
2753 1542
2753 1877
2753 2766
2753 3604
2753 4429
2753 4470
2753 5172
2760 2370
2760 5069
2760 5214
2762 2429
2762 3137
2762 3621
2762 3852
2762 4954
2762 5514
2766 1542
2766 1877
2766 2753
2766 3604
2766 4429
2766 4470
2766 5172
2781 268
2781 644
2781 2317
2781 2748
2781 3264
2781 3295
2781 3669
2781 4120
2781 4368
2781 4710
2781 5211
2783 431
2783 1557
2783 2011
2783 2520
2783 3082
2783 3710
2783 3844
2783 3985
2783 4009
2783 4122
2783 4560
2783 4598
2783 4669
2792 113
2792 330
2792 369
2792 503
2792 1072
2792 2394
2792 3313
2792 3955
2798 19
2798 762
2798 931
2798 1393
2798 1899
2798 1916
2798 1987
2798 1992
2798 2316
2798 2435
2798 2598
2798 2721
2798 2931
2798 3017
2798 3076
2798 3152
2798 3155
2798 3299
2798 4054
2798 4254
2798 4417
2798 4520
2798 5122
2798 5273
2798 5414
2800 972
2800 4492
2800 5386
2800 5599
2803 281
2803 1445
2803 1775
2803 2378
2803 4338
2803 4380
2803 4957
2803 5740
2809 127
2809 342
2809 3820
2809 4007
2809 4526
2814 313
2814 1626
2814 3714
2814 4656
2816 22
2816 603
2816 1439
2816 2238
2816 2451
2816 2682
2816 2933
2816 4440
2816 4718
2835 2118
2835 2310
2835 2596
2835 3377
2851 391
2851 2393
2851 3194
2882 4186
2882 4358
2887 59
2887 381
2887 395
2887 711
2887 2073
2887 2141
2887 2224
2887 3008
2887 3051
2887 3160
2887 3550
2887 3804
2887 4129
2895 412
2895 2624
2895 2931
2895 3744
2895 4433
2895 4755
2895 4927
2895 5092
2898 2235
2898 2919
2898 4375
2898 5013
2898 5320
2900 2332
2900 2687
2900 4444
2900 5270
2900 5484
2908 4287
2908 5620
2918 4381
2918 5124
2918 5537
2918 5758
2919 2235
2919 2898
2919 4375
2919 5013
2919 5320
2920 2709
2920 5599
2925 588
2925 772
2925 863
2925 1142
2925 1764
2925 2202
2925 3055
2925 3187
2925 4015
2925 4273
2925 5260
2925 5683
2931 19
2931 412
2931 762
2931 931
2931 1393
2931 1899
2931 1916
2931 1987
2931 1992
2931 2316
2931 2435
2931 2598
2931 2624
2931 2721
2931 2798
2931 2895
2931 3017
2931 3076
2931 3152
2931 3155
2931 3299
2931 3744
2931 4054
2931 4254
2931 4417
2931 4433
2931 4520
2931 4755
2931 4927
2931 5092
2931 5122
2931 5273
2931 5414
2933 22
2933 603
2933 1439
2933 2238
2933 2451
2933 2682
2933 2816
2933 4440
2933 4718
2935 2216
2935 2424
2935 3115
2935 3999
2937 301
2937 310
2937 1456
2937 1872
2937 2195
2937 3309
2937 3893
2937 4142
2937 5512
2943 592
2943 835
2943 2468
2943 4038
2943 4356
2962 18
2962 1114
2962 2599
2962 3865
2994 307
2994 902
2994 4870
2994 5211
2995 23
2995 3253
3008 59
3008 381
3008 395
3008 711
3008 2073
3008 2141
3008 2224
3008 2887
3008 3051
3008 3160
3008 3550
3008 3804
3008 4129
3011 2447
3011 5373
3014 584
3014 2475
3014 4098
3014 4895
3014 5372
3014 5391
3016 1405
3016 3184
3016 3667
3016 4289
3016 4791
3016 4913
3017 19
3017 762
3017 931
3017 1393
3017 1899
3017 1916
3017 1987
3017 1992
3017 2316
3017 2435
3017 2598
3017 2721
3017 2798
3017 2931
3017 3076
3017 3152
3017 3155
3017 3299
3017 4054
3017 4254
3017 4417
3017 4520
3017 5122
3017 5273
3017 5414
3028 402
3028 426
3028 604
3028 1114
3028 1932
3028 2407
3028 4090
3028 4677
3032 372
3032 716
3032 2079
3032 2345
3032 2524
3032 3761
3032 3837
3032 5325
3032 5431
3032 5694
3033 229
3033 336
3033 1325
3033 1357
3033 1373
3033 1644
3033 2702
3033 4156
3033 5025
3033 5033
3033 5557
3036 393
3036 472
3036 751
3036 969
3036 978
3036 1429
3036 1550
3036 1732
3036 1884
3036 3039
3036 3279
3036 3924
3036 5069
3036 5156
3036 5324
3039 472
3039 751
3039 969
3039 1429
3039 1550
3039 1732
3039 1884
3039 3036
3039 3279
3039 5069
3039 5324
3042 111
3042 761
3042 1355
3042 2308
3043 528
3043 714
3043 4743
3043 4880
3049 194
3049 862
3049 1128
3049 1454
3049 1774
3049 4153
3049 4252
3049 4849
3049 5063
3051 59
3051 381
3051 395
3051 711
3051 2073
3051 2141
3051 2224
3051 2887
3051 3008
3051 3160
3051 3550
3051 3804
3051 4129
3052 1953
3052 3327
3052 4019
3052 4113
3055 588
3055 772
3055 863
3055 1142
3055 1764
3055 2202
3055 2925
3055 3187
3055 4015
3055 4273
3055 5260
3055 5683
3058 463
3061 2645
3061 2646
3061 3119
3061 4076
3061 4706
3062 765
3062 1797
3062 4066
3070 734
3070 2523
3070 3772
3070 5150
3070 5279
3071 3164
3071 4955
3071 5154
3071 5287
3074 1220
3074 3128
3074 4127
3074 5166
3074 5319
3075 728
3075 1462
3075 2721
3075 4491
3076 19
3076 762
3076 931
3076 1393
3076 1899
3076 1916
3076 1987
3076 1992
3076 2316
3076 2435
3076 2598
3076 2721
3076 2798
3076 2931
3076 3017
3076 3152
3076 3155
3076 3299
3076 4054
3076 4254
3076 4417
3076 4520
3076 5122
3076 5273
3076 5414
3082 431
3082 1557
3082 2011
3082 2520
3082 2783
3082 3710
3082 3844
3082 3985
3082 4009
3082 4122
3082 4560
3082 4598
3082 4669
3087 1519
3087 3532
3087 4219
3102 396
3102 3198
3102 3827
3112 1537
3112 3564
3112 4410
3112 4650
3112 4975
3112 5583
3115 2216
3115 2424
3115 2935
3115 3999
3119 2645
3119 2646
3119 3061
3119 4076
3119 4706
3123 808
3123 1042
3123 2400
3123 3363
3123 5328
3128 1220
3128 3074
3128 4127
3128 5166
3128 5319
3130 915
3130 1241
3130 1470
3130 1687
3130 3405
3137 525
3137 1960
3137 2429
3137 2762
3137 3301
3137 3621
3137 3852
3137 4280
3137 4954
3137 5514
3143 1090
3143 1265
3143 2431
3143 3254
3148 66
3148 2192
3148 2452
3148 2625
3148 3159
3148 3424
3148 4355
3148 4894
3150 845
3150 1841
3150 1993
3150 3410
3150 4691
3152 19
3152 762
3152 931
3152 1393
3152 1899
3152 1916
3152 1987
3152 1992
3152 2316
3152 2435
3152 2598
3152 2721
3152 2798
3152 2931
3152 3017
3152 3076
3152 3155
3152 3299
3152 4054
3152 4254
3152 4417
3152 4520
3152 5122
3152 5273
3152 5414
3155 19
3155 762
3155 931
3155 1393
3155 1899
3155 1916
3155 1987
3155 1992
3155 2316
3155 2435
3155 2598
3155 2721
3155 2798
3155 2931
3155 3017
3155 3076
3155 3152
3155 3299
3155 4054
3155 4254
3155 4417
3155 4520
3155 5122
3155 5273
3155 5414
3159 66
3159 2192
3159 2452
3159 2625
3159 3148
3159 3424
3159 4355
3159 4894
3160 59
3160 381
3160 395
3160 711
3160 2073
3160 2141
3160 2224
3160 2887
3160 3008
3160 3051
3160 3550
3160 3804
3160 4129
3164 3071
3164 4955
3164 5154
3164 5287
3166 333
3166 453
3166 741
3166 2470
3166 2555
3166 3206
3166 3329
3166 3488
3166 5460
3167 107
3167 1127
3167 3659
3167 3825
3167 4061
3171 597
3171 927
3171 1019
3171 1648
3171 1970
3171 3224
3171 4154
3171 5073
3178 1025
3178 1053
3178 3333
3178 5085
3178 5376
3181 1772
3181 4339
3181 5125
3181 5444
3184 1405
3184 3016
3184 3667
3184 4289
3184 4791
3184 4913
3187 588
3187 772
3187 863
3187 1142
3187 1764
3187 2202
3187 2925
3187 3055
3187 4015
3187 4273
3187 5260
3187 5683
3193 1318
3193 3304
3193 3894
3193 4105
3193 4269
3193 4330
3193 5330
3193 5622
3194 391
3194 2393
3194 2851
3198 396
3198 3102
3198 3827
3206 333
3206 453
3206 741
3206 2470
3206 2555
3206 3166
3206 3329
3206 3488
3206 5460
3224 597
3224 927
3224 1019
3224 1648
3224 1970
3224 3171
3224 4154
3224 5073
3253 23
3253 2995
3254 1090
3254 1265
3254 2431
3254 3143
3264 268
3264 644
3264 2317
3264 2748
3264 2781
3264 3295
3264 3669
3264 4120
3264 4368
3264 4710
3264 5211
3266 553
3266 881
3266 893
3266 2028
3266 3680
3266 5275
3269 575
3269 5420
3278 905
3278 976
3278 3392
3278 4414
3278 5467
3279 472
3279 751
3279 969
3279 1429
3279 1550
3279 1732
3279 1884
3279 3036
3279 3039
3279 5069
3279 5324
3285 1179
3285 2403
3295 268
3295 644
3295 2317
3295 2748
3295 2781
3295 3264
3295 3669
3295 4120
3295 4368
3295 4710
3295 5211
3296 472
3296 1328
3296 1840
3296 4282
3296 5214
3299 19
3299 762
3299 931
3299 1393
3299 1899
3299 1916
3299 1987
3299 1992
3299 2316
3299 2435
3299 2598
3299 2721
3299 2798
3299 2931
3299 3017
3299 3076
3299 3152
3299 3155
3299 4054
3299 4254
3299 4417
3299 4520
3299 5122
3299 5273
3299 5414
3301 525
3301 663
3301 1666
3301 1960
3301 3137
3301 3873
3301 4280
3301 4609
3301 5596
3304 1318
3304 3193
3304 4105
3304 5622
3309 301
3309 310
3309 1456
3309 1872
3309 2195
3309 2937
3309 3893
3309 4142
3309 5512
3310 85
3310 123
3310 2123
3310 2501
3310 5746
3313 113
3313 330
3313 369
3313 503
3313 1072
3313 2394
3313 2792
3313 3955
3315 44
3315 931
3315 1004
3315 1172
3315 2352
3315 2361
3315 2624
3315 4108
3315 5002
3327 1953
3327 3052
3327 4019
3327 4113
3329 333
3329 453
3329 741
3329 2470
3329 2555
3329 3166
3329 3206
3329 3488
3329 5460
3333 1025
3333 1053
3333 3178
3333 5085
3333 5376
3353 72
3353 1153
3353 1839
3353 2721
3353 3488
3353 4031
3355 4660
3355 4697
3357 1497
3357 2480
3357 4226
3357 4883
3357 5364
3363 808
3363 1042
3363 2400
3363 3123
3363 5328
3365 669
3365 2739
3365 4219
3365 5026
3366 2448
3366 3399
3366 3621
3366 4274
3366 5258
3377 2118
3377 2310
3377 2596
3377 2835
3392 905
3392 976
3392 3278
3392 4414
3392 5467
3394 797
3394 3827
3394 4072
3396 63
3396 1835
3396 1941
3396 5055
3399 640
3399 1898
3399 2448
3399 3366
3399 3621
3399 4274
3399 5064
3399 5258
3399 5509
3403 804
3403 4563
3405 82
3405 915
3405 1114
3405 1241
3405 1470
3405 1687
3405 2063
3405 3130
3405 3861
3405 3986
3405 4831
3410 325
3410 555
3410 658
3410 700
3410 845
3410 1548
3410 1841
3410 1993
3410 3150
3410 4691
3424 66
3424 2192
3424 2452
3424 2625
3424 3148
3424 3159
3424 4355
3424 4894
3427 565
3427 1489
3427 2606
3427 4034
3444 1370
3444 5481
3488 72
3488 333
3488 453
3488 741
3488 1153
3488 1839
3488 2470
3488 2555
3488 2721
3488 3166
3488 3206
3488 3329
3488 3353
3488 4031
3488 5460
3521 204
3521 2193
3521 2258
3521 5082
3532 1519
3532 3087
3532 4219
3543 1960
3543 2404
3543 3929
3550 59
3550 381
3550 395
3550 711
3550 2073
3550 2141
3550 2224
3550 2887
3550 3008
3550 3051
3550 3160
3550 3804
3550 4020
3550 4129
3550 4639
3561 1932
3561 2717
3564 1537
3564 3112
3564 4410
3564 4650
3564 4975
3564 5583
3565 1842
3565 2448
3565 2641
3565 4516
3565 5464
3565 5576
3604 1542
3604 1877
3604 2753
3604 2766
3604 4429
3604 4470
3604 5172
3610 760
3610 924
3610 1138
3610 4548
3610 5076
3610 5121
3610 5364
3621 383
3621 2429
3621 2448
3621 2762
3621 3137
3621 3366
3621 3399
3621 3852
3621 4047
3621 4274
3621 4919
3621 4954
3621 5095
3621 5258
3621 5274
3621 5514
3638 275
3638 367
3638 1298
3638 1643
3638 1649
3638 1895
3638 5303
3638 5510
3659 107
3659 1127
3659 3167
3659 3825
3659 4061
3667 1405
3667 3016
3667 3184
3667 4289
3667 4791
3667 4913
3669 268
3669 644
3669 2317
3669 2748
3669 2781
3669 3264
3669 3295
3669 4120
3669 4368
3669 4710
3669 5211
3674 1805
3674 1845
3674 1986
3674 2463
3674 4880
3674 5080
3676 1301
3676 2345
3676 2543
3676 3761
3676 4518
3680 553
3680 881
3680 893
3680 2028
3680 3266
3680 5275
3685 141
3685 1092
3685 1185
3685 2314
3685 2633
3685 3758
3685 4024
3685 4063
3685 4939
3695 1161
3695 1174
3695 2441
3695 2480
3695 5278
3696 980
3696 1684
3696 1819
3696 2151
3696 2426
3696 4137
3696 4268
3696 5194
3701 85
3701 4016
3701 4761
3701 4857
3701 5254
3710 431
3710 1557
3710 2011
3710 2520
3710 2783
3710 3082
3710 3844
3710 3985
3710 4009
3710 4122
3710 4560
3710 4598
3710 4669
3714 313
3714 1626
3714 2814
3714 4656
3744 412
3744 2624
3744 2895
3744 2931
3744 4433
3744 4755
3744 4927
3744 5092
3758 1185
3758 3685
3758 4063
3761 716
3761 1301
3761 2345
3761 2524
3761 2543
3761 3032
3761 3676
3761 4518
3763 990
3763 1607
3763 1827
3763 2727
3763 5450
3772 734
3772 2523
3772 3070
3772 5150
3772 5279
3804 59
3804 381
3804 395
3804 711
3804 2073
3804 2141
3804 2224
3804 2887
3804 3008
3804 3051
3804 3160
3804 3550
3804 4129
3806 2446
3806 4295
3806 4649
3806 5574
3815 694
3815 1590
3815 2340
3815 4677
3820 127
3820 342
3820 2809
3820 4007
3820 4526
3825 107
3825 1127
3825 3167
3825 3659
3825 4061
3827 396
3827 797
3827 3102
3827 3198
3827 3394
3827 4072
3837 2079
3837 3032
3837 5325
3837 5694
3842 754
3842 4596
3844 431
3844 1557
3844 2011
3844 2520
3844 2783
3844 3082
3844 3710
3844 3985
3844 4009
3844 4122
3844 4560
3844 4598
3844 4669
3850 2626
3850 4579
3850 5235
3852 2429
3852 2762
3852 3137
3852 3621
3852 4954
3852 5514
3855 946
3855 1219
3855 1981
3855 2683
3857 8
3857 582
3857 5441
3861 82
3861 1114
3861 2063
3861 3405
3861 3986
3861 4831
3865 18
3865 1114
3865 2599
3865 2962
3869 309
3869 840
3869 1096
3869 1157
3869 1719
3869 3920
3869 4943
3873 663
3873 1666
3873 3301
3873 4280
3873 4609
3873 5596
3875 661
3875 890
3875 968
3875 1321
3875 1717
3875 4515
3882 656
3882 4392
3888 1472
3888 1979
3888 2230
3888 2315
3888 3918
3888 5107
3888 5248
3893 301
3893 310
3893 1456
3893 1872
3893 2195
3893 2937
3893 3309
3893 4142
3893 5512
3894 3193
3894 4269
3894 4330
3894 5330
3896 372
3896 1038
3896 1103
3896 2129
3896 4467
3918 1472
3918 1979
3918 2230
3918 2315
3918 3888
3918 5107
3918 5248
3920 309
3920 673
3920 694
3920 840
3920 1096
3920 1157
3920 1188
3920 1719
3920 1874
3920 3869
3920 4943
3920 5621
3923 1018
3923 1404
3923 2210
3924 393
3924 978
3924 3036
3924 5156
3929 1960
3929 2404
3929 3543
3951 2032
3951 4388
3955 113
3955 330
3955 369
3955 503
3955 1072
3955 2394
3955 2792
3955 3313
3964 2563
3964 4363
3964 4600
3979 108
3979 1550
3979 4423
3985 431
3985 1557
3985 2011
3985 2520
3985 2783
3985 3082
3985 3710
3985 3844
3985 4009
3985 4122
3985 4560
3985 4598
3985 4669
3986 82
3986 1114
3986 2063
3986 3405
3986 3861
3986 4831
3988 242
3988 829
3988 1153
3988 1256
3988 1718
3988 2295
3988 4403
3988 5221
3999 2216
3999 2424
3999 2935
3999 3115
4000 379
4000 1606
4000 4619
4007 127
4007 342
4007 2809
4007 3820
4007 4526
4009 431
4009 1557
4009 2011
4009 2520
4009 2783
4009 3082
4009 3710
4009 3844
4009 3985
4009 4122
4009 4560
4009 4598
4009 4669
4013 1806
4013 1874
4013 4050
4013 4535
4013 4978
4015 588
4015 772
4015 863
4015 1142
4015 1764
4015 2202
4015 2925
4015 3055
4015 3187
4015 4273
4015 5260
4015 5683
4016 85
4016 3701
4016 4761
4016 4857
4016 5254
4019 1953
4019 3052
4019 3327
4019 4113
4020 2073
4020 3550
4020 4129
4020 4639
4024 141
4024 1092
4024 2314
4024 2633
4024 3685
4024 4939
4030 111
4030 2750
4030 4306
4030 4894
4031 72
4031 1153
4031 1839
4031 2721
4031 3353
4031 3488
4034 565
4034 1489
4034 2606
4034 3427
4036 1175
4036 1800
4038 592
4038 835
4038 2468
4038 2943
4038 4356
4047 383
4047 3621
4047 4919
4047 5095
4047 5274
4050 1806
4050 1874
4050 4013
4050 4535
4050 4978
4054 19
4054 762
4054 931
4054 1393
4054 1899
4054 1916
4054 1987
4054 1992
4054 2316
4054 2435
4054 2598
4054 2721
4054 2798
4054 2931
4054 3017
4054 3076
4054 3152
4054 3155
4054 3299
4054 4254
4054 4417
4054 4520
4054 5122
4054 5273
4054 5414
4057 576
4057 1403
4057 2169
4057 4413
4061 107
4061 1127
4061 1636
4061 3167
4061 3659
4061 3825
4061 5132
4061 5580
4063 1185
4063 3685
4063 3758
4065 901
4065 2335
4065 2408
4065 2556
4065 4744
4065 5482
4066 765
4066 1797
4066 3062
4070 2310
4070 5296
4070 5632
4072 797
4072 3394
4072 3827
4075 577
4076 2645
4076 2646
4076 3061
4076 3119
4076 4706
4080 105
4080 1169
4080 4961
4080 5269
4080 5567
4081 346
4081 1070
4081 4184
4082 697
4082 931
4082 1570
4082 2125
4082 4894
4085 4176
4085 4222
4085 5686
4090 402
4090 426
4090 604
4090 1114
4090 1932
4090 2407
4090 3028
4090 4677
4098 584
4098 2475
4098 3014
4098 4895
4098 5372
4098 5391
4105 1318
4105 3193
4105 3304
4105 5622
4108 44
4108 931
4108 1004
4108 1172
4108 2352
4108 2361
4108 2624
4108 3315
4108 5002
4113 691
4113 814
4113 1312
4113 1425
4113 1920
4113 1953
4113 3052
4113 3327
4113 4019
4113 5293
4120 268
4120 644
4120 2317
4120 2748
4120 2781
4120 3264
4120 3295
4120 3669
4120 4368
4120 4710
4120 5211
4122 431
4122 1557
4122 2011
4122 2520
4122 2783
4122 3082
4122 3710
4122 3844
4122 3985
4122 4009
4122 4560
4122 4598
4122 4669
4127 1220
4127 3074
4127 3128
4127 5166
4127 5319
4129 59
4129 381
4129 395
4129 711
4129 2073
4129 2141
4129 2224
4129 2887
4129 3008
4129 3051
4129 3160
4129 3550
4129 3804
4129 4020
4129 4639
4132 386
4132 1624
4132 2093
4132 2222
4132 2257
4132 2630
4137 980
4137 1684
4137 1819
4137 2151
4137 2426
4137 3696
4137 4268
4137 5194
4142 301
4142 310
4142 1456
4142 1872
4142 2195
4142 2937
4142 3309
4142 3893
4142 5512
4153 194
4153 862
4153 1128
4153 1454
4153 1774
4153 3049
4153 4252
4153 4849
4153 5063
4154 597
4154 927
4154 1019
4154 1648
4154 1970
4154 3171
4154 3224
4154 5073
4156 229
4156 1357
4156 1373
4156 2702
4156 3033
4166 992
4166 1914
4172 4679
4172 4883
4174 368
4174 1460
4174 2324
4174 5119
4174 5384
4174 5521
4176 1671
4176 4085
4176 4222
4176 5018
4176 5090
4176 5686
4183 813
4183 2709
4183 4855
4183 5401
4184 346
4184 1070
4184 4081
4186 1823
4186 2882
4186 4358
4186 4713
4186 4720
4186 5133
4187 699
4187 2630
4187 4517
4188 1619
4188 1720
4188 5160
4189 472
4189 553
4189 931
4189 1323
4189 5226
4189 5382
4193 43
4193 2387
4193 5475
4203 1221
4203 1969
4203 2367
4203 2523
4203 5133
4212 1530
4212 4673
4212 4880
4219 669
4219 1519
4219 2739
4219 3087
4219 3365
4219 3532
4219 5026
4222 4085
4222 4176
4222 5686
4226 1497
4226 2480
4226 3357
4226 4883
4226 5364
4227 668
4227 882
4227 2456
4227 2617
4227 4402
4227 4636
4252 194
4252 404
4252 862
4252 1128
4252 1454
4252 1774
4252 3049
4252 4153
4252 4849
4252 5063
4254 19
4254 762
4254 931
4254 1393
4254 1899
4254 1916
4254 1987
4254 1992
4254 2316
4254 2435
4254 2598
4254 2721
4254 2798
4254 2931
4254 3017
4254 3076
4254 3152
4254 3155
4254 3299
4254 4054
4254 4417
4254 4520
4254 5122
4254 5273
4254 5414
4262 1395
4262 5080
4268 980
4268 1684
4268 1819
4268 2151
4268 2426
4268 3696
4268 4137
4268 5194
4269 3193
4269 3894
4269 4330
4269 5330
4271 343
4271 2215
4273 588
4273 772
4273 863
4273 1142
4273 1764
4273 2202
4273 2925
4273 3055
4273 3187
4273 4015
4273 5260
4273 5683
4274 2448
4274 3366
4274 3399
4274 3621
4274 5258
4275 2588
4275 2737
4280 525
4280 663
4280 1666
4280 1960
4280 3137
4280 3301
4280 3873
4280 4609
4280 5596
4282 472
4282 1328
4282 1840
4282 3296
4282 5214
4287 2908
4287 5620
4289 1405
4289 3016
4289 3184
4289 3667
4289 4791
4289 4913
4294 1394
4294 1912
4294 5445
4294 5566
4295 2446
4295 3806
4295 4649
4295 5574
4302 752
4302 1638
4302 2719
4302 4351
4302 4369
4306 111
4306 2750
4306 4030
4306 4894
4326 787
4326 1719
4326 4836
4326 5614
4330 1978
4330 2193
4330 2336
4330 2616
4330 3193
4330 3894
4330 4269
4330 5330
4330 5377
4338 281
4338 1445
4338 1775
4338 2378
4338 2803
4338 4380
4338 4957
4338 5740
4339 1772
4339 3181
4339 5125
4339 5444
4346 1173
4346 1343
4346 2311
4346 5370
4351 752
4351 1638
4351 2719
4351 4302
4351 4369
4355 66
4355 2192
4355 2452
4355 2625
4355 3148
4355 3159
4355 3424
4355 4894
4356 592
4356 835
4356 2468
4356 2943
4356 4038
4358 2882
4358 4186
4363 2563
4363 3964
4363 4600
4368 268
4368 644
4368 2317
4368 2748
4368 2781
4368 3264
4368 3295
4368 3669
4368 4120
4368 4710
4368 5211
4369 752
4369 1638
4369 2719
4369 4302
4369 4351
4375 2235
4375 2898
4375 2919
4375 5013
4375 5320
4380 281
4380 1445
4380 1775
4380 2378
4380 2803
4380 4338
4380 4957
4380 5740
4381 2918
4381 5124
4381 5537
4381 5758
4388 2032
4388 3951
4392 656
4392 3882
4402 668
4402 882
4402 2456
4402 2617
4402 4227
4402 4636
4403 242
4403 829
4403 1153
4403 1256
4403 1718
4403 2295
4403 3988
4403 5221
4408 380
4408 1405
4410 1537
4410 3112
4410 3564
4410 4650
4410 4975
4410 5583
4413 576
4413 1403
4413 2169
4413 4057
4414 905
4414 976
4414 3278
4414 3392
4414 5467
4417 19
4417 762
4417 931
4417 1393
4417 1899
4417 1916
4417 1987
4417 1992
4417 2316
4417 2435
4417 2598
4417 2721
4417 2798
4417 2931
4417 3017
4417 3076
4417 3152
4417 3155
4417 3299
4417 4054
4417 4254
4417 4520
4417 5122
4417 5273
4417 5414
4423 108
4423 1550
4423 3979
4427 1078
4427 4773
4429 1542
4429 1877
4429 2753
4429 2766
4429 3604
4429 4470
4429 5172
4433 412
4433 2624
4433 2895
4433 2931
4433 3744
4433 4755
4433 4927
4433 5092
4440 22
4440 603
4440 1439
4440 2238
4440 2451
4440 2682
4440 2816
4440 2933
4440 4718
4442 1221
4442 2219
4442 5028
4444 2332
4444 2687
4444 2900
4444 5270
4444 5484
4464 1314
4464 1825
4464 2266
4464 5214
4464 5677
4467 372
4467 1038
4467 1103
4467 2129
4467 3896
4470 1542
4470 1877
4470 2753
4470 2766
4470 3604
4470 4429
4470 5172
4491 133
4491 728
4491 1462
4491 1689
4491 2370
4491 2721
4491 3075
4491 5214
4492 972
4492 2800
4492 5386
4492 5599
4515 661
4515 890
4515 968
4515 1321
4515 1717
4515 3875
4516 1842
4516 2448
4516 2641
4516 3565
4516 5464
4516 5576
4517 699
4517 2630
4517 4187
4518 1301
4518 2345
4518 2543
4518 3676
4518 3761
4520 19
4520 762
4520 931
4520 1393
4520 1899
4520 1916
4520 1987
4520 1992
4520 2316
4520 2435
4520 2598
4520 2721
4520 2798
4520 2931
4520 3017
4520 3076
4520 3152
4520 3155
4520 3299
4520 4054
4520 4254
4520 4417
4520 5122
4520 5273
4520 5414
4526 127
4526 342
4526 2809
4526 3820
4526 4007
4535 1806
4535 1874
4535 4013
4535 4050
4535 4978
4548 760
4548 924
4548 1138
4548 3610
4548 5076
4548 5121
4548 5364
4557 1001
4557 2540
4557 4752
4557 5511
4560 431
4560 1557
4560 2011
4560 2520
4560 2783
4560 3082
4560 3710
4560 3844
4560 3985
4560 4009
4560 4122
4560 4598
4560 4669
4562 1227
4562 4625
4562 5075
4563 804
4563 3403
4579 2626
4579 3850
4579 5235
4596 754
4596 3842
4598 431
4598 1557
4598 2011
4598 2520
4598 2783
4598 3082
4598 3710
4598 3844
4598 3985
4598 4009
4598 4122
4598 4560
4598 4669
4600 2563
4600 3964
4600 4363
4609 663
4609 1666
4609 3301
4609 3873
4609 4280
4609 5596
4619 379
4619 1606
4619 4000
4625 1227
4625 4562
4625 5075
4636 668
4636 882
4636 2456
4636 2617
4636 4227
4636 4402
4639 2073
4639 3550
4639 4020
4639 4129
4643 211
4643 462
4643 593
4643 632
4643 1769
4643 2134
4643 2509
4643 4797
4643 5015
4643 5307
4643 5506
4644 5222
4644 5262
4644 5686
4649 2446
4649 3806
4649 4295
4649 5574
4650 1537
4650 3112
4650 3564
4650 4410
4650 4975
4650 5583
4656 313
4656 1626
4656 2814
4656 3714
4660 3355
4660 4697
4669 431
4669 1557
4669 2011
4669 2520
4669 2783
4669 3082
4669 3710
4669 3844
4669 3985
4669 4009
4669 4122
4669 4560
4669 4598
4673 1530
4673 4212
4673 4880
4677 402
4677 426
4677 604
4677 694
4677 1114
4677 1590
4677 1932
4677 2340
4677 2407
4677 3028
4677 3815
4677 4090
4678 809
4678 889
4678 1498
4678 1529
4679 4172
4679 4883
4691 845
4691 1841
4691 1993
4691 3150
4691 3410
4697 3355
4697 4660
4706 2645
4706 2646
4706 3061
4706 3119
4706 4076
4710 268
4710 644
4710 2317
4710 2748
4710 2781
4710 3264
4710 3295
4710 3669
4710 4120
4710 4368
4710 5211
4713 1823
4713 4186
4713 4720
4713 5133
4718 22
4718 603
4718 1439
4718 2238
4718 2451
4718 2682
4718 2816
4718 2933
4718 4440
4720 1823
4720 4186
4720 4713
4720 5133
4734 583
4734 2370
4734 5091
4743 528
4743 714
4743 3043
4743 4880
4744 901
4744 2335
4744 2408
4744 2556
4744 4065
4744 5482
4752 1001
4752 2540
4752 4557
4752 5511
4755 412
4755 2624
4755 2895
4755 2931
4755 3744
4755 4433
4755 4927
4755 5092
4758 799
4758 888
4758 1311
4758 2333
4758 5304
4761 85
4761 3701
4761 4016
4761 4857
4761 5254
4773 1078
4773 4427
4791 1405
4791 3016
4791 3184
4791 3667
4791 4289
4791 4913
4797 211
4797 1769
4797 2134
4797 4643
4797 5015
4797 5307
4831 82
4831 1114
4831 2063
4831 3405
4831 3861
4831 3986
4836 787
4836 1719
4836 4326
4836 5614
4849 194
4849 862
4849 1128
4849 1454
4849 1774
4849 3049
4849 4153
4849 4252
4849 5063
4855 813
4855 2709
4855 4183
4855 5401
4857 85
4857 3701
4857 4016
4857 4761
4857 5254
4870 307
4870 902
4870 2994
4870 5211
4880 528
4880 714
4880 1530
4880 1805
4880 1845
4880 1986
4880 2463
4880 3043
4880 3674
4880 4212
4880 4673
4880 4743
4880 5080
4883 1497
4883 2480
4883 3357
4883 4172
4883 4226
4883 4679
4883 5364
4894 66
4894 111
4894 697
4894 931
4894 1570
4894 2125
4894 2192
4894 2452
4894 2625
4894 2750
4894 3148
4894 3159
4894 3424
4894 4030
4894 4082
4894 4306
4894 4355
4895 584
4895 2475
4895 3014
4895 4098
4895 5372
4895 5391
4896 1483
4896 2396
4896 5380
4913 1405
4913 3016
4913 3184
4913 3667
4913 4289
4913 4791
4919 383
4919 3621
4919 4047
4919 5095
4919 5274
4927 412
4927 2624
4927 2895
4927 2931
4927 3744
4927 4433
4927 4755
4927 5092
4937 646
4937 2430
4939 141
4939 1092
4939 2314
4939 2633
4939 3685
4939 4024
4942 7
4942 1647
4942 1762
4942 5568
4943 309
4943 840
4943 1096
4943 1157
4943 1719
4943 3869
4943 3920
4951 1696
4954 2429
4954 2762
4954 3137
4954 3621
4954 3852
4954 5514
4955 3071
4955 3164
4955 5154
4955 5287
4957 281
4957 1445
4957 1775
4957 2378
4957 2803
4957 4338
4957 4380
4957 5740
4961 105
4961 1169
4961 4080
4961 5269
4961 5567
4975 1537
4975 3112
4975 3564
4975 4410
4975 4650
4975 5583
4978 1806
4978 1874
4978 4013
4978 4050
4978 4535
4985 5334
5002 44
5002 931
5002 1004
5002 1172
5002 2352
5002 2361
5002 2624
5002 3315
5002 4108
5013 2235
5013 2898
5013 2919
5013 4375
5013 5320
5015 211
5015 1769
5015 2134
5015 4643
5015 4797
5015 5307
5017 50
5017 110
5017 370
5017 5111
5018 1671
5018 4176
5018 5090
5025 336
5025 1325
5025 1644
5025 3033
5025 5033
5026 669
5026 2739
5026 3365
5026 4219
5028 1221
5028 2219
5028 4442
5033 336
5033 1325
5033 1644
5033 3033
5033 5025
5041 363
5041 758
5041 776
5041 5048
5041 5374
5048 363
5048 758
5048 776
5048 5041
5048 5374
5055 63
5055 1835
5055 1941
5055 3396
5063 194
5063 862
5063 1128
5063 1454
5063 1774
5063 3049
5063 4153
5063 4252
5063 4849
5064 352
5064 640
5064 1898
5064 3399
5064 5205
5064 5211
5064 5509
5069 472
5069 751
5069 969
5069 1429
5069 1550
5069 1732
5069 1884
5069 2370
5069 2760
5069 3036
5069 3039
5069 3279
5069 5214
5069 5324
5073 597
5073 927
5073 1019
5073 1648
5073 1970
5073 3171
5073 3224
5073 4154
5075 1227
5075 4562
5075 4625
5076 760
5076 924
5076 1138
5076 3610
5076 4548
5076 5121
5076 5364
5080 1395
5080 1805
5080 1845
5080 1986
5080 2463
5080 3674
5080 4262
5080 4880
5082 204
5082 2193
5082 2258
5082 3521
5085 1025
5085 1053
5085 3178
5085 3333
5085 5376
5090 1671
5090 4176
5090 5018
5091 583
5091 2370
5091 4734
5092 412
5092 2624
5092 2895
5092 2931
5092 3744
5092 4433
5092 4755
5092 4927
5095 383
5095 3621
5095 4047
5095 4919
5095 5274
5107 1472
5107 1979
5107 2230
5107 2315
5107 3888
5107 3918
5107 5248
5111 50
5111 110
5111 370
5111 5017
5118 462
5118 494
5118 549
5118 1006
5119 368
5119 1460
5119 2324
5119 4174
5119 5384
5119 5521
5121 760
5121 924
5121 1138
5121 3610
5121 4548
5121 5076
5121 5364
5122 19
5122 762
5122 931
5122 1393
5122 1899
5122 1916
5122 1987
5122 1992
5122 2316
5122 2435
5122 2598
5122 2721
5122 2798
5122 2931
5122 3017
5122 3076
5122 3152
5122 3155
5122 3299
5122 4054
5122 4254
5122 4417
5122 4520
5122 5273
5122 5414
5124 2918
5124 4381
5124 5537
5124 5758
5125 1772
5125 3181
5125 4339
5125 5444
5130 1371
5130 5383
5132 1636
5132 4061
5132 5580
5133 1221
5133 1823
5133 1969
5133 2367
5133 2523
5133 4186
5133 4203
5133 4713
5133 4720
5149 384
5149 800
5149 1543
5149 1559
5149 2109
5149 5409
5150 734
5150 2523
5150 3070
5150 3772
5150 5279
5154 3071
5154 3164
5154 4955
5154 5287
5156 393
5156 978
5156 3036
5156 3924
5160 1619
5160 1720
5160 4188
5166 1220
5166 3074
5166 3128
5166 4127
5166 5319
5172 1542
5172 1877
5172 2753
5172 2766
5172 3604
5172 4429
5172 4470
5180 64
5180 313
5180 902
5180 1793
5180 2459
5183 829
5183 1760
5183 1959
5183 5250
5183 5527
5194 980
5194 1684
5194 1819
5194 2151
5194 2426
5194 3696
5194 4137
5194 4268
5205 352
5205 5064
5205 5211
5211 268
5211 307
5211 352
5211 644
5211 902
5211 2317
5211 2748
5211 2781
5211 2994
5211 3264
5211 3295
5211 3669
5211 4120
5211 4368
5211 4710
5211 4870
5211 5064
5211 5205
5214 133
5214 472
5214 1314
5214 1328
5214 1689
5214 1825
5214 1840
5214 2266
5214 2370
5214 2760
5214 3296
5214 4282
5214 4464
5214 4491
5214 5069
5214 5677
5221 242
5221 829
5221 1153
5221 1256
5221 1718
5221 2295
5221 3988
5221 4403
5222 4644
5222 5262
5222 5686
5226 472
5226 553
5226 931
5226 1323
5226 4189
5226 5382
5227 141
5227 182
5227 916
5227 1540
5227 2633
5235 2626
5235 3850
5235 4579
5248 1472
5248 1979
5248 2230
5248 2315
5248 3888
5248 3918
5248 5107
5250 829
5250 1760
5250 1959
5250 5183
5250 5527
5254 85
5254 3701
5254 4016
5254 4761
5254 4857
5258 2448
5258 3366
5258 3399
5258 3621
5258 4274
5260 588
5260 772
5260 863
5260 1142
5260 1764
5260 2202
5260 2925
5260 3055
5260 3187
5260 4015
5260 4273
5260 5683
5262 4644
5262 5222
5262 5686
5269 105
5269 1169
5269 4080
5269 4961
5269 5567
5270 2332
5270 2687
5270 2900
5270 4444
5270 5484
5273 19
5273 762
5273 931
5273 1393
5273 1899
5273 1916
5273 1987
5273 1992
5273 2316
5273 2435
5273 2598
5273 2721
5273 2798
5273 2931
5273 3017
5273 3076
5273 3152
5273 3155
5273 3299
5273 4054
5273 4254
5273 4417
5273 4520
5273 5122
5273 5414
5274 383
5274 481
5274 714
5274 1106
5274 1171
5274 2752
5274 3621
5274 4047
5274 4919
5274 5095
5274 5328
5275 553
5275 881
5275 893
5275 2028
5275 3266
5275 3680
5278 1161
5278 1174
5278 2441
5278 2480
5278 3695
5279 734
5279 2523
5279 3070
5279 3772
5279 5150
5287 3071
5287 3164
5287 4955
5287 5154
5291 795
5291 1506
5291 2437
5293 691
5293 814
5293 1312
5293 1425
5293 1920
5293 4113
5296 2310
5296 4070
5296 5632
5303 275
5303 367
5303 1298
5303 1643
5303 1649
5303 1895
5303 3638
5303 5510
5304 799
5304 888
5304 1311
5304 2333
5304 4758
5306 1405
5306 2744
5306 5747
5307 211
5307 1769
5307 2134
5307 4643
5307 4797
5307 5015
5319 1220
5319 3074
5319 3128
5319 4127
5319 5166
5320 2235
5320 2898
5320 2919
5320 4375
5320 5013
5324 472
5324 751
5324 969
5324 1429
5324 1550
5324 1732
5324 1884
5324 3036
5324 3039
5324 3279
5324 5069
5325 2079
5325 3032
5325 3837
5325 5694
5328 481
5328 714
5328 808
5328 1042
5328 1106
5328 1171
5328 2400
5328 2752
5328 3123
5328 3363
5328 5274
5330 3193
5330 3894
5330 4269
5330 4330
5334 4985
5355 62
5355 398
5355 521
5355 652
5355 1780
5355 1957
5355 2334
5364 760
5364 924
5364 1138
5364 1497
5364 2480
5364 3357
5364 3610
5364 4226
5364 4548
5364 4883
5364 5076
5364 5121
5370 1173
5370 1343
5370 2311
5370 4346
5372 584
5372 2475
5372 3014
5372 4098
5372 4895
5372 5391
5373 2447
5373 3011
5374 363
5374 758
5374 776
5374 5041
5374 5048
5376 1025
5376 1053
5376 3178
5376 3333
5376 5085
5377 1978
5377 2193
5377 2336
5377 2616
5377 4330
5380 1483
5380 2396
5380 4896
5382 472
5382 553
5382 931
5382 1323
5382 4189
5382 5226
5383 1371
5383 5130
5384 368
5384 1460
5384 2324
5384 4174
5384 5119
5384 5521
5386 972
5386 2800
5386 4492
5386 5599
5387 794
5387 5728
5391 584
5391 2475
5391 3014
5391 4098
5391 4895
5391 5372
5401 813
5401 1392
5401 2683
5401 2709
5401 4183
5401 4855
5409 384
5409 800
5409 1543
5409 1559
5409 2109
5409 5149
5414 19
5414 762
5414 931
5414 1393
5414 1899
5414 1916
5414 1987
5414 1992
5414 2316
5414 2435
5414 2598
5414 2721
5414 2798
5414 2931
5414 3017
5414 3076
5414 3152
5414 3155
5414 3299
5414 4054
5414 4254
5414 4417
5414 4520
5414 5122
5414 5273
5420 575
5420 3269
5431 372
5431 3032
5432 695
5432 989
5432 5585
5433 64
5433 1211
5433 2471
5441 8
5441 582
5441 3857
5444 1772
5444 3181
5444 4339
5444 5125
5445 1394
5445 1912
5445 4294
5445 5566
5446 126
5446 776
5446 2365
5446 2398
5446 5452
5450 990
5450 1607
5450 1827
5450 2727
5450 3763
5452 126
5452 776
5452 2365
5452 2398
5452 5446
5460 333
5460 453
5460 741
5460 2470
5460 2555
5460 3166
5460 3206
5460 3329
5460 3488
5464 1842
5464 2448
5464 2641
5464 3565
5464 4516
5464 5576
5467 905
5467 976
5467 3278
5467 3392
5467 4414
5475 43
5475 2387
5475 4193
5481 1370
5481 3444
5482 901
5482 2335
5482 2408
5482 2556
5482 4065
5482 4744
5484 2332
5484 2687
5484 2900
5484 4444
5484 5270
5502 903
5502 2319
5506 211
5506 462
5506 593
5506 632
5506 2509
5506 4643
5509 640
5509 1898
5509 3399
5509 5064
5510 275
5510 367
5510 1298
5510 1643
5510 1649
5510 1895
5510 3638
5510 5303
5511 1001
5511 2540
5511 4557
5511 4752
5512 301
5512 310
5512 1456
5512 1872
5512 2195
5512 2937
5512 3309
5512 3893
5512 4142
5514 2429
5514 2762
5514 3137
5514 3621
5514 3852
5514 4954
5521 368
5521 1460
5521 2324
5521 4174
5521 5119
5521 5384
5527 829
5527 1760
5527 1959
5527 5183
5527 5250
5537 2918
5537 4381
5537 5124
5537 5758
5557 1325
5557 1357
5557 3033
5566 1394
5566 1912
5566 4294
5566 5445
5567 105
5567 1169
5567 4080
5567 4961
5567 5269
5568 7
5568 1647
5568 1762
5568 4942
5574 2446
5574 3806
5574 4295
5574 4649
5576 1842
5576 2448
5576 2641
5576 3565
5576 4516
5576 5464
5580 1636
5580 4061
5580 5132
5583 1537
5583 3112
5583 3564
5583 4410
5583 4650
5583 4975
5585 695
5585 989
5585 5432
5596 663
5596 1666
5596 3301
5596 3873
5596 4280
5596 4609
5599 972
5599 2709
5599 2800
5599 2920
5599 4492
5599 5386
5614 787
5614 1719
5614 4326
5614 4836
5620 2908
5620 4287
5621 673
5621 694
5621 1188
5621 1874
5621 3920
5622 1318
5622 3193
5622 3304
5622 4105
5632 2310
5632 4070
5632 5296
5677 1314
5677 1825
5677 2266
5677 4464
5677 5214
5683 588
5683 772
5683 863
5683 1142
5683 1764
5683 2202
5683 2925
5683 3055
5683 3187
5683 4015
5683 4273
5683 5260
5686 4085
5686 4176
5686 4222
5686 4644
5686 5222
5686 5262
5694 2079
5694 3032
5694 3837
5694 5325
5728 794
5728 5387
5732 31
5732 434
5732 1133
5732 1380
5732 2583
5732 2586
5740 281
5740 1445
5740 1775
5740 2378
5740 2803
5740 4338
5740 4380
5740 4957
5746 85
5746 123
5746 2123
5746 2501
5746 3310
5747 1405
5747 2744
5747 5306
5758 2918
5758 4381
5758 5124
5758 5537
