1 547
1 1880
1 3165
1 4514
1 5518
4 2898
4 2919
4 4375
4 5236
4 5320
7 1762
7 4942
7 5568
8 582
8 594
8 3857
8 5441
12 443
12 555
12 658
12 700
12 1043
12 1548
12 1781
12 1858
12 2090
12 3339
12 3410
12 3786
12 4569
12 5023
12 5164
12 5428
12 5455
12 5520
15 203
15 472
15 1112
15 1732
15 1733
15 1884
15 2595
15 3036
15 3104
15 3628
15 3633
15 4299
15 4408
15 4873
15 4874
15 5069
15 5207
15 5631
17 924
17 2591
17 4665
17 5627
19 762
19 931
19 1899
19 1916
19 2316
19 2435
19 2598
19 2721
19 3076
19 3155
19 3817
19 4054
19 4417
19 4870
19 5122
19 5414
22 603
22 691
22 1439
22 2451
22 2816
22 2933
22 3966
22 4718
22 4866
23 2995
23 3253
28 694
28 2774
28 4202
31 434
31 1133
31 1380
31 2586
31 5732
43 1077
43 3902
43 3914
43 4193
43 5354
44 841
44 931
44 1004
44 1172
44 1693
44 2361
44 2624
44 2914
44 4108
53 2566
53 5334
53 5750
54 2943
54 4038
54 4356
54 4611
59 115
59 381
59 420
59 2073
59 2224
59 2887
59 3008
59 3051
59 3160
59 3804
59 4129
61 2381
61 5694
62 398
62 521
62 652
62 1780
62 1957
62 2334
62 5355
63 1835
63 1941
63 2811
63 3396
63 5055
64 386
64 1211
64 1331
64 2093
64 2222
64 2471
64 2630
64 3824
64 4132
64 4884
64 5755
68 1124
68 1715
68 3489
68 3530
68 4098
68 4232
68 5043
68 5257
68 5372
73 133
73 1687
73 2370
73 2756
82 1114
82 2063
82 3405
82 3861
82 3970
82 3986
82 4831
83 770
83 804
83 1922
83 3403
83 4288
84 1476
84 2537
84 4208
84 4762
84 5088
84 5277
84 5454
84 5475
85 123
85 624
85 716
85 1213
85 2075
85 2501
85 3310
85 5379
85 5614
94 2762
94 4378
94 5609
99 229
99 507
99 1357
99 1373
99 1533
99 1848
99 2363
99 2704
99 3033
99 3555
99 4156
99 4498
102 3711
102 3719
107 1127
107 3167
107 3659
107 3825
107 4061
110 370
110 720
110 5111
113 330
113 369
113 473
113 1072
113 2394
113 2792
113 3313
113 3955
115 59
115 381
115 420
115 2073
115 2224
115 2887
115 3008
115 3051
115 3160
115 3804
115 4129
123 85
123 1213
123 2501
123 3310
123 5379
133 73
133 1687
133 2370
133 2756
134 1156
134 1752
134 3557
137 347
137 590
137 5387
137 5728
141 182
141 916
141 2314
141 2633
141 3685
141 4024
141 4939
141 5227
168 1932
168 3561
182 141
182 916
182 2633
182 5227
192 668
192 782
192 1828
192 2004
192 2330
192 2456
192 4101
192 4402
194 1128
194 1454
194 2254
194 3049
194 3463
194 4252
194 4849
194 5063
203 15
203 472
203 1112
203 1732
203 1733
203 1884
203 2595
203 3036
203 3104
203 3628
203 3633
203 4299
203 4408
203 4873
203 4874
203 5069
203 5207
203 5631
204 2193
204 2258
204 3521
204 5082
211 593
211 632
211 810
211 2086
211 2509
211 4062
211 4398
225 2014
225 2940
225 4473
226 1009
226 1345
226 2091
226 2094
226 4186
226 4326
226 5192
229 99
229 507
229 1357
229 1373
229 1533
229 1848
229 2363
229 2704
229 3033
229 3555
229 4156
229 4498
235 734
235 2523
235 3070
235 5150
235 5279
237 1032
237 3404
237 3408
237 3745
237 4401
237 5073
237 5083
237 5688
243 608
243 714
243 715
243 1409
243 1769
243 4062
243 4643
243 4797
243 4970
243 5015
243 5396
243 5670
249 583
249 4617
249 4734
252 2482
252 2908
252 4954
252 5620
259 3301
259 4106
259 5596
275 367
275 1298
275 1643
275 1649
275 1895
275 3638
275 5303
275 5510
276 545
276 2121
276 2753
276 3934
276 4416
281 2378
281 2803
281 4338
281 4380
281 4957
281 5740
292 716
292 1107
292 3761
294 1036
294 1500
294 1970
294 2540
294 2656
294 2969
294 3610
294 4622
301 310
301 1456
301 1872
301 2195
301 2937
301 3309
301 3893
301 4142
301 5512
304 3355
304 4200
304 4660
304 4697
304 5087
309 840
309 1096
309 1157
309 1384
309 1876
309 3869
309 4943
310 301
310 1456
310 1872
310 2195
310 2937
310 3309
310 3893
310 4142
310 5512
312 326
312 5163
313 902
313 1087
313 2459
313 3714
313 3763
313 4656
313 5180
316 2483
316 3066
316 3088
326 312
326 5163
330 113
330 369
330 473
330 1072
330 2394
330 2792
330 3313
330 3955
334 1687
334 1841
334 2643
334 3150
334 3410
334 3745
334 3940
334 4692
336 1325
336 1644
336 3033
336 5025
336 5033
341 1978
341 2193
341 2336
341 2616
341 4330
342 533
342 1969
342 2809
342 3024
342 4007
342 4526
342 4717
343 2215
343 4271
346 1070
346 4081
346 4184
346 5049
347 137
347 590
347 5387
347 5728
349 1377
349 2706
352 2108
352 5064
353 1684
353 2151
353 2872
353 3696
353 4137
353 4268
353 5194
367 275
367 1298
367 1643
367 1649
367 1895
367 3638
367 5303
367 5510
369 113
369 330
369 473
369 1072
369 2394
369 2792
369 3313
369 3955
370 110
370 720
370 5111
372 1038
372 1103
372 2129
372 3032
372 3896
372 4467
372 5431
381 59
381 115
381 420
381 2073
381 2224
381 2887
381 3008
381 3051
381 3160
381 3804
381 4129
383 500
383 1389
383 2540
383 3036
383 3173
383 3621
386 64
386 1331
386 2093
386 2222
386 2630
386 4132
391 2393
391 2528
391 2851
393 978
393 2482
393 3036
393 4278
396 3102
396 3198
396 3827
398 62
398 521
398 652
398 1780
398 1957
398 2334
398 5355
401 859
401 973
401 1967
401 5151
404 4252
412 692
412 822
412 2624
412 2895
412 2931
412 3744
412 4433
412 5092
412 5711
420 59
420 115
420 381
420 422
420 804
420 1031
420 1576
420 2073
420 2224
420 2887
420 2961
420 3008
420 3051
420 3160
420 3804
420 4129
422 420
422 804
422 1031
422 1576
422 2961
429 2319
429 5004
429 5038
429 5378
434 31
434 1133
434 1380
434 2586
434 5732
443 12
443 555
443 658
443 700
443 1043
443 1548
443 1781
443 1858
443 2090
443 3339
443 3410
443 3786
443 4569
443 5023
443 5164
443 5428
443 5455
443 5520
462 1006
462 2121
462 3091
462 5118
463 5051
463 5528
472 15
472 203
472 1112
472 1732
472 1733
472 1884
472 2595
472 2756
472 3036
472 3104
472 3410
472 3503
472 3628
472 3633
472 4031
472 4299
472 4408
472 4873
472 4874
472 5069
472 5207
472 5631
473 113
473 330
473 369
473 1072
473 2394
473 2792
473 3313
473 3955
479 1114
479 3140
479 3865
479 4255
484 620
484 701
484 1568
484 1817
484 2438
484 3047
484 3342
484 4746
484 5411
495 2155
495 2230
495 3404
495 3854
495 3884
495 4154
495 5248
496 1196
496 1460
496 2324
496 2620
496 3534
496 4174
496 5521
500 383
500 1389
500 2540
500 3036
500 3173
500 3621
507 99
507 229
507 1357
507 1373
507 1533
507 1848
507 2363
507 2704
507 3033
507 3555
507 4156
507 4498
521 62
521 398
521 652
521 1780
521 1957
521 2334
521 5355
533 342
533 1969
533 2809
533 3024
533 4007
533 4526
533 4717
545 276
545 2121
545 2753
545 3934
545 4416
546 3314
546 4616
547 1
547 1880
547 3165
547 4514
547 5518
553 826
553 893
553 931
553 1315
553 1323
553 1783
553 2028
553 3266
553 3499
553 3680
553 5226
553 5324
553 5382
555 12
555 443
555 637
555 658
555 700
555 758
555 863
555 1043
555 1337
555 1548
555 1646
555 1781
555 1844
555 1858
555 2090
555 3339
555 3410
555 3786
555 4569
555 5023
555 5164
555 5428
555 5455
555 5520
575 3269
575 5420
576 1585
576 2169
576 2406
577 2932
577 4075
577 5759
578 644
578 1379
578 2930
578 2970
578 3295
578 3716
578 4120
578 5171
578 5211
582 8
582 594
582 3857
582 5441
583 249
583 4617
583 4734
588 772
588 863
588 1142
588 2202
588 3055
588 4015
588 4017
588 4252
588 4273
588 5260
588 5683
590 137
590 347
590 5387
590 5728
591 640
591 5064
591 5509
593 211
593 632
593 810
593 2086
593 2509
593 3671
593 4062
593 4398
593 4933
593 5015
593 5498
594 8
594 582
594 3857
594 5441
603 22
603 691
603 1439
603 2451
603 2816
603 2933
603 3966
603 4718
603 4866
607 1464
607 4959
608 243
608 714
608 715
608 1409
608 1769
608 4062
608 4643
608 4797
608 4970
608 5015
608 5396
608 5670
616 1221
616 1969
616 2367
616 2523
616 5133
620 484
620 701
620 1568
620 1817
620 2438
620 3047
620 3342
620 4746
620 5411
624 85
624 716
624 2075
624 5614
632 211
632 593
632 810
632 2086
632 2509
632 4062
632 4398
637 555
637 758
637 863
637 1337
637 1646
637 1844
640 591
640 901
640 2556
640 2843
640 4065
640 5064
640 5482
640 5509
644 578
644 1379
644 2930
644 2970
644 3295
644 3716
644 4120
644 5171
644 5211
646 2430
646 4937
647 3193
647 3894
647 4269
647 4330
647 5488
652 62
652 398
652 521
652 1780
652 1957
652 2334
652 5355
656 3882
656 4242
656 4632
658 12
658 443
658 555
658 700
658 1043
658 1548
658 1781
658 1858
658 2090
658 3339
658 3410
658 3786
658 4569
658 5023
658 5164
658 5428
658 5455
658 5520
661 1717
661 3499
661 3875
661 4515
661 5128
666 1322
666 2043
668 192
668 782
668 1828
668 2004
668 2330
668 2456
668 4101
668 4402
673 867
673 1188
673 3761
673 3920
675 1328
675 1840
675 3296
675 4282
691 22
691 603
691 814
691 841
691 1425
691 1439
691 1920
691 2451
691 2816
691 2933
691 3488
691 3966
691 4113
691 4718
691 4866
692 412
692 822
692 2624
692 2895
692 2931
692 3744
692 4433
692 5092
692 5711
694 28
694 1590
694 2340
694 2734
694 2774
694 3815
694 4202
694 4677
697 931
697 1570
697 2125
697 4082
697 4894
700 12
700 443
700 555
700 658
700 1043
700 1548
700 1781
700 1858
700 2090
700 3339
700 3410
700 3786
700 4569
700 5023
700 5164
700 5428
700 5455
700 5520
701 484
701 620
701 1568
701 1817
701 2438
701 3047
701 3342
701 4746
701 5411
707 974
707 1027
707 1088
707 2365
707 2533
707 2923
707 3951
707 5032
707 5568
714 243
714 608
714 715
714 934
714 984
714 1106
714 1171
714 1409
714 1769
714 2643
714 2752
714 2772
714 3043
714 3474
714 4062
714 4472
714 4643
714 4743
714 4797
714 4880
714 4894
714 4970
714 5015
714 5129
714 5274
714 5396
714 5670
714 5712
715 243
715 608
715 714
715 1409
715 1769
715 4062
715 4643
715 4797
715 4970
715 5015
715 5396
715 5670
716 85
716 292
716 624
716 1107
716 2075
716 3761
716 5614
720 110
720 370
720 5111
726 909
726 1543
726 1559
726 2109
726 5149
726 5409
728 1462
728 2721
728 3075
728 4491
732 1346
732 2747
732 2950
732 4313
732 4870
734 235
734 2523
734 3070
734 5150
734 5279
752 1638
752 2719
752 4302
752 4351
752 4369
754 3842
754 5044
758 555
758 637
758 863
758 1337
758 1646
758 1844
762 19
762 931
762 1899
762 1916
762 2316
762 2435
762 2598
762 2721
762 3076
762 3155
762 3817
762 4054
762 4417
762 4870
762 5122
762 5414
763 3326
763 4447
763 5205
767 1300
767 1452
767 1797
767 2090
767 2673
767 2702
767 3018
767 3027
767 3054
767 3369
767 3503
767 4517
770 83
770 804
770 1922
770 3403
770 4288
772 588
772 863
772 1142
772 2202
772 3055
772 4015
772 4017
772 4252
772 4273
772 5260
772 5683
776 2365
776 2398
776 5446
780 1120
780 2398
780 2466
780 4250
780 4851
780 5572
782 192
782 668
782 1828
782 2004
782 2330
782 2456
782 4101
782 4402
785 2310
785 2929
785 3544
785 4531
787 4326
787 4836
787 5614
797 3394
797 3827
797 4072
804 83
804 420
804 422
804 770
804 1031
804 1576
804 1922
804 2961
804 3403
804 4288
808 1042
808 1095
808 2400
808 3363
809 889
809 1498
809 1529
809 4678
809 5313
810 211
810 593
810 632
810 2086
810 2509
810 4062
810 4398
813 4855
813 5328
813 5401
814 691
814 841
814 1425
814 1920
814 3488
814 4113
822 412
822 692
822 2624
822 2895
822 2931
822 3744
822 4433
822 5092
822 5711
826 553
826 931
826 1323
826 1783
826 3499
826 5226
826 5382
829 1256
829 1296
829 1615
829 1694
829 1760
829 1814
829 1959
829 2295
829 2361
829 3251
829 3988
829 4563
829 5158
829 5183
840 309
840 1096
840 1157
840 1384
840 1719
840 1876
840 2715
840 3869
840 4943
841 44
841 691
841 814
841 931
841 1004
841 1172
841 1425
841 1693
841 1920
841 2361
841 2624
841 2914
841 3488
841 4108
841 4113
859 401
859 973
859 1967
859 5151
863 555
863 588
863 637
863 758
863 772
863 1142
863 1337
863 1646
863 1844
863 2202
863 3055
863 4015
863 4017
863 4252
863 4273
863 5260
863 5683
867 673
867 1188
867 3761
867 3920
888 1039
888 1311
888 2333
888 4534
888 4638
888 5304
889 809
889 1498
889 1529
889 4678
889 5313
893 553
893 1315
893 2028
893 3266
893 3680
893 5324
901 640
901 2556
901 2843
901 4065
901 5482
902 313
902 1087
902 2459
902 3714
902 3763
902 4432
902 4656
902 4870
902 5180
902 5398
905 3278
905 3392
905 3393
905 4414
905 5467
907 2349
907 4226
909 726
909 1543
909 1559
909 2109
909 5149
909 5409
916 141
916 182
916 2633
916 5227
924 17
924 2591
924 4665
924 5627
931 19
931 44
931 553
931 697
931 762
931 826
931 841
931 1004
931 1172
931 1323
931 1570
931 1693
931 1783
931 1899
931 1916
931 2125
931 2316
931 2361
931 2435
931 2598
931 2624
931 2721
931 2914
931 3076
931 3155
931 3499
931 3817
931 4054
931 4082
931 4108
931 4417
931 4870
931 4894
931 5122
931 5226
931 5382
931 5414
934 714
934 984
934 2772
934 4472
934 4894
934 5129
946 1219
946 1981
946 2683
972 1953
972 2828
972 4113
972 4168
972 4554
972 4665
972 4790
972 4791
972 5599
973 401
973 859
973 1967
973 5151
974 707
974 1027
974 1088
974 2533
974 5032
978 393
978 2482
978 3036
978 4278
984 714
984 934
984 2772
984 4472
984 4894
984 5129
990 1827
990 2669
990 3282
990 3763
990 5450
992 1358
992 1914
1001 1275
1001 3879
1001 4404
1001 4752
1001 4791
1001 4838
1001 4954
1001 5511
1002 1547
1002 2024
1002 2913
1002 3319
1002 3341
1002 3932
1002 5467
1004 44
1004 841
1004 931
1004 1172
1004 1693
1004 2361
1004 2624
1004 2914
1004 4108
1006 462
1006 2121
1006 3091
1006 5118
1009 226
1009 1345
1009 2094
1009 4186
1023 3137
1023 3852
1023 4954
1023 5514
1025 1053
1025 3178
1025 3333
1025 5085
1025 5376
1027 707
1027 974
1027 1088
1027 2533
1027 5032
1031 420
1031 422
1031 804
1031 1576
1031 2961
1032 237
1032 3404
1032 3408
1032 3745
1032 4401
1032 5073
1032 5083
1032 5688
1036 294
1036 1500
1036 1970
1036 2540
1036 2656
1036 2969
1036 3610
1036 4622
1038 372
1038 1103
1038 2129
1038 3896
1038 4467
1039 888
1039 1311
1039 2333
1039 4534
1039 4638
1039 5304
1042 808
1042 1095
1042 2400
1042 3363
1043 12
1043 443
1043 555
1043 658
1043 700
1043 1548
1043 1781
1043 1858
1043 2090
1043 3339
1043 3410
1043 3786
1043 4569
1043 5023
1043 5164
1043 5428
1043 5455
1043 5520
1047 2744
1047 5747
1053 1025
1053 3178
1053 3333
1053 5085
1053 5376
1070 346
1070 4081
1070 4184
1070 5049
1072 113
1072 330
1072 369
1072 473
1072 2394
1072 2792
1072 3313
1072 3955
1077 43
1077 3902
1077 3914
1077 4193
1077 5354
1078 3132
1078 5365
1087 313
1087 902
1087 3714
1087 4656
1088 707
1088 974
1088 1027
1088 2533
1088 5032
1095 808
1095 1042
1095 2400
1095 3363
1096 309
1096 840
1096 1157
1096 1384
1096 1876
1096 3869
1096 4943
1103 372
1103 1038
1103 2129
1103 3896
1103 4467
1106 714
1106 1171
1106 2370
1106 2643
1106 2752
1106 2760
1106 3474
1106 4691
1106 5069
1106 5274
1107 292
1107 716
1107 3761
1112 15
1112 203
1112 472
1112 1732
1112 1733
1112 1884
1112 2595
1112 3036
1112 3104
1112 3628
1112 3633
1112 4299
1112 4408
1112 4873
1112 4874
1112 5069
1112 5207
1112 5631
1114 82
1114 479
1114 1932
1114 2063
1114 2826
1114 3028
1114 3140
1114 3405
1114 3861
1114 3865
1114 3970
1114 3986
1114 4255
1114 4677
1114 4831
1119 1755
1119 4357
1119 5134
1120 780
1120 2398
1120 2466
1120 4250
1120 4851
1120 5572
1124 68
1124 1715
1124 3489
1124 3530
1124 4098
1124 4232
1124 5043
1124 5257
1124 5372
1127 107
1127 3167
1127 3659
1127 3825
1127 4061
1128 194
1128 1454
1128 2254
1128 3049
1128 3463
1128 4252
1128 4849
1128 5063
1133 31
1133 434
1133 1380
1133 2586
1133 5732
1142 588
1142 772
1142 863
1142 2202
1142 3055
1142 4015
1142 4017
1142 4252
1142 4273
1142 5260
1142 5683
1145 2308
1145 3807
1145 5284
1153 1839
1153 3353
1153 3488
1153 4031
1156 134
1156 1752
1156 3557
1157 309
1157 840
1157 1096
1157 1384
1157 1876
1157 3869
1157 4943
1158 2170
1158 4044
1161 1174
1161 2441
1161 2480
1161 3695
1161 4085
1161 5278
1161 5371
1163 1473
1163 2364
1171 714
1171 1106
1171 2643
1171 2752
1171 3474
1171 5274
1172 44
1172 841
1172 931
1172 1004
1172 1693
1172 2361
1172 2624
1172 2914
1172 4108
1174 1161
1174 2441
1174 2480
1174 3695
1174 4085
1174 5278
1174 5371
1187 3636
1188 673
1188 867
1188 3761
1188 3920
1196 496
1196 1460
1196 2324
1196 2620
1196 3534
1196 4174
1196 5521
1211 64
1211 2471
1213 85
1213 123
1213 2501
1213 3310
1213 5379
1216 1594
1216 2762
1216 3193
1216 5622
1219 946
1219 1981
1219 2683
1220 3074
1220 3128
1220 4127
1220 5166
1220 5319
1221 616
1221 1969
1221 2219
1221 2367
1221 2523
1221 4442
1221 5028
1221 5133
1241 1470
1241 1687
1241 2509
1241 2898
1241 3130
1256 829
1256 1615
1256 1814
1256 2295
1256 2361
1256 3251
1256 3988
1256 5158
1271 2447
1271 5373
1275 1001
1275 4404
1275 4838
1275 4954
1296 829
1296 1694
1296 1760
1296 1959
1296 4563
1296 5183
1298 275
1298 367
1298 1643
1298 1649
1298 1895
1298 3638
1298 5303
1298 5510
1300 767
1300 1797
1300 2673
1304 2084
1304 3071
1304 3446
1304 3817
1304 4955
1311 888
1311 1039
1311 2333
1311 4534
1311 4638
1311 5304
1314 1793
1314 1825
1314 2266
1314 4464
1315 553
1315 893
1315 2028
1315 3266
1315 3680
1315 5324
1322 666
1322 2043
1323 553
1323 826
1323 931
1323 1783
1323 3499
1323 5226
1323 5382
1325 336
1325 1357
1325 1644
1325 3033
1325 5025
1325 5033
1325 5557
1326 1767
1326 5381
1326 5412
1326 5473
1328 675
1328 1840
1328 3296
1328 4282
1331 64
1331 386
1331 2093
1331 2222
1331 2630
1331 4132
1337 555
1337 637
1337 758
1337 863
1337 1646
1337 1844
1345 226
1345 1009
1345 2094
1345 4186
1346 732
1346 2747
1346 2950
1346 4313
1346 4870
1357 99
1357 229
1357 507
1357 1325
1357 1373
1357 1533
1357 1848
1357 2363
1357 2704
1357 3033
1357 3555
1357 3621
1357 3852
1357 4156
1357 4186
1357 4498
1357 5557
1358 992
1358 1914
1370 4451
1370 5481
1373 99
1373 229
1373 507
1373 1357
1373 1533
1373 1848
1373 2363
1373 2704
1373 3033
1373 3555
1373 4156
1373 4498
1377 349
1377 2706
1379 578
1379 644
1379 2930
1379 2970
1379 3295
1379 3716
1379 4120
1379 5171
1379 5211
1380 31
1380 434
1380 1133
1380 2586
1380 5732
1381 1595
1381 1960
1381 2404
1381 2557
1381 3543
1381 3929
1381 4212
1381 4606
1381 4880
1381 5677
1384 309
1384 840
1384 1096
1384 1157
1384 1876
1384 3869
1384 4943
1385 4270
1385 5424
1389 383
1389 500
1389 2540
1389 3036
1389 3173
1389 3621
1392 2683
1392 5401
1394 1912
1394 4294
1394 5445
1394 5566
1395 4262
1395 5080
1409 243
1409 608
1409 714
1409 715
1409 1769
1409 4062
1409 4643
1409 4797
1409 4970
1409 5015
1409 5396
1409 5670
1425 691
1425 814
1425 841
1425 1920
1425 3488
1425 4113
1425 4503
1425 5506
1439 22
1439 603
1439 691
1439 2451
1439 2816
1439 2933
1439 3966
1439 4718
1439 4866
1452 767
1452 3018
1452 3027
1452 3054
1452 3503
1454 194
1454 1128
1454 2254
1454 3049
1454 3463
1454 4252
1454 4849
1454 5063
1456 301
1456 310
1456 1872
1456 2195
1456 2937
1456 3309
1456 3893
1456 4142
1456 5512
1460 496
1460 1196
1460 2324
1460 2620
1460 3534
1460 4174
1460 5521
1462 728
1462 2721
1462 3075
1462 4491
1464 607
1464 4959
1470 1241
1470 1687
1470 2509
1470 2898
1470 3130
1473 1163
1473 2364
1476 84
1476 2537
1476 4208
1476 4762
1476 5088
1476 5277
1476 5454
1476 5475
1486 1550
1486 3217
1486 4049
1489 2606
1489 3350
1489 3427
1489 3592
1498 809
1498 889
1498 1529
1498 4678
1498 5313
1500 294
1500 1036
1500 1970
1500 2540
1500 2656
1500 2969
1500 3610
1500 4622
1506 1743
1506 2437
1506 5291
1519 3087
1519 3532
1519 4219
1524 3994
1524 4562
1524 4625
1524 5075
1529 809
1529 889
1529 1498
1529 4678
1529 5313
1533 99
1533 229
1533 507
1533 1357
1533 1373
1533 1848
1533 2363
1533 2704
1533 3033
1533 3555
1533 4156
1533 4498
1537 4920
1537 4975
1537 5042
1537 5583
1542 1877
1542 2753
1542 2766
1542 3604
1542 4429
1542 4470
1542 5172
1543 726
1543 909
1543 1559
1543 2109
1543 5149
1543 5409
1547 1002
1547 2024
1547 2913
1547 3319
1547 3341
1547 3932
1547 5467
1548 12
1548 443
1548 555
1548 658
1548 700
1548 1043
1548 1781
1548 1858
1548 2090
1548 3339
1548 3410
1548 3786
1548 4569
1548 5023
1548 5164
1548 5428
1548 5455
1548 5520
1550 1486
1550 3217
1550 4049
1557 2520
1557 2886
1557 3391
1557 3985
1557 4053
1557 4093
1557 5480
1557 5540
1557 5679
1559 726
1559 909
1559 1543
1559 2109
1559 5149
1559 5409
1568 484
1568 620
1568 701
1568 1817
1568 2438
1568 3047
1568 3342
1568 4746
1568 5411
1570 697
1570 931
1570 2125
1570 4082
1570 4894
1576 420
1576 422
1576 804
1576 1031
1576 2961
1585 576
1585 2169
1585 2406
1590 694
1590 2340
1590 2734
1590 3815
1590 4677
1594 1216
1594 2762
1594 3193
1594 5622
1595 1381
1595 2557
1595 4212
1595 4606
1595 4880
1595 5677
1606 4000
1606 4619
1606 4640
1615 829
1615 1256
1615 1814
1615 2295
1615 2361
1615 3251
1615 3988
1615 5158
1619 3872
1619 5160
1636 4061
1636 5132
1638 752
1638 2719
1638 4302
1638 4351
1638 4369
1643 275
1643 367
1643 1298
1643 1649
1643 1895
1643 3638
1643 5303
1643 5510
1644 336
1644 1325
1644 3033
1644 5025
1644 5033
1646 555
1646 637
1646 758
1646 863
1646 1337
1646 1844
1648 1970
1648 3171
1648 3224
1648 4051
1648 4154
1648 5073
1649 275
1649 367
1649 1298
1649 1643
1649 1895
1649 3638
1649 5303
1649 5510
1671 4176
1671 5018
1684 353
1684 2151
1684 2872
1684 3696
1684 4137
1684 4268
1684 5194
1687 73
1687 133
1687 334
1687 1241
1687 1470
1687 1841
1687 2370
1687 2509
1687 2643
1687 2756
1687 2898
1687 3130
1687 3150
1687 3410
1687 3745
1687 3940
1687 4692
1693 44
1693 841
1693 931
1693 1004
1693 1172
1693 2361
1693 2624
1693 2914
1693 4108
1694 829
1694 1296
1694 1760
1694 1959
1694 4563
1694 5183
1696 4951
1715 68
1715 1124
1715 3489
1715 3530
1715 4098
1715 4232
1715 5043
1715 5257
1715 5372
1717 661
1717 3499
1717 3875
1717 4515
1717 5128
1719 840
1719 2715
1723 1953
1723 4013
1732 15
1732 203
1732 472
1732 1112
1732 1733
1732 1884
1732 2595
1732 3036
1732 3104
1732 3628
1732 3633
1732 4299
1732 4408
1732 4873
1732 4874
1732 5069
1732 5207
1732 5631
1733 15
1733 203
1733 472
1733 1112
1733 1732
1733 1884
1733 2595
1733 3036
1733 3104
1733 3628
1733 3633
1733 4299
1733 4408
1733 4873
1733 4874
1733 5069
1733 5207
1733 5631
1743 1506
1743 2437
1743 5291
1750 3777
1750 4287
1750 4511
1752 134
1752 1156
1752 3557
1755 1119
1755 4357
1755 5134
1760 829
1760 1296
1760 1694
1760 1959
1760 4563
1760 5183
1762 7
1762 4942
1762 5568
1767 1326
1767 5381
1767 5412
1767 5473
1769 243
1769 608
1769 714
1769 715
1769 1409
1769 4062
1769 4643
1769 4797
1769 4970
1769 5015
1769 5396
1769 5670
1772 3181
1772 3622
1772 4339
1772 5125
1772 5444
1780 62
1780 398
1780 521
1780 652
1780 1957
1780 2334
1780 5355
1781 12
1781 443
1781 555
1781 658
1781 700
1781 1043
1781 1548
1781 1858
1781 2090
1781 3339
1781 3410
1781 3786
1781 4569
1781 5023
1781 5164
1781 5428
1781 5455
1781 5520
1783 553
1783 826
1783 931
1783 1323
1783 3499
1783 5226
1783 5382
1793 1314
1793 1825
1793 2266
1793 4464
1797 767
1797 1300
1797 2673
1809 1983
1809 2075
1814 829
1814 1256
1814 1615
1814 2295
1814 2361
1814 3251
1814 3988
1814 5158
1817 484
1817 620
1817 701
1817 1568
1817 2438
1817 3047
1817 3342
1817 4746
1817 5411
1823 4186
1823 4713
1823 4720
1823 5133
1825 1314
1825 1793
1825 2266
1825 4464
1827 990
1827 2669
1827 3282
1827 3763
1827 5450
1828 192
1828 668
1828 782
1828 2004
1828 2330
1828 2456
1828 4101
1828 4402
1833 2032
1833 4388
1835 63
1835 1941
1835 2811
1835 3396
1835 5055
1839 1153
1839 3353
1839 3488
1839 4031
1840 675
1840 1328
1840 3296
1840 4282
1841 334
1841 1687
1841 2643
1841 3150
1841 3410
1841 3745
1841 3940
1841 4692
1842 2448
1842 2641
1842 3158
1842 3565
1842 4267
1842 4488
1842 4516
1842 5464
1844 555
1844 637
1844 758
1844 863
1844 1337
1844 1646
1848 99
1848 229
1848 507
1848 1357
1848 1373
1848 1533
1848 2363
1848 2704
1848 3033
1848 3555
1848 4156
1848 4498
1858 12
1858 443
1858 555
1858 658
1858 700
1858 1043
1858 1548
1858 1781
1858 2090
1858 3339
1858 3410
1858 3786
1858 4569
1858 5023
1858 5164
1858 5428
1858 5455
1858 5520
1872 301
1872 310
1872 1456
1872 2195
1872 2937
1872 3309
1872 3893
1872 4142
1872 5512
1876 309
1876 840
1876 1096
1876 1157
1876 1384
1876 3869
1876 4943
1877 1542
1877 2753
1877 2766
1877 3604
1877 4429
1877 4470
1877 5172
1880 1
1880 547
1880 3165
1880 4514
1880 5518
1884 15
1884 203
1884 472
1884 1112
1884 1732
1884 1733
1884 2595
1884 3036
1884 3104
1884 3628
1884 3633
1884 4299
1884 4408
1884 4873
1884 4874
1884 5069
1884 5207
1884 5631
1893 2358
1893 2724
1895 275
1895 367
1895 1298
1895 1643
1895 1649
1895 3638
1895 5303
1895 5510
1899 19
1899 762
1899 931
1899 1916
1899 2316
1899 2435
1899 2598
1899 2721
1899 3076
1899 3155
1899 3817
1899 4054
1899 4417
1899 4870
1899 5122
1899 5414
1906 2192
1906 3958
1906 4039
1906 4355
1906 4568
1906 4894
1906 5205
1912 1394
1912 4294
1912 5445
1912 5566
1914 992
1914 1358
1916 19
1916 762
1916 931
1916 1899
1916 2316
1916 2435
1916 2598
1916 2721
1916 3076
1916 3155
1916 3817
1916 4054
1916 4417
1916 4870
1916 5122
1916 5414
1920 691
1920 814
1920 841
1920 1425
1920 3488
1920 4113
1922 83
1922 770
1922 804
1922 3403
1922 4288
1932 168
1932 1114
1932 2826
1932 3028
1932 3561
1932 4677
1939 2630
1939 2674
1939 4187
1941 63
1941 1835
1941 2811
1941 3396
1941 5055
1948 4644
1948 4911
1948 5168
1948 5222
1948 5262
1953 972
1953 1723
1953 2828
1953 4013
1953 4113
1953 4554
1957 62
1957 398
1957 521
1957 652
1957 1780
1957 2334
1957 5355
1959 829
1959 1296
1959 1694
1959 1760
1959 4563
1959 5183
1960 1381
1960 2404
1960 3137
1960 3301
1960 3543
1960 3929
1960 4280
1960 5225
1960 5245
1967 401
1967 859
1967 973
1967 5151
1969 342
1969 533
1969 616
1969 1221
1969 2367
1969 2523
1969 2809
1969 3024
1969 4007
1969 4526
1969 4717
1969 5133
1970 294
1970 1036
1970 1500
1970 1648
1970 2540
1970 2656
1970 2969
1970 3171
1970 3224
1970 3610
1970 4051
1970 4154
1970 4622
1970 5073
1978 341
1978 2193
1978 2336
1978 2616
1978 4330
1981 946
1981 1219
1981 2683
1983 1809
1983 2075
1984 2228
1984 3817
1984 4925
1984 5022
2004 192
2004 668
2004 782
2004 1828
2004 2330
2004 2456
2004 4101
2004 4402
2014 225
2014 2940
2014 4473
2024 1002
2024 1547
2024 2913
2024 3319
2024 3341
2024 3932
2024 5467
2028 553
2028 893
2028 1315
2028 3266
2028 3680
2028 5324
2032 1833
2032 4388
2043 666
2043 1322
2063 82
2063 1114
2063 3405
2063 3861
2063 3970
2063 3986
2063 4831
2073 59
2073 115
2073 381
2073 420
2073 2224
2073 2887
2073 3008
2073 3051
2073 3160
2073 3804
2073 4020
2073 4021
2073 4129
2073 4639
2075 85
2075 624
2075 716
2075 1809
2075 1983
2075 5614
2084 1304
2084 3071
2084 3446
2084 3817
2084 4955
2086 211
2086 593
2086 632
2086 810
2086 2509
2086 4062
2086 4398
2090 12
2090 443
2090 555
2090 658
2090 700
2090 767
2090 1043
2090 1548
2090 1781
2090 1858
2090 2702
2090 3339
2090 3369
2090 3410
2090 3786
2090 4517
2090 4569
2090 5023
2090 5164
2090 5428
2090 5455
2090 5520
2091 226
2091 4326
2091 5192
2093 64
2093 386
2093 1331
2093 2222
2093 2630
2093 4132
2094 226
2094 1009
2094 1345
2094 4186
2108 352
2108 5064
2109 726
2109 909
2109 1543
2109 1559
2109 5149
2109 5409
2117 2594
2117 5432
2117 5585
2121 276
2121 462
2121 545
2121 1006
2121 2753
2121 3091
2121 3934
2121 4416
2121 5118
2125 697
2125 931
2125 1570
2125 4082
2125 4894
2129 372
2129 1038
2129 1103
2129 3896
2129 4467
2151 353
2151 1684
2151 2872
2151 3696
2151 4137
2151 4268
2151 5194
2155 495
2155 2230
2155 3404
2155 3854
2155 3884
2155 4154
2155 5248
2169 576
2169 1585
2169 2406
2170 1158
2170 4044
2192 1906
2192 3958
2192 4039
2192 4355
2192 4568
2192 4894
2192 5205
2193 204
2193 341
2193 1978
2193 2258
2193 2336
2193 2616
2193 3521
2193 4330
2193 5082
2195 301
2195 310
2195 1456
2195 1872
2195 2937
2195 3309
2195 3893
2195 4142
2195 5512
2202 588
2202 772
2202 863
2202 1142
2202 3055
2202 4015
2202 4017
2202 4252
2202 4273
2202 5260
2202 5683
2213 2645
2213 3119
2213 4076
2213 4706
2215 343
2215 4271
2216 2424
2216 2935
2216 3115
2216 3522
2216 4003
2216 4157
2219 1221
2219 4442
2219 5028
2222 64
2222 386
2222 1331
2222 2093
2222 2630
2222 4132
2224 59
2224 115
2224 381
2224 420
2224 2073
2224 2887
2224 3008
2224 3051
2224 3160
2224 3804
2224 4129
2225 2786
2225 4377
2228 1984
2228 3817
2228 4925
2228 5022
2230 495
2230 2155
2230 3404
2230 3854
2230 3884
2230 4154
2230 5248
2254 194
2254 1128
2254 1454
2254 3049
2254 3463
2254 4252
2254 4849
2254 5063
2258 204
2258 2193
2258 3521
2258 5082
2266 1314
2266 1793
2266 1825
2266 4464
2295 829
2295 1256
2295 1615
2295 1814
2295 2361
2295 2381
2295 3251
2295 3300
2295 3988
2295 5158
2295 5694
2299 2577
2299 3545
2299 5610
2308 1145
2308 3807
2308 5284
2310 785
2310 2929
2310 3308
2310 3379
2310 3544
2310 4531
2311 4264
2311 4346
2311 4436
2311 5370
2314 141
2314 2633
2314 3685
2314 4024
2314 4939
2316 19
2316 762
2316 931
2316 1899
2316 1916
2316 2435
2316 2598
2316 2721
2316 3076
2316 3155
2316 3817
2316 4054
2316 4417
2316 4870
2316 5122
2316 5414
2319 429
2319 5004
2319 5038
2319 5378
2324 496
2324 1196
2324 1460
2324 2620
2324 3534
2324 4174
2324 4535
2324 5205
2324 5229
2324 5521
2330 192
2330 668
2330 782
2330 1828
2330 2004
2330 2456
2330 4101
2330 4402
2332 2687
2332 4444
2332 5270
2332 5484
2333 888
2333 1039
2333 1311
2333 4534
2333 4638
2333 5304
2334 62
2334 398
2334 521
2334 652
2334 1780
2334 1957
2334 5355
2336 341
2336 1978
2336 2193
2336 2616
2336 4330
2340 694
2340 1590
2340 2734
2340 3815
2340 4677
2349 907
2349 4226
2358 1893
2358 2724
2361 44
2361 829
2361 841
2361 931
2361 1004
2361 1172
2361 1256
2361 1615
2361 1693
2361 1814
2361 2295
2361 2624
2361 2914
2361 3251
2361 3988
2361 4108
2361 5158
2363 99
2363 229
2363 507
2363 1357
2363 1373
2363 1533
2363 1848
2363 2704
2363 3033
2363 3555
2363 4156
2363 4498
2364 1163
2364 1473
2365 707
2365 776
2365 2398
2365 2923
2365 3951
2365 5446
2365 5568
2367 616
2367 1221
2367 1969
2367 2523
2367 5133
2370 73
2370 133
2370 1106
2370 1687
2370 2756
2370 2760
2370 4691
2370 5069
2378 281
2378 2803
2378 4338
2378 4380
2378 4957
2378 5740
2381 61
2381 2295
2381 3300
2381 5694
2393 391
2393 2528
2393 2851
2394 113
2394 330
2394 369
2394 473
2394 1072
2394 2792
2394 3313
2394 3955
2396 4896
2396 5380
2398 776
2398 780
2398 1120
2398 2365
2398 2466
2398 4250
2398 4851
2398 5446
2398 5572
2400 808
2400 1042
2400 1095
2400 3363
2403 3285
2403 5550
2404 1381
2404 1960
2404 3543
2404 3929
2406 576
2406 1585
2406 2169
2424 2216
2424 2935
2424 3115
2424 3522
2424 4003
2424 4157
2430 646
2430 4937
2432 2611
2432 3366
2432 4100
2432 5258
2435 19
2435 762
2435 931
2435 1899
2435 1916
2435 2316
2435 2598
2435 2721
2435 3076
2435 3155
2435 3817
2435 4054
2435 4318
2435 4417
2435 4870
2435 5091
2435 5122
2435 5414
2437 1506
2437 1743
2437 5291
2438 484
2438 620
2438 701
2438 1568
2438 1817
2438 3047
2438 3342
2438 4746
2438 5411
2441 1161
2441 1174
2441 2480
2441 3695
2441 4085
2441 5278
2441 5371
2446 3806
2446 4295
2446 4649
2446 5574
2447 1271
2447 5373
2448 1842
2448 2641
2448 3158
2448 3565
2448 4267
2448 4488
2448 4516
2448 5464
2451 22
2451 603
2451 691
2451 1439
2451 2816
2451 2933
2451 3966
2451 4718
2451 4866
2456 192
2456 668
2456 782
2456 1828
2456 2004
2456 2330
2456 4101
2456 4402
2459 313
2459 902
2459 3763
2459 5180
2463 3044
2463 4146
2463 4645
2463 4880
2463 5080
2463 5225
2466 780
2466 1120
2466 2398
2466 4250
2466 4851
2466 5572
2471 64
2471 1211
2471 3824
2471 4884
2471 5755
2480 1161
2480 1174
2480 2441
2480 3695
2480 4085
2480 5278
2480 5371
2482 252
2482 393
2482 978
2482 2908
2482 3036
2482 4278
2482 4954
2482 5620
2483 316
2483 3066
2483 3088
2501 85
2501 123
2501 1213
2501 3310
2501 5379
2509 211
2509 593
2509 632
2509 810
2509 1241
2509 1470
2509 1687
2509 2086
2509 2898
2509 3130
2509 4062
2509 4398
2520 1557
2520 2886
2520 3391
2520 3985
2520 4053
2520 4093
2520 5480
2520 5540
2520 5679
2523 235
2523 616
2523 734
2523 1221
2523 1969
2523 2367
2523 3070
2523 5133
2523 5150
2523 5279
2528 391
2528 2393
2528 2851
2533 707
2533 974
2533 1027
2533 1088
2533 5032
2537 84
2537 1476
2537 4208
2537 4762
2537 5088
2537 5277
2537 5454
2537 5475
2540 294
2540 383
2540 500
2540 1036
2540 1389
2540 1500
2540 1970
2540 2656
2540 2969
2540 3036
2540 3173
2540 3610
2540 3621
2540 4622
2556 640
2556 901
2556 2843
2556 4065
2556 5482
2557 1381
2557 1595
2557 4212
2557 4606
2557 4880
2557 5677
2563 3964
2563 4363
2563 4600
2566 53
2566 5334
2566 5750
2577 2299
2577 3545
2577 5610
2586 31
2586 434
2586 1133
2586 1380
2586 5732
2591 17
2591 924
2591 4665
2591 5627
2594 2117
2594 5432
2594 5585
2595 15
2595 203
2595 472
2595 1112
2595 1732
2595 1733
2595 1884
2595 3036
2595 3104
2595 3628
2595 3633
2595 4299
2595 4408
2595 4873
2595 4874
2595 5069
2595 5207
2595 5631
2598 19
2598 762
2598 931
2598 1899
2598 1916
2598 2316
2598 2435
2598 2721
2598 3076
2598 3155
2598 3817
2598 4054
2598 4417
2598 4870
2598 5122
2598 5414
2606 1489
2606 3350
2606 3427
2606 3592
2611 2432
2611 3366
2611 4100
2611 5258
2616 341
2616 1978
2616 2193
2616 2336
2616 4330
2620 496
2620 1196
2620 1460
2620 2324
2620 3534
2620 4174
2620 5521
2624 44
2624 412
2624 692
2624 822
2624 841
2624 931
2624 1004
2624 1172
2624 1693
2624 2361
2624 2895
2624 2914
2624 2931
2624 3744
2624 4108
2624 4433
2624 5092
2624 5711
2626 3850
2626 4579
2626 5235
2630 64
2630 386
2630 1331
2630 1939
2630 2093
2630 2222
2630 2674
2630 4132
2630 4187
2633 141
2633 182
2633 916
2633 2314
2633 3685
2633 4024
2633 4939
2633 5227
2641 1842
2641 2448
2641 3158
2641 3565
2641 4267
2641 4488
2641 4516
2641 5464
2643 334
2643 714
2643 1106
2643 1171
2643 1687
2643 1841
2643 2752
2643 3150
2643 3410
2643 3474
2643 3745
2643 3940
2643 4692
2643 5274
2645 2213
2645 3119
2645 4076
2645 4706
2656 294
2656 1036
2656 1500
2656 1970
2656 2540
2656 2969
2656 3610
2656 4622
2669 990
2669 1827
2669 3282
2669 3763
2669 5450
2673 767
2673 1300
2673 1797
2674 1939
2674 2630
2674 4187
2680 4309
2680 4984
2683 946
2683 1219
2683 1392
2683 1981
2683 5401
2687 2332
2687 4444
2687 5270
2687 5484
2702 767
2702 2090
2702 3369
2702 4517
2704 99
2704 229
2704 507
2704 1357
2704 1373
2704 1533
2704 1848
2704 2363
2704 3033
2704 3555
2704 4156
2704 4498
2706 349
2706 1377
2709 2920
2709 5599
2715 840
2715 1719
2719 752
2719 1638
2719 4302
2719 4351
2719 4369
2721 19
2721 728
2721 762
2721 931
2721 1462
2721 1899
2721 1916
2721 2316
2721 2435
2721 2598
2721 3075
2721 3076
2721 3155
2721 3817
2721 4054
2721 4417
2721 4491
2721 4870
2721 5122
2721 5414
2724 1893
2724 2358
2734 694
2734 1590
2734 2340
2734 3815
2734 4677
2744 1047
2744 5747
2747 732
2747 1346
2747 2950
2747 4313
2747 4870
2752 714
2752 1106
2752 1171
2752 2643
2752 3474
2752 5274
2753 276
2753 545
2753 1542
2753 1877
2753 2121
2753 2766
2753 3604
2753 3934
2753 4416
2753 4429
2753 4470
2753 5172
2756 73
2756 133
2756 472
2756 1687
2756 2370
2756 3410
2756 3503
2756 4031
2760 1106
2760 2370
2760 4691
2760 5069
2762 94
2762 1216
2762 1594
2762 3193
2762 4378
2762 5609
2762 5622
2766 1542
2766 1877
2766 2753
2766 3604
2766 4429
2766 4470
2766 5172
2772 714
2772 934
2772 984
2772 4472
2772 4894
2772 5129
2774 28
2774 694
2774 4202
2779 2846
2779 4620
2786 2225
2786 4377
2792 113
2792 330
2792 369
2792 473
2792 1072
2792 2394
2792 3313
2792 3955
2803 281
2803 2378
2803 4338
2803 4380
2803 4957
2803 5740
2809 342
2809 533
2809 1969
2809 3024
2809 4007
2809 4526
2809 4717
2811 63
2811 1835
2811 1941
2811 3396
2811 5055
2816 22
2816 603
2816 691
2816 1439
2816 2451
2816 2933
2816 3966
2816 4718
2816 4866
2826 1114
2826 1932
2826 3028
2826 4677
2828 972
2828 1953
2828 4113
2828 4554
2835 5112
2843 640
2843 901
2843 2556
2843 4065
2843 5482
2846 2779
2846 4620
2851 391
2851 2393
2851 2528
2872 353
2872 1684
2872 2151
2872 3696
2872 4137
2872 4268
2872 5194
2886 1557
2886 2520
2886 3391
2886 3985
2886 4053
2886 4093
2886 5480
2886 5540
2886 5679
2887 59
2887 115
2887 381
2887 420
2887 2073
2887 2224
2887 3008
2887 3051
2887 3160
2887 3804
2887 4129
2895 412
2895 692
2895 822
2895 2624
2895 2931
2895 3744
2895 4433
2895 5092
2895 5711
2898 4
2898 1241
2898 1470
2898 1687
2898 2509
2898 2919
2898 3130
2898 4375
2898 5236
2898 5320
2908 252
2908 2482
2908 4954
2908 5620
2913 1002
2913 1547
2913 2024
2913 3319
2913 3341
2913 3932
2913 5467
2914 44
2914 841
2914 931
2914 1004
2914 1172
2914 1693
2914 2361
2914 2624
2914 4108
2919 4
2919 2898
2919 4375
2919 5236
2919 5320
2920 2709
2920 5599
2923 707
2923 2365
2923 3951
2923 5568
2929 785
2929 2310
2929 3544
2929 4531
2930 578
2930 644
2930 1379
2930 2970
2930 3295
2930 3716
2930 4120
2930 5171
2930 5211
2931 412
2931 692
2931 822
2931 2624
2931 2895
2931 3744
2931 4433
2931 5092
2931 5711
2932 577
2932 5759
2933 22
2933 603
2933 691
2933 1439
2933 2451
2933 2816
2933 3966
2933 4718
2933 4866
2935 2216
2935 2424
2935 3115
2935 3522
2935 4003
2935 4157
2937 301
2937 310
2937 1456
2937 1872
2937 2195
2937 3309
2937 3893
2937 4142
2937 5512
2940 225
2940 2014
2940 4473
2943 54
2943 4038
2943 4356
2943 4611
2950 732
2950 1346
2950 2747
2950 4313
2950 4870
2961 420
2961 422
2961 804
2961 1031
2961 1576
2969 294
2969 1036
2969 1500
2969 1970
2969 2540
2969 2656
2969 3610
2969 4622
2970 578
2970 644
2970 1379
2970 2930
2970 3295
2970 3716
2970 4120
2970 5171
2970 5211
2995 23
2995 3253
3008 59
3008 115
3008 381
3008 420
3008 2073
3008 2224
3008 2887
3008 3051
3008 3160
3008 3804
3008 4129
3018 767
3018 1452
3018 3027
3018 3054
3018 3503
3024 342
3024 533
3024 1969
3024 2809
3024 4007
3024 4526
3024 4717
3027 767
3027 1452
3027 3018
3027 3054
3027 3503
3028 1114
3028 1932
3028 2826
3028 4677
3032 372
3032 5431
3033 99
3033 229
3033 336
3033 507
3033 1325
3033 1357
3033 1373
3033 1533
3033 1644
3033 1848
3033 2363
3033 2704
3033 3555
3033 3621
3033 3852
3033 4156
3033 4186
3033 4498
3033 5025
3033 5033
3033 5557
3034 4219
3034 5241
3036 15
3036 203
3036 383
3036 393
3036 472
3036 500
3036 978
3036 1112
3036 1389
3036 1732
3036 1733
3036 1884
3036 2482
3036 2540
3036 2595
3036 3104
3036 3173
3036 3621
3036 3628
3036 3633
3036 4278
3036 4299
3036 4408
3036 4873
3036 4874
3036 5069
3036 5207
3036 5631
3043 714
3043 4743
3043 4880
3043 5712
3044 2463
3044 4146
3044 4645
3044 4880
3044 5080
3044 5225
3047 484
3047 620
3047 701
3047 1568
3047 1817
3047 2438
3047 3342
3047 4746
3047 5411
3049 194
3049 1128
3049 1454
3049 2254
3049 3463
3049 4252
3049 4849
3049 5063
3051 59
3051 115
3051 381
3051 420
3051 2073
3051 2224
3051 2887
3051 3008
3051 3160
3051 3804
3051 4129
3054 767
3054 1452
3054 3018
3054 3027
3054 3503
3055 588
3055 772
3055 863
3055 1142
3055 2202
3055 4015
3055 4017
3055 4252
3055 4273
3055 5260
3055 5683
3066 316
3066 2483
3066 3088
3070 235
3070 734
3070 2523
3070 5150
3070 5279
3071 1304
3071 2084
3071 3446
3071 3817
3071 4955
3074 1220
3074 3128
3074 4127
3074 5166
3074 5319
3075 728
3075 1462
3075 2721
3075 4491
3076 19
3076 762
3076 931
3076 1899
3076 1916
3076 2316
3076 2435
3076 2598
3076 2721
3076 3155
3076 3817
3076 4054
3076 4417
3076 4870
3076 5122
3076 5414
3087 1519
3087 3532
3087 4219
3088 316
3088 2483
3088 3066
3091 462
3091 1006
3091 2121
3091 5118
3102 396
3102 3198
3102 3827
3104 15
3104 203
3104 472
3104 1112
3104 1732
3104 1733
3104 1884
3104 2595
3104 3036
3104 3628
3104 3633
3104 4299
3104 4408
3104 4873
3104 4874
3104 5069
3104 5207
3104 5631
3115 2216
3115 2424
3115 2935
3115 3522
3115 4003
3115 4157
3119 2213
3119 2645
3119 4076
3119 4706
3128 1220
3128 3074
3128 4127
3128 5166
3128 5319
3130 1241
3130 1470
3130 1687
3130 2509
3130 2898
3132 1078
3132 5365
3137 1023
3137 1960
3137 3301
3137 3852
3137 4280
3137 4954
3137 5225
3137 5245
3137 5514
3140 479
3140 1114
3140 3865
3140 4255
3150 334
3150 1687
3150 1841
3150 2643
3150 3410
3150 3745
3150 3940
3150 4692
3155 19
3155 762
3155 931
3155 1899
3155 1916
3155 2316
3155 2435
3155 2598
3155 2721
3155 3076
3155 3817
3155 4054
3155 4417
3155 4870
3155 5122
3155 5414
3158 1842
3158 2448
3158 2641
3158 3565
3158 4267
3158 4488
3158 4516
3158 5464
3160 59
3160 115
3160 381
3160 420
3160 2073
3160 2224
3160 2887
3160 3008
3160 3051
3160 3804
3160 4129
3163 4102
3163 4862
3165 1
3165 547
3165 1880
3165 4514
3165 5518
3167 107
3167 1127
3167 3659
3167 3825
3167 4061
3171 1648
3171 1970
3171 3224
3171 4051
3171 4154
3171 5073
3173 383
3173 500
3173 1389
3173 2540
3173 3036
3173 3621
3178 1025
3178 1053
3178 3333
3178 5085
3178 5376
3181 1772
3181 3622
3181 4339
3181 5125
3181 5444
3193 647
3193 1216
3193 1594
3193 2762
3193 3894
3193 4269
3193 4330
3193 5488
3193 5622
3198 396
3198 3102
3198 3827
3217 1486
3217 1550
3217 4049
3224 1648
3224 1970
3224 3171
3224 4051
3224 4154
3224 5073
3251 829
3251 1256
3251 1615
3251 1814
3251 2295
3251 2361
3251 3988
3251 5158
3253 23
3253 2995
3266 553
3266 893
3266 1315
3266 2028
3266 3680
3266 5324
3269 575
3269 5420
3278 905
3278 3392
3278 3393
3278 4414
3278 5467
3282 990
3282 1827
3282 2669
3282 3763
3282 5450
3285 2403
3285 5550
3286 4778
3295 578
3295 644
3295 1379
3295 2930
3295 2970
3295 3716
3295 4120
3295 5171
3295 5211
3296 675
3296 1328
3296 1840
3296 4282
3300 2295
3300 2381
3300 5694
3301 259
3301 1960
3301 3137
3301 4106
3301 4280
3301 5225
3301 5245
3301 5596
3308 2310
3308 3379
3309 301
3309 310
3309 1456
3309 1872
3309 2195
3309 2937
3309 3893
3309 4142
3309 5512
3310 85
3310 123
3310 1213
3310 2501
3310 5379
3313 113
3313 330
3313 369
3313 473
3313 1072
3313 2394
3313 2792
3313 3955
3314 546
3314 4616
3319 1002
3319 1547
3319 2024
3319 2913
3319 3341
3319 3932
3319 5467
3326 763
3326 4447
3326 5205
3333 1025
3333 1053
3333 3178
3333 5085
3333 5376
3339 12
3339 443
3339 555
3339 658
3339 700
3339 1043
3339 1548
3339 1781
3339 1858
3339 2090
3339 3410
3339 3786
3339 4569
3339 5023
3339 5164
3339 5428
3339 5455
3339 5520
3341 1002
3341 1547
3341 2024
3341 2913
3341 3319
3341 3932
3341 5467
3342 484
3342 620
3342 701
3342 1568
3342 1817
3342 2438
3342 3047
3342 4746
3342 5411
3350 1489
3350 2606
3350 3427
3350 3592
3353 1153
3353 1839
3353 3488
3353 4031
3355 304
3355 4200
3355 4660
3355 4697
3355 5087
3363 808
3363 1042
3363 1095
3363 2400
3366 2432
3366 2611
3366 4100
3366 5258
3369 767
3369 2090
3369 2702
3369 4517
3379 2310
3379 3308
3391 1557
3391 2520
3391 2886
3391 3985
3391 4053
3391 4093
3391 5480
3391 5540
3391 5679
3392 905
3392 3278
3392 3393
3392 4414
3392 5467
3393 905
3393 3278
3393 3392
3393 4414
3393 5467
3394 797
3394 3827
3394 4072
3396 63
3396 1835
3396 1941
3396 2811
3396 5055
3403 83
3403 770
3403 804
3403 1922
3403 4288
3404 237
3404 495
3404 1032
3404 2155
3404 2230
3404 3408
3404 3745
3404 3854
3404 3884
3404 4154
3404 4401
3404 5073
3404 5083
3404 5248
3404 5688
3405 82
3405 1114
3405 2063
3405 3861
3405 3970
3405 3986
3405 4831
3408 237
3408 1032
3408 3404
3408 3745
3408 4401
3408 5073
3408 5083
3408 5688
3410 12
3410 334
3410 443
3410 472
3410 555
3410 658
3410 700
3410 1043
3410 1548
3410 1687
3410 1781
3410 1841
3410 1858
3410 2090
3410 2643
3410 2756
3410 3150
3410 3339
3410 3503
3410 3745
3410 3786
3410 3940
3410 4031
3410 4569
3410 4692
3410 5023
3410 5164
3410 5428
3410 5455
3410 5520
3427 1489
3427 2606
3427 3350
3427 3592
3446 1304
3446 2084
3446 3071
3446 3817
3446 4955
3463 194
3463 1128
3463 1454
3463 2254
3463 3049
3463 4252
3463 4849
3463 5063
3474 714
3474 1106
3474 1171
3474 2643
3474 2752
3474 5274
3488 691
3488 814
3488 841
3488 1153
3488 1425
3488 1839
3488 1920
3488 3353
3488 4031
3488 4113
3489 68
3489 1124
3489 1715
3489 3530
3489 4098
3489 4232
3489 5043
3489 5257
3489 5372
3499 553
3499 661
3499 826
3499 931
3499 1323
3499 1717
3499 1783
3499 3875
3499 4515
3499 5128
3499 5226
3499 5382
3503 472
3503 767
3503 1452
3503 2756
3503 3018
3503 3027
3503 3054
3503 3410
3503 4031
3521 204
3521 2193
3521 2258
3521 5082
3522 2216
3522 2424
3522 2935
3522 3115
3522 4003
3522 4157
3530 68
3530 1124
3530 1715
3530 3489
3530 4098
3530 4232
3530 5043
3530 5257
3530 5372
3532 1519
3532 3087
3532 4219
3534 496
3534 1196
3534 1460
3534 2324
3534 2620
3534 4174
3534 5521
3543 1381
3543 1960
3543 2404
3543 3929
3544 785
3544 2310
3544 2929
3544 4531
3545 2299
3545 2577
3545 5610
3555 99
3555 229
3555 507
3555 1357
3555 1373
3555 1533
3555 1848
3555 2363
3555 2704
3555 3033
3555 4156
3555 4498
3557 134
3557 1156
3557 1752
3561 168
3561 1932
3565 1842
3565 2448
3565 2641
3565 3158
3565 4267
3565 4488
3565 4516
3565 5464
3592 1489
3592 2606
3592 3350
3592 3427
3604 1542
3604 1877
3604 2753
3604 2766
3604 4429
3604 4470
3604 5172
3610 294
3610 1036
3610 1500
3610 1970
3610 2540
3610 2656
3610 2969
3610 4622
3621 383
3621 500
3621 1357
3621 1389
3621 2540
3621 3033
3621 3036
3621 3173
3621 3852
3621 4186
3622 1772
3622 3181
3622 4339
3622 5125
3622 5444
3628 15
3628 203
3628 472
3628 1112
3628 1732
3628 1733
3628 1884
3628 2595
3628 3036
3628 3104
3628 3633
3628 4299
3628 4408
3628 4873
3628 4874
3628 5069
3628 5207
3628 5631
3633 15
3633 203
3633 472
3633 1112
3633 1732
3633 1733
3633 1884
3633 2595
3633 3036
3633 3104
3633 3628
3633 4299
3633 4408
3633 4873
3633 4874
3633 5069
3633 5207
3633 5631
3636 1187
3638 275
3638 367
3638 1298
3638 1643
3638 1649
3638 1895
3638 5303
3638 5510
3659 107
3659 1127
3659 3167
3659 3825
3659 4061
3671 593
3671 4062
3671 4933
3671 5015
3671 5498
3680 553
3680 893
3680 1315
3680 2028
3680 3266
3680 5324
3685 141
3685 2314
3685 2633
3685 4024
3685 4939
3695 1161
3695 1174
3695 2441
3695 2480
3695 4085
3695 5278
3695 5371
3696 353
3696 1684
3696 2151
3696 2872
3696 4137
3696 4268
3696 5194
3711 102
3711 3719
3714 313
3714 902
3714 1087
3714 4656
3716 578
3716 644
3716 1379
3716 2930
3716 2970
3716 3295
3716 4120
3716 5171
3716 5211
3719 102
3719 3711
3744 412
3744 692
3744 822
3744 2624
3744 2895
3744 2931
3744 4433
3744 5092
3744 5711
3745 237
3745 334
3745 1032
3745 1687
3745 1841
3745 2643
3745 3150
3745 3404
3745 3408
3745 3410
3745 3940
3745 4401
3745 4692
3745 5073
3745 5083
3745 5688
3758 5242
3758 5734
3761 292
3761 673
3761 716
3761 867
3761 1107
3761 1188
3761 3920
3763 313
3763 902
3763 990
3763 1827
3763 2459
3763 2669
3763 3282
3763 5180
3763 5450
3777 1750
3777 4287
3777 4511
3786 12
3786 443
3786 555
3786 658
3786 700
3786 1043
3786 1548
3786 1781
3786 1858
3786 2090
3786 3339
3786 3410
3786 4569
3786 5023
3786 5164
3786 5428
3786 5455
3786 5520
3804 59
3804 115
3804 381
3804 420
3804 2073
3804 2224
3804 2887
3804 3008
3804 3051
3804 3160
3804 4129
3806 2446
3806 4295
3806 4649
3806 5574
3807 1145
3807 2308
3807 5284
3815 694
3815 1590
3815 2340
3815 2734
3815 4677
3817 19
3817 762
3817 931
3817 1304
3817 1899
3817 1916
3817 1984
3817 2084
3817 2228
3817 2316
3817 2435
3817 2598
3817 2721
3817 3071
3817 3076
3817 3155
3817 3446
3817 4054
3817 4417
3817 4870
3817 4925
3817 4955
3817 5022
3817 5122
3817 5414
3824 64
3824 2471
3824 4884
3824 5755
3825 107
3825 1127
3825 3167
3825 3659
3825 4061
3827 396
3827 797
3827 3102
3827 3198
3827 3394
3827 4072
3842 754
3842 5044
3850 2626
3850 4579
3850 5235
3852 1023
3852 1357
3852 3033
3852 3137
3852 3621
3852 4186
3852 4954
3852 5514
3854 495
3854 2155
3854 2230
3854 3404
3854 3884
3854 4154
3854 5248
3857 8
3857 582
3857 594
3857 5441
3861 82
3861 1114
3861 2063
3861 3405
3861 3970
3861 3986
3861 4831
3865 479
3865 1114
3865 3140
3865 4255
3869 309
3869 840
3869 1096
3869 1157
3869 1384
3869 1876
3869 4943
3872 1619
3872 5160
3875 661
3875 1717
3875 3499
3875 4515
3875 5128
3879 1001
3879 4752
3879 4791
3879 5511
3882 656
3882 4242
3882 4632
3884 495
3884 2155
3884 2230
3884 3404
3884 3854
3884 4154
3884 5248
3893 301
3893 310
3893 1456
3893 1872
3893 2195
3893 2937
3893 3309
3893 4142
3893 5512
3894 647
3894 3193
3894 4269
3894 4330
3894 5488
3896 372
3896 1038
3896 1103
3896 2129
3896 4467
3902 43
3902 1077
3902 3914
3902 4193
3902 5354
3914 43
3914 1077
3914 3902
3914 4193
3914 5354
3920 673
3920 867
3920 1188
3920 3761
3929 1381
3929 1960
3929 2404
3929 3543
3932 1002
3932 1547
3932 2024
3932 2913
3932 3319
3932 3341
3932 5467
3934 276
3934 545
3934 2121
3934 2753
3934 4416
3940 334
3940 1687
3940 1841
3940 2643
3940 3150
3940 3410
3940 3745
3940 4692
3951 707
3951 2365
3951 2923
3951 5568
3955 113
3955 330
3955 369
3955 473
3955 1072
3955 2394
3955 2792
3955 3313
3958 1906
3958 2192
3958 4039
3958 4355
3958 4568
3958 4894
3958 5205
3964 2563
3964 4363
3964 4600
3966 22
3966 603
3966 691
3966 1439
3966 2451
3966 2816
3966 2933
3966 4718
3966 4866
3970 82
3970 1114
3970 2063
3970 3405
3970 3861
3970 3986
3970 4831
3985 1557
3985 2520
3985 2886
3985 3391
3985 4053
3985 4093
3985 5480
3985 5540
3985 5679
3986 82
3986 1114
3986 2063
3986 3405
3986 3861
3986 3970
3986 4831
3988 829
3988 1256
3988 1615
3988 1814
3988 2295
3988 2361
3988 3251
3988 5158
3994 1524
3994 4562
3994 4625
3994 5075
4000 1606
4000 4619
4000 4640
4003 2216
4003 2424
4003 2935
4003 3115
4003 3522
4003 4157
4007 342
4007 533
4007 1969
4007 2809
4007 3024
4007 4526
4007 4717
4013 1723
4013 1953
4015 588
4015 772
4015 863
4015 1142
4015 2202
4015 3055
4015 4017
4015 4252
4015 4273
4015 5260
4015 5683
4017 588
4017 772
4017 863
4017 1142
4017 2202
4017 3055
4017 4015
4017 4252
4017 4273
4017 5260
4017 5683
4020 2073
4020 4021
4020 4129
4020 4639
4021 2073
4021 4020
4021 4129
4021 4639
4024 141
4024 2314
4024 2633
4024 3685
4024 4939
4031 472
4031 1153
4031 1839
4031 2756
4031 3353
4031 3410
4031 3488
4031 3503
4038 54
4038 2943
4038 4356
4038 4611
4039 1906
4039 2192
4039 3958
4039 4355
4039 4568
4039 4894
4039 5205
4044 1158
4044 2170
4049 1486
4049 1550
4049 3217
4051 1648
4051 1970
4051 3171
4051 3224
4051 4154
4051 5073
4053 1557
4053 2520
4053 2886
4053 3391
4053 3985
4053 4093
4053 5480
4053 5540
4053 5679
4054 19
4054 762
4054 931
4054 1899
4054 1916
4054 2316
4054 2435
4054 2598
4054 2721
4054 3076
4054 3155
4054 3817
4054 4417
4054 4870
4054 5122
4054 5414
4061 107
4061 1127
4061 1636
4061 3167
4061 3659
4061 3825
4061 5132
4062 211
4062 243
4062 593
4062 608
4062 632
4062 714
4062 715
4062 810
4062 1409
4062 1769
4062 2086
4062 2509
4062 3671
4062 4398
4062 4643
4062 4797
4062 4933
4062 4970
4062 5015
4062 5396
4062 5498
4062 5670
4065 640
4065 901
4065 2556
4065 2843
4065 5482
4072 797
4072 3394
4072 3827
4075 577
4076 2213
4076 2645
4076 3119
4076 4706
4079 5130
4079 5383
4081 346
4081 1070
4081 4184
4081 5049
4082 697
4082 931
4082 1570
4082 2125
4082 4894
4085 1161
4085 1174
4085 2441
4085 2480
4085 3695
4085 5278
4085 5371
4093 1557
4093 2520
4093 2886
4093 3391
4093 3985
4093 4053
4093 5480
4093 5540
4093 5679
4098 68
4098 1124
4098 1715
4098 3489
4098 3530
4098 4232
4098 5043
4098 5257
4098 5372
4100 2432
4100 2611
4100 3366
4100 5258
4101 192
4101 668
4101 782
4101 1828
4101 2004
4101 2330
4101 2456
4101 4402
4102 3163
4102 4862
4106 259
4106 3301
4106 5596
4108 44
4108 841
4108 931
4108 1004
4108 1172
4108 1693
4108 2361
4108 2624
4108 2914
4113 691
4113 814
4113 841
4113 972
4113 1425
4113 1920
4113 1953
4113 2828
4113 3488
4113 4554
4120 578
4120 644
4120 1379
4120 2930
4120 2970
4120 3295
4120 3716
4120 5171
4120 5211
4127 1220
4127 3074
4127 3128
4127 5166
4127 5319
4129 59
4129 115
4129 381
4129 420
4129 2073
4129 2224
4129 2887
4129 3008
4129 3051
4129 3160
4129 3804
4129 4020
4129 4021
4129 4639
4132 64
4132 386
4132 1331
4132 2093
4132 2222
4132 2630
4137 353
4137 1684
4137 2151
4137 2872
4137 3696
4137 4268
4137 5194
4142 301
4142 310
4142 1456
4142 1872
4142 2195
4142 2937
4142 3309
4142 3893
4142 5512
4146 2463
4146 3044
4146 4645
4146 4880
4146 5080
4146 5225
4154 495
4154 1648
4154 1970
4154 2155
4154 2230
4154 3171
4154 3224
4154 3404
4154 3854
4154 3884
4154 4051
4154 5073
4154 5248
4156 99
4156 229
4156 507
4156 1357
4156 1373
4156 1533
4156 1848
4156 2363
4156 2704
4156 3033
4156 3555
4156 4498
4157 2216
4157 2424
4157 2935
4157 3115
4157 3522
4157 4003
4168 972
4168 4665
4168 4790
4168 4791
4168 5599
4172 4679
4172 4883
4174 496
4174 1196
4174 1460
4174 2324
4174 2620
4174 3534
4174 5521
4176 1671
4176 4222
4176 5018
4176 5686
4184 346
4184 1070
4184 4081
4184 5049
4186 226
4186 1009
4186 1345
4186 1357
4186 1823
4186 2094
4186 3033
4186 3621
4186 3852
4186 4713
4186 4720
4186 5133
4187 1939
4187 2630
4187 2674
4193 43
4193 1077
4193 3902
4193 3914
4193 5354
4200 304
4200 3355
4200 4660
4200 4697
4200 5087
4202 28
4202 694
4202 2774
4208 84
4208 1476
4208 2537
4208 4762
4208 5088
4208 5277
4208 5454
4208 5475
4212 1381
4212 1595
4212 2557
4212 4606
4212 4880
4212 5677
4219 1519
4219 3034
4219 3087
4219 3532
4219 5241
4222 4176
4222 5686
4226 907
4226 2349
4232 68
4232 1124
4232 1715
4232 3489
4232 3530
4232 4098
4232 5043
4232 5257
4232 5372
4242 656
4242 3882
4242 4632
4250 780
4250 1120
4250 2398
4250 2466
4250 4851
4250 5572
4252 194
4252 404
4252 588
4252 772
4252 863
4252 1128
4252 1142
4252 1454
4252 2202
4252 2254
4252 3049
4252 3055
4252 3463
4252 4015
4252 4017
4252 4273
4252 4849
4252 5063
4252 5260
4252 5683
4255 479
4255 1114
4255 3140
4255 3865
4262 1395
4262 5080
4264 2311
4264 4346
4264 4436
4264 5370
4267 1842
4267 2448
4267 2641
4267 3158
4267 3565
4267 4488
4267 4516
4267 5464
4268 353
4268 1684
4268 2151
4268 2872
4268 3696
4268 4137
4268 5194
4269 647
4269 3193
4269 3894
4269 4330
4269 5488
4270 1385
4270 5424
4271 343
4271 2215
4273 588
4273 772
4273 863
4273 1142
4273 2202
4273 3055
4273 4015
4273 4017
4273 4252
4273 5260
4273 5683
4278 393
4278 978
4278 2482
4278 3036
4280 1960
4280 3137
4280 3301
4280 5225
4280 5245
4282 675
4282 1328
4282 1840
4282 3296
4287 1750
4287 3777
4287 4511
4288 83
4288 770
4288 804
4288 1922
4288 3403
4294 1394
4294 1912
4294 5445
4294 5566
4295 2446
4295 3806
4295 4649
4295 5574
4299 15
4299 203
4299 472
4299 1112
4299 1732
4299 1733
4299 1884
4299 2595
4299 3036
4299 3104
4299 3628
4299 3633
4299 4408
4299 4873
4299 4874
4299 5069
4299 5207
4299 5631
4302 752
4302 1638
4302 2719
4302 4351
4302 4369
4309 2680
4309 4984
4313 732
4313 1346
4313 2747
4313 2950
4313 4870
4318 2435
4318 5091
4326 226
4326 787
4326 2091
4326 4836
4326 5192
4326 5614
4330 341
4330 647
4330 1978
4330 2193
4330 2336
4330 2616
4330 3193
4330 3894
4330 4269
4330 5488
4338 281
4338 2378
4338 2803
4338 4380
4338 4957
4338 5740
4339 1772
4339 3181
4339 3622
4339 5125
4339 5444
4346 2311
4346 4264
4346 4436
4346 5370
4351 752
4351 1638
4351 2719
4351 4302
4351 4369
4353 4374
4353 4907
4355 1906
4355 2192
4355 3958
4355 4039
4355 4568
4355 4894
4355 5205
4356 54
4356 2943
4356 4038
4356 4611
4357 1119
4357 1755
4357 5134
4363 2563
4363 3964
4363 4600
4369 752
4369 1638
4369 2719
4369 4302
4369 4351
4374 4353
4374 4907
4375 4
4375 2898
4375 2919
4375 5236
4375 5320
4377 2225
4377 2786
4378 94
4378 2762
4378 5609
4380 281
4380 2378
4380 2803
4380 4338
4380 4957
4380 5740
4387 5634
4388 1833
4388 2032
4398 211
4398 593
4398 632
4398 810
4398 2086
4398 2509
4398 4062
4401 237
4401 1032
4401 3404
4401 3408
4401 3745
4401 5073
4401 5083
4401 5688
4402 192
4402 668
4402 782
4402 1828
4402 2004
4402 2330
4402 2456
4402 4101
4404 1001
4404 1275
4404 4838
4404 4954
4408 15
4408 203
4408 472
4408 1112
4408 1732
4408 1733
4408 1884
4408 2595
4408 3036
4408 3104
4408 3628
4408 3633
4408 4299
4408 4873
4408 4874
4408 5069
4408 5207
4408 5631
4414 905
4414 3278
4414 3392
4414 3393
4414 5467
4416 276
4416 545
4416 2121
4416 2753
4416 3934
4417 19
4417 762
4417 931
4417 1899
4417 1916
4417 2316
4417 2435
4417 2598
4417 2721
4417 3076
4417 3155
4417 3817
4417 4054
4417 4870
4417 5122
4417 5414
4429 1542
4429 1877
4429 2753
4429 2766
4429 3604
4429 4470
4429 5172
4432 902
4432 4870
4432 5398
4433 412
4433 692
4433 822
4433 2624
4433 2895
4433 2931
4433 3744
4433 5092
4433 5711
4436 2311
4436 4264
4436 4346
4436 5370
4442 1221
4442 2219
4442 5028
4444 2332
4444 2687
4444 5270
4444 5484
4447 763
4447 3326
4447 5205
4451 1370
4451 5481
4464 1314
4464 1793
4464 1825
4464 2266
4467 372
4467 1038
4467 1103
4467 2129
4467 3896
4470 1542
4470 1877
4470 2753
4470 2766
4470 3604
4470 4429
4470 5172
4472 714
4472 934
4472 984
4472 2772
4472 4894
4472 5129
4473 225
4473 2014
4473 2940
4488 1842
4488 2448
4488 2641
4488 3158
4488 3565
4488 4267
4488 4516
4488 5464
4491 728
4491 1462
4491 2721
4491 3075
4498 99
4498 229
4498 507
4498 1357
4498 1373
4498 1533
4498 1848
4498 2363
4498 2704
4498 3033
4498 3555
4498 4156
4503 1425
4503 5506
4511 1750
4511 3777
4511 4287
4514 1
4514 547
4514 1880
4514 3165
4514 5518
4515 661
4515 1717
4515 3499
4515 3875
4515 5128
4516 1842
4516 2448
4516 2641
4516 3158
4516 3565
4516 4267
4516 4488
4516 5464
4517 767
4517 2090
4517 2702
4517 3369
4526 342
4526 533
4526 1969
4526 2809
4526 3024
4526 4007
4526 4717
4531 785
4531 2310
4531 2929
4531 3544
4534 888
4534 1039
4534 1311
4534 2333
4534 4638
4534 5304
4535 2324
4535 5205
4535 5229
4554 972
4554 1953
4554 2828
4554 4113
4562 1524
4562 3994
4562 4625
4562 5075
4563 829
4563 1296
4563 1694
4563 1760
4563 1959
4563 5183
4568 1906
4568 2192
4568 3958
4568 4039
4568 4355
4568 4894
4568 5205
4569 12
4569 443
4569 555
4569 658
4569 700
4569 1043
4569 1548
4569 1781
4569 1858
4569 2090
4569 3339
4569 3410
4569 3786
4569 5023
4569 5164
4569 5428
4569 5455
4569 5520
4579 2626
4579 3850
4579 5235
4600 2563
4600 3964
4600 4363
4606 1381
4606 1595
4606 2557
4606 4212
4606 4880
4606 5677
4611 54
4611 2943
4611 4038
4611 4356
4616 546
4616 3314
4617 249
4617 583
4617 4734
4619 1606
4619 4000
4619 4640
4620 2779
4620 2846
4622 294
4622 1036
4622 1500
4622 1970
4622 2540
4622 2656
4622 2969
4622 3610
4625 1524
4625 3994
4625 4562
4625 5075
4632 656
4632 3882
4632 4242
4638 888
4638 1039
4638 1311
4638 2333
4638 4534
4638 5304
4639 2073
4639 4020
4639 4021
4639 4129
4640 1606
4640 4000
4640 4619
4643 243
4643 608
4643 714
4643 715
4643 1409
4643 1769
4643 4062
4643 4797
4643 4970
4643 5015
4643 5396
4643 5670
4644 1948
4644 4911
4644 5168
4644 5222
4644 5262
4645 2463
4645 3044
4645 4146
4645 4880
4645 5080
4645 5225
4649 2446
4649 3806
4649 4295
4649 5574
4656 313
4656 902
4656 1087
4656 3714
4660 304
4660 3355
4660 4200
4660 4697
4660 5087
4665 17
4665 924
4665 972
4665 2591
4665 4168
4665 4790
4665 4791
4665 5599
4665 5627
4677 694
4677 1114
4677 1590
4677 1932
4677 2340
4677 2734
4677 2826
4677 3028
4677 3815
4678 809
4678 889
4678 1498
4678 1529
4678 5313
4679 4172
4679 4883
4691 1106
4691 2370
4691 2760
4691 5069
4692 334
4692 1687
4692 1841
4692 2643
4692 3150
4692 3410
4692 3745
4692 3940
4697 304
4697 3355
4697 4200
4697 4660
4697 5087
4706 2213
4706 2645
4706 3119
4706 4076
4713 1823
4713 4186
4713 4720
4713 5133
4717 342
4717 533
4717 1969
4717 2809
4717 3024
4717 4007
4717 4526
4718 22
4718 603
4718 691
4718 1439
4718 2451
4718 2816
4718 2933
4718 3966
4718 4866
4720 1823
4720 4186
4720 4713
4720 5133
4734 249
4734 583
4734 4617
4743 714
4743 3043
4743 4880
4743 5712
4746 484
4746 620
4746 701
4746 1568
4746 1817
4746 2438
4746 3047
4746 3342
4746 5411
4752 1001
4752 3879
4752 4791
4752 5511
4762 84
4762 1476
4762 2537
4762 4208
4762 5088
4762 5277
4762 5454
4762 5475
4778 3286
4790 972
4790 4168
4790 4665
4790 4791
4790 5599
4791 972
4791 1001
4791 3879
4791 4168
4791 4665
4791 4752
4791 4790
4791 5511
4791 5599
4797 243
4797 608
4797 714
4797 715
4797 1409
4797 1769
4797 4062
4797 4643
4797 4970
4797 5015
4797 5396
4797 5670
4831 82
4831 1114
4831 2063
4831 3405
4831 3861
4831 3970
4831 3986
4836 787
4836 4326
4836 5614
4838 1001
4838 1275
4838 4404
4838 4954
4849 194
4849 1128
4849 1454
4849 2254
4849 3049
4849 3463
4849 4252
4849 5063
4851 780
4851 1120
4851 2398
4851 2466
4851 4250
4851 5572
4855 813
4855 5328
4855 5401
4862 3163
4862 4102
4866 22
4866 603
4866 691
4866 1439
4866 2451
4866 2816
4866 2933
4866 3966
4866 4718
4870 19
4870 732
4870 762
4870 902
4870 931
4870 1346
4870 1899
4870 1916
4870 2316
4870 2435
4870 2598
4870 2721
4870 2747
4870 2950
4870 3076
4870 3155
4870 3817
4870 4054
4870 4313
4870 4417
4870 4432
4870 5122
4870 5398
4870 5414
4873 15
4873 203
4873 472
4873 1112
4873 1732
4873 1733
4873 1884
4873 2595
4873 3036
4873 3104
4873 3628
4873 3633
4873 4299
4873 4408
4873 4874
4873 5069
4873 5207
4873 5631
4874 15
4874 203
4874 472
4874 1112
4874 1732
4874 1733
4874 1884
4874 2595
4874 3036
4874 3104
4874 3628
4874 3633
4874 4299
4874 4408
4874 4873
4874 5069
4874 5207
4874 5631
4880 714
4880 1381
4880 1595
4880 2463
4880 2557
4880 3043
4880 3044
4880 4146
4880 4212
4880 4606
4880 4645
4880 4743
4880 5080
4880 5225
4880 5677
4880 5712
4883 4172
4883 4679
4884 64
4884 2471
4884 3824
4884 5755
4894 697
4894 714
4894 931
4894 934
4894 984
4894 1570
4894 1906
4894 2125
4894 2192
4894 2772
4894 3958
4894 4039
4894 4082
4894 4355
4894 4472
4894 4568
4894 5129
4894 5205
4896 2396
4896 5380
4907 4353
4907 4374
4911 1948
4911 4644
4911 5168
4911 5222
4911 5262
4920 1537
4920 4975
4920 5042
4920 5583
4925 1984
4925 2228
4925 3817
4925 5022
4933 593
4933 3671
4933 4062
4933 5015
4933 5498
4937 646
4937 2430
4939 141
4939 2314
4939 2633
4939 3685
4939 4024
4942 7
4942 1762
4942 5568
4943 309
4943 840
4943 1096
4943 1157
4943 1384
4943 1876
4943 3869
4951 1696
4954 252
4954 1001
4954 1023
4954 1275
4954 2482
4954 2908
4954 3137
4954 3852
4954 4404
4954 4838
4954 5514
4954 5620
4955 1304
4955 2084
4955 3071
4955 3446
4955 3817
4957 281
4957 2378
4957 2803
4957 4338
4957 4380
4957 5740
4959 607
4959 1464
4970 243
4970 608
4970 714
4970 715
4970 1409
4970 1769
4970 4062
4970 4643
4970 4797
4970 5015
4970 5396
4970 5670
4975 1537
4975 4920
4975 5042
4975 5583
4984 2680
4984 4309
5004 429
5004 2319
5004 5038
5004 5378
5015 243
5015 593
5015 608
5015 714
5015 715
5015 1409
5015 1769
5015 3671
5015 4062
5015 4643
5015 4797
5015 4933
5015 4970
5015 5396
5015 5498
5015 5670
5018 1671
5018 4176
5022 1984
5022 2228
5022 3817
5022 4925
5023 12
5023 443
5023 555
5023 658
5023 700
5023 1043
5023 1548
5023 1781
5023 1858
5023 2090
5023 3339
5023 3410
5023 3786
5023 4569
5023 5164
5023 5428
5023 5455
5023 5520
5025 336
5025 1325
5025 1644
5025 3033
5025 5033
5028 1221
5028 2219
5028 4442
5032 707
5032 974
5032 1027
5032 1088
5032 2533
5033 336
5033 1325
5033 1644
5033 3033
5033 5025
5038 429
5038 2319
5038 5004
5038 5378
5042 1537
5042 4920
5042 4975
5042 5583
5043 68
5043 1124
5043 1715
5043 3489
5043 3530
5043 4098
5043 4232
5043 5257
5043 5372
5044 754
5044 3842
5049 346
5049 1070
5049 4081
5049 4184
5051 463
5051 5528
5055 63
5055 1835
5055 1941
5055 2811
5055 3396
5063 194
5063 1128
5063 1454
5063 2254
5063 3049
5063 3463
5063 4252
5063 4849
5064 352
5064 591
5064 640
5064 2108
5064 5509
5069 15
5069 203
5069 472
5069 1106
5069 1112
5069 1732
5069 1733
5069 1884
5069 2370
5069 2595
5069 2760
5069 3036
5069 3104
5069 3628
5069 3633
5069 4299
5069 4408
5069 4691
5069 4873
5069 4874
5069 5207
5069 5631
5073 237
5073 1032
5073 1648
5073 1970
5073 3171
5073 3224
5073 3404
5073 3408
5073 3745
5073 4051
5073 4154
5073 4401
5073 5083
5073 5688
5075 1524
5075 3994
5075 4562
5075 4625
5080 1395
5080 2463
5080 3044
5080 4146
5080 4262
5080 4645
5080 4880
5080 5225
5082 204
5082 2193
5082 2258
5082 3521
5083 237
5083 1032
5083 3404
5083 3408
5083 3745
5083 4401
5083 5073
5083 5688
5085 1025
5085 1053
5085 3178
5085 3333
5085 5376
5087 304
5087 3355
5087 4200
5087 4660
5087 4697
5088 84
5088 1476
5088 2537
5088 4208
5088 4762
5088 5277
5088 5454
5088 5475
5091 2435
5091 4318
5092 412
5092 692
5092 822
5092 2624
5092 2895
5092 2931
5092 3744
5092 4433
5092 5711
5111 110
5111 370
5111 720
5112 2835
5118 462
5118 1006
5118 2121
5118 3091
5122 19
5122 762
5122 931
5122 1899
5122 1916
5122 2316
5122 2435
5122 2598
5122 2721
5122 3076
5122 3155
5122 3817
5122 4054
5122 4417
5122 4870
5122 5414
5125 1772
5125 3181
5125 3622
5125 4339
5125 5444
5128 661
5128 1717
5128 3499
5128 3875
5128 4515
5129 714
5129 934
5129 984
5129 2772
5129 4472
5129 4894
5130 4079
5130 5383
5132 1636
5132 4061
5133 616
5133 1221
5133 1823
5133 1969
5133 2367
5133 2523
5133 4186
5133 4713
5133 4720
5134 1119
5134 1755
5134 4357
5149 726
5149 909
5149 1543
5149 1559
5149 2109
5149 5409
5150 235
5150 734
5150 2523
5150 3070
5150 5279
5151 401
5151 859
5151 973
5151 1967
5158 829
5158 1256
5158 1615
5158 1814
5158 2295
5158 2361
5158 3251
5158 3988
5160 1619
5160 3872
5163 312
5163 326
5164 12
5164 443
5164 555
5164 658
5164 700
5164 1043
5164 1548
5164 1781
5164 1858
5164 2090
5164 3339
5164 3410
5164 3786
5164 4569
5164 5023
5164 5428
5164 5455
5164 5520
5166 1220
5166 3074
5166 3128
5166 4127
5166 5319
5168 1948
5168 4644
5168 4911
5168 5222
5168 5262
5171 578
5171 644
5171 1379
5171 2930
5171 2970
5171 3295
5171 3716
5171 4120
5171 5211
5172 1542
5172 1877
5172 2753
5172 2766
5172 3604
5172 4429
5172 4470
5180 313
5180 902
5180 2459
5180 3763
5183 829
5183 1296
5183 1694
5183 1760
5183 1959
5183 4563
5192 226
5192 2091
5192 4326
5194 353
5194 1684
5194 2151
5194 2872
5194 3696
5194 4137
5194 4268
5205 763
5205 1906
5205 2192
5205 2324
5205 3326
5205 3958
5205 4039
5205 4355
5205 4447
5205 4535
5205 4568
5205 4894
5205 5229
5207 15
5207 203
5207 472
5207 1112
5207 1732
5207 1733
5207 1884
5207 2595
5207 3036
5207 3104
5207 3628
5207 3633
5207 4299
5207 4408
5207 4873
5207 4874
5207 5069
5207 5631
5211 578
5211 644
5211 1379
5211 2930
5211 2970
5211 3295
5211 3716
5211 4120
5211 5171
5222 1948
5222 4644
5222 4911
5222 5168
5222 5262
5225 1960
5225 2463
5225 3044
5225 3137
5225 3301
5225 4146
5225 4280
5225 4645
5225 4880
5225 5080
5225 5245
5226 553
5226 826
5226 931
5226 1323
5226 1783
5226 3499
5226 5382
5227 141
5227 182
5227 916
5227 2633
5229 2324
5229 4535
5229 5205
5235 2626
5235 3850
5235 4579
5236 4
5236 2898
5236 2919
5236 4375
5236 5320
5241 3034
5241 4219
5242 3758
5242 5734
5245 1960
5245 3137
5245 3301
5245 4280
5245 5225
5248 495
5248 2155
5248 2230
5248 3404
5248 3854
5248 3884
5248 4154
5257 68
5257 1124
5257 1715
5257 3489
5257 3530
5257 4098
5257 4232
5257 5043
5257 5372
5258 2432
5258 2611
5258 3366
5258 4100
5260 588
5260 772
5260 863
5260 1142
5260 2202
5260 3055
5260 4015
5260 4017
5260 4252
5260 4273
5260 5683
5262 1948
5262 4644
5262 4911
5262 5168
5262 5222
5270 2332
5270 2687
5270 4444
5270 5484
5274 714
5274 1106
5274 1171
5274 2643
5274 2752
5274 3474
5277 84
5277 1476
5277 2537
5277 4208
5277 4762
5277 5088
5277 5454
5277 5475
5278 1161
5278 1174
5278 2441
5278 2480
5278 3695
5278 4085
5278 5371
5279 235
5279 734
5279 2523
5279 3070
5279 5150
5284 1145
5284 2308
5284 3807
5291 1506
5291 1743
5291 2437
5303 275
5303 367
5303 1298
5303 1643
5303 1649
5303 1895
5303 3638
5303 5510
5304 888
5304 1039
5304 1311
5304 2333
5304 4534
5304 4638
5313 809
5313 889
5313 1498
5313 1529
5313 4678
5319 1220
5319 3074
5319 3128
5319 4127
5319 5166
5320 4
5320 2898
5320 2919
5320 4375
5320 5236
5324 553
5324 893
5324 1315
5324 2028
5324 3266
5324 3680
5328 813
5328 4855
5328 5401
5334 53
5334 2566
5334 5750
5354 43
5354 1077
5354 3902
5354 3914
5354 4193
5355 62
5355 398
5355 521
5355 652
5355 1780
5355 1957
5355 2334
5365 1078
5365 3132
5370 2311
5370 4264
5370 4346
5370 4436
5371 1161
5371 1174
5371 2441
5371 2480
5371 3695
5371 4085
5371 5278
5372 68
5372 1124
5372 1715
5372 3489
5372 3530
5372 4098
5372 4232
5372 5043
5372 5257
5373 1271
5373 2447
5376 1025
5376 1053
5376 3178
5376 3333
5376 5085
5378 429
5378 2319
5378 5004
5378 5038
5379 85
5379 123
5379 1213
5379 2501
5379 3310
5380 2396
5380 4896
5381 1326
5381 1767
5381 5412
5381 5473
5382 553
5382 826
5382 931
5382 1323
5382 1783
5382 3499
5382 5226
5383 4079
5383 5130
5387 137
5387 347
5387 590
5387 5728
5396 243
5396 608
5396 714
5396 715
5396 1409
5396 1769
5396 4062
5396 4643
5396 4797
5396 4970
5396 5015
5396 5670
5398 902
5398 4432
5398 4870
5401 813
5401 1392
5401 2683
5401 4855
5401 5328
5409 726
5409 909
5409 1543
5409 1559
5409 2109
5409 5149
5411 484
5411 620
5411 701
5411 1568
5411 1817
5411 2438
5411 3047
5411 3342
5411 4746
5412 1326
5412 1767
5412 5381
5412 5473
5414 19
5414 762
5414 931
5414 1899
5414 1916
5414 2316
5414 2435
5414 2598
5414 2721
5414 3076
5414 3155
5414 3817
5414 4054
5414 4417
5414 4870
5414 5122
5420 575
5420 3269
5424 1385
5424 4270
5428 12
5428 443
5428 555
5428 658
5428 700
5428 1043
5428 1548
5428 1781
5428 1858
5428 2090
5428 3339
5428 3410
5428 3786
5428 4569
5428 5023
5428 5164
5428 5455
5428 5520
5431 372
5431 3032
5432 2117
5432 2594
5432 5585
5441 8
5441 582
5441 594
5441 3857
5444 1772
5444 3181
5444 3622
5444 4339
5444 5125
5445 1394
5445 1912
5445 4294
5445 5566
5446 776
5446 2365
5446 2398
5450 990
5450 1827
5450 2669
5450 3282
5450 3763
5454 84
5454 1476
5454 2537
5454 4208
5454 4762
5454 5088
5454 5277
5454 5475
5455 12
5455 443
5455 555
5455 658
5455 700
5455 1043
5455 1548
5455 1781
5455 1858
5455 2090
5455 3339
5455 3410
5455 3786
5455 4569
5455 5023
5455 5164
5455 5428
5455 5520
5464 1842
5464 2448
5464 2641
5464 3158
5464 3565
5464 4267
5464 4488
5464 4516
5467 905
5467 1002
5467 1547
5467 2024
5467 2913
5467 3278
5467 3319
5467 3341
5467 3392
5467 3393
5467 3932
5467 4414
5473 1326
5473 1767
5473 5381
5473 5412
5475 84
5475 1476
5475 2537
5475 4208
5475 4762
5475 5088
5475 5277
5475 5454
5480 1557
5480 2520
5480 2886
5480 3391
5480 3985
5480 4053
5480 4093
5480 5540
5480 5679
5481 1370
5481 4451
5482 640
5482 901
5482 2556
5482 2843
5482 4065
5484 2332
5484 2687
5484 4444
5484 5270
5488 647
5488 3193
5488 3894
5488 4269
5488 4330
5498 593
5498 3671
5498 4062
5498 4933
5498 5015
5506 1425
5506 4503
5509 591
5509 640
5509 5064
5510 275
5510 367
5510 1298
5510 1643
5510 1649
5510 1895
5510 3638
5510 5303
5511 1001
5511 3879
5511 4752
5511 4791
5512 301
5512 310
5512 1456
5512 1872
5512 2195
5512 2937
5512 3309
5512 3893
5512 4142
5514 1023
5514 3137
5514 3852
5514 4954
5518 1
5518 547
5518 1880
5518 3165
5518 4514
5520 12
5520 443
5520 555
5520 658
5520 700
5520 1043
5520 1548
5520 1781
5520 1858
5520 2090
5520 3339
5520 3410
5520 3786
5520 4569
5520 5023
5520 5164
5520 5428
5520 5455
5521 496
5521 1196
5521 1460
5521 2324
5521 2620
5521 3534
5521 4174
5528 463
5528 5051
5540 1557
5540 2520
5540 2886
5540 3391
5540 3985
5540 4053
5540 4093
5540 5480
5540 5679
5550 2403
5550 3285
5557 1325
5557 1357
5557 3033
5566 1394
5566 1912
5566 4294
5566 5445
5568 7
5568 707
5568 1762
5568 2365
5568 2923
5568 3951
5568 4942
5572 780
5572 1120
5572 2398
5572 2466
5572 4250
5572 4851
5574 2446
5574 3806
5574 4295
5574 4649
5583 1537
5583 4920
5583 4975
5583 5042
5585 2117
5585 2594
5585 5432
5596 259
5596 3301
5596 4106
5599 972
5599 2709
5599 2920
5599 4168
5599 4665
5599 4790
5599 4791
5609 94
5609 2762
5609 4378
5610 2299
5610 2577
5610 3545
5614 85
5614 624
5614 716
5614 787
5614 2075
5614 4326
5614 4836
5620 252
5620 2482
5620 2908
5620 4954
5622 1216
5622 1594
5622 2762
5622 3193
5627 17
5627 924
5627 2591
5627 4665
5631 15
5631 203
5631 472
5631 1112
5631 1732
5631 1733
5631 1884
5631 2595
5631 3036
5631 3104
5631 3628
5631 3633
5631 4299
5631 4408
5631 4873
5631 4874
5631 5069
5631 5207
5634 4387
5670 243
5670 608
5670 714
5670 715
5670 1409
5670 1769
5670 4062
5670 4643
5670 4797
5670 4970
5670 5015
5670 5396
5677 1381
5677 1595
5677 2557
5677 4212
5677 4606
5677 4880
5679 1557
5679 2520
5679 2886
5679 3391
5679 3985
5679 4053
5679 4093
5679 5480
5679 5540
5683 588
5683 772
5683 863
5683 1142
5683 2202
5683 3055
5683 4015
5683 4017
5683 4252
5683 4273
5683 5260
5686 4176
5686 4222
5688 237
5688 1032
5688 3404
5688 3408
5688 3745
5688 4401
5688 5073
5688 5083
5694 61
5694 2295
5694 2381
5694 3300
5711 412
5711 692
5711 822
5711 2624
5711 2895
5711 2931
5711 3744
5711 4433
5711 5092
5712 714
5712 3043
5712 4743
5712 4880
5728 137
5728 347
5728 590
5728 5387
5732 31
5732 434
5732 1133
5732 1380
5732 2586
5734 3758
5734 5242
5740 281
5740 2378
5740 2803
5740 4338
5740 4380
5740 4957
5747 1047
5747 2744
5750 53
5750 2566
5750 5334
5755 64
5755 2471
5755 3824
5755 4884
5759 577
5759 2932
