7 1762
7 4942
7 5568
8 582
8 3857
8 5441
12 443
12 555
12 658
12 700
12 1043
12 1548
12 1781
12 1858
12 3339
12 3410
12 3786
12 4569
12 5023
12 5164
12 5428
12 5455
12 5520
17 924
17 2591
17 3610
17 5121
17 5364
19 762
19 931
19 1899
19 1916
19 2316
19 2435
19 2598
19 2721
19 3076
19 3155
19 3817
19 4054
19 4417
19 4870
19 5122
19 5414
22 1439
22 2238
22 2451
22 2682
22 2816
22 2933
22 3966
22 4440
22 4718
23 2995
23 3253
28 694
28 2774
28 4202
31 434
31 1133
31 1380
31 2586
31 5732
43 2387
43 4193
43 5475
44 841
44 931
44 1004
44 1172
44 2361
44 2624
44 3315
44 4108
44 5001
53 2566
53 5334
53 5750
54 2943
54 4038
54 4356
54 4611
59 381
59 2073
59 2224
59 2887
59 3008
59 3051
59 3160
59 3804
59 4129
61 2381
61 5694
62 398
62 521
62 652
62 1780
62 1957
62 2334
62 5355
63 1835
63 3396
63 5055
64 1211
64 2471
64 3824
64 4884
64 5433
64 5755
73 133
73 810
73 1291
73 1295
73 1687
73 1879
73 2370
73 2503
73 3491
73 3671
73 4491
73 4933
73 4938
73 5114
82 1114
82 2063
82 3405
82 3861
82 3970
82 3986
82 4831
83 770
83 804
83 1922
83 3403
83 4288
84 1476
84 2537
84 4208
84 4762
84 5088
84 5277
84 5454
84 5475
85 123
85 624
85 1467
85 2075
85 2123
85 2501
85 3059
85 3310
85 3311
85 3701
85 4016
85 4761
85 4857
85 5032
85 5254
85 5746
94 2429
97 472
97 553
97 931
97 1323
97 1783
97 5226
97 5382
99 229
99 507
99 1357
99 1373
99 1533
99 2363
99 2702
99 2704
99 3033
99 3555
99 4156
99 4498
107 1127
107 3167
107 3659
107 3825
107 4061
110 370
110 720
110 5111
113 330
113 369
113 503
113 1072
113 2394
113 2792
113 3313
113 3955
123 85
123 2123
123 2501
123 3310
123 5746
126 776
126 2365
126 2398
126 5446
127 342
127 2809
127 3820
127 4007
127 4526
133 73
133 1687
133 2370
133 4491
134 1752
134 4096
139 545
139 1468
141 182
141 772
141 916
141 2080
141 2314
141 2627
141 2633
141 3685
141 4024
141 4939
141 5227
182 141
182 916
182 2633
182 5227
192 417
192 668
192 2456
192 4227
192 4402
192 4636
194 862
194 1128
194 1454
194 1774
194 3049
194 4153
194 4252
194 4849
194 5063
198 1032
198 1139
198 1191
198 1248
198 2643
198 3197
198 3361
198 3404
198 3478
198 4104
198 4306
198 4314
198 4401
198 5083
198 5390
198 5688
202 3184
202 4093
202 4289
202 4791
202 4913
203 448
203 472
203 488
203 969
203 1429
203 1884
203 2595
203 2679
203 3036
203 3039
203 3633
203 4408
203 4842
203 4890
203 4917
203 5069
203 5249
203 5335
204 2193
204 2258
204 3521
204 5082
211 462
211 593
211 632
211 1769
211 2134
211 2509
211 4505
211 4643
211 4797
211 5015
211 5307
225 2014
225 2940
225 4473
226 2091
226 4326
226 5192
229 99
229 507
229 1357
229 1373
229 1533
229 2363
229 2702
229 2704
229 3033
229 3555
229 4156
229 4498
235 734
235 2523
235 3070
235 5150
235 5279
242 829
242 1153
242 1256
242 1718
242 1814
242 2295
242 3988
242 4403
275 367
275 1298
275 1643
275 1649
275 1895
275 3638
275 5303
275 5510
281 2378
281 2803
281 4338
281 4380
281 4957
281 5740
292 716
292 3761
292 5694
301 310
301 1456
301 1872
301 2195
301 2937
301 3309
301 3893
301 4142
301 5512
307 902
307 4511
307 4870
307 5398
309 840
309 1096
309 1157
309 1384
309 1876
309 3869
309 4943
310 301
310 1456
310 1872
310 2195
310 2937
310 3309
310 3893
310 4142
310 5512
313 902
313 1087
313 2459
313 3714
313 3763
313 4656
313 5180
316 2483
330 113
330 369
330 503
330 1072
330 2394
330 2792
330 3313
330 3955
334 1687
334 1841
334 2643
334 3150
334 3410
334 3745
334 3940
334 4692
336 1325
336 1644
336 3033
336 5025
336 5033
342 127
342 2809
342 3820
342 4007
342 4526
343 2215
343 4271
346 1070
346 4081
346 4184
346 5049
347 794
347 4453
347 5387
347 5728
349 1377
349 2706
353 980
353 1684
353 2151
353 3696
353 4137
353 4268
353 5194
367 275
367 1298
367 1643
367 1649
367 1895
367 3638
367 5303
367 5510
368 1196
368 2324
368 4174
368 4366
368 5384
368 5521
369 113
369 330
369 503
369 1072
369 2394
369 2792
369 3313
369 3955
370 110
370 720
370 5111
372 1038
372 1103
372 1264
372 2129
372 3032
372 3896
372 4467
372 5431
381 59
381 2073
381 2224
381 2887
381 3008
381 3051
381 3160
381 3804
381 4129
383 3621
383 4047
383 4919
383 5095
383 5274
386 1624
386 2093
386 2222
386 2257
386 2630
386 4132
391 2393
391 2528
391 2851
393 978
393 3036
393 3924
393 5156
396 3102
396 3198
396 3827
398 62
398 521
398 652
398 1780
398 1957
398 2334
398 5355
404 4252
412 692
412 822
412 2624
412 2895
412 3744
412 4433
412 5092
417 192
417 668
417 2456
417 4227
417 4402
417 4636
420 422
420 804
420 1576
420 2073
422 420
422 804
422 1576
422 2073
429 2319
429 5004
429 5038
429 5378
434 31
434 1133
434 1380
434 2586
434 5732
443 12
443 555
443 658
443 700
443 1043
443 1548
443 1781
443 1858
443 3339
443 3410
443 3786
443 4569
443 5023
443 5164
443 5428
443 5455
443 5520
448 203
448 472
448 488
448 969
448 1429
448 1884
448 2595
448 2679
448 3036
448 3039
448 3633
448 4408
448 4842
448 4890
448 4917
448 5069
448 5249
448 5335
462 211
462 494
462 549
462 593
462 632
462 1006
462 2509
462 4505
462 4643
462 5118
463 5051
463 5528
472 97
472 203
472 448
472 488
472 553
472 931
472 969
472 1323
472 1429
472 1783
472 1884
472 2595
472 2679
472 3036
472 3039
472 3633
472 4408
472 4842
472 4890
472 4917
472 5069
472 5226
472 5249
472 5335
472 5382
488 203
488 448
488 472
488 969
488 1429
488 1884
488 2595
488 2679
488 3036
488 3039
488 3633
488 4408
488 4842
488 4890
488 4917
488 5069
488 5249
488 5335
494 462
494 549
494 1006
494 5118
503 113
503 330
503 369
503 1072
503 2394
503 2792
503 3313
503 3955
507 99
507 229
507 1357
507 1373
507 1533
507 2363
507 2702
507 2704
507 3033
507 3555
507 4156
507 4498
519 765
519 767
519 1300
519 1797
519 2673
521 62
521 398
521 652
521 1780
521 1957
521 2334
521 5355
525 1960
525 3137
525 3301
525 4280
525 5245
545 139
545 1468
546 3314
546 4616
549 462
549 494
549 1006
549 5118
553 97
553 472
553 893
553 931
553 1315
553 1323
553 1783
553 2028
553 3266
553 3680
553 5226
553 5324
553 5382
555 12
555 443
555 658
555 700
555 1043
555 1548
555 1781
555 1858
555 3339
555 3410
555 3786
555 4569
555 5023
555 5164
555 5428
555 5455
555 5520
575 3269
575 5420
576 1403
576 2169
576 4057
576 4413
577 4075
578 644
578 1379
578 2930
578 2970
578 3295
578 3716
578 4120
578 5171
578 5211
582 8
582 3857
582 5441
583 2370
583 4617
583 4734
584 1124
584 1715
584 3489
584 3530
584 4098
584 4232
584 5043
584 5257
584 5372
588 772
588 863
588 1142
588 2202
588 3055
588 4015
588 4017
588 4252
588 4273
588 5260
588 5683
591 640
591 5064
591 5509
593 211
593 462
593 632
593 2509
593 4505
593 4643
597 1648
597 1970
597 3171
597 3224
597 4154
597 5073
607 1464
607 4959
624 85
624 1467
624 2075
632 211
632 462
632 593
632 2509
632 4505
632 4643
640 591
640 5064
640 5509
644 578
644 1379
644 2930
644 2970
644 3295
644 3716
644 4120
644 5171
644 5211
646 2430
646 4937
647 3193
647 3894
647 4269
647 4330
652 62
652 398
652 521
652 1780
652 1957
652 2334
652 5355
654 1381
654 1595
654 4212
654 4673
654 4880
654 5677
656 3882
656 4392
656 5469
658 12
658 443
658 555
658 700
658 1043
658 1548
658 1781
658 1858
658 3339
658 3410
658 3786
658 4569
658 5023
658 5164
658 5428
658 5455
658 5520
661 890
661 968
661 1321
661 1717
661 3875
661 4515
666 1322
668 192
668 417
668 2456
668 4227
668 4402
668 4636
669 3365
669 4219
669 5026
673 694
673 1188
673 1874
673 3920
673 5621
675 1328
675 1840
675 1845
675 1986
675 3296
675 4146
675 4282
675 4645
675 4880
675 5080
691 814
691 841
691 1425
691 1920
691 4113
692 412
692 822
692 2624
692 2895
692 3744
692 4433
692 5092
694 28
694 673
694 1188
694 1590
694 1874
694 2340
694 2734
694 2774
694 3815
694 3920
694 4202
694 4677
694 5621
695 989
695 2594
695 5432
695 5585
697 931
697 1570
697 2125
697 4082
697 4894
699 2630
699 4187
699 4517
700 12
700 443
700 555
700 658
700 1043
700 1548
700 1781
700 1858
700 3339
700 3410
700 3786
700 4569
700 5023
700 5164
700 5428
700 5455
700 5520
707 2365
707 2923
707 3951
707 5568
714 934
714 984
714 1106
714 1171
714 2643
714 2752
714 2772
714 3043
714 3474
714 4472
714 4743
714 4880
714 4894
714 5129
714 5274
714 5712
716 292
716 2381
716 3300
716 3761
716 5694
720 110
720 370
720 5111
726 909
726 1543
726 1559
726 2109
726 5149
726 5409
728 1462
728 2721
728 3075
728 4491
732 1346
732 2747
732 2950
732 4313
732 4870
732 5300
734 235
734 2523
734 3070
734 5150
734 5279
752 1638
752 2719
752 4302
752 4351
752 4369
754 3842
754 4596
758 863
758 1337
758 1646
758 1844
758 4430
762 19
762 931
762 1899
762 1916
762 2316
762 2435
762 2598
762 2721
762 3076
762 3155
762 3817
762 4054
762 4417
762 4870
762 5122
762 5414
765 519
765 767
765 1300
765 1797
765 2673
767 519
767 765
767 1300
767 1797
767 2673
769 4270
769 5062
770 83
770 804
770 1922
770 3403
770 4288
772 141
772 588
772 863
772 1142
772 2080
772 2202
772 2627
772 3055
772 4015
772 4017
772 4252
772 4273
772 5260
772 5683
776 126
776 2365
776 2398
776 5446
780 2398
780 2466
780 4250
780 5572
787 4326
787 4836
787 5614
794 347
794 4453
794 5387
794 5728
797 3394
797 3827
797 4072
799 888
799 1039
799 1311
799 2333
799 4638
799 5304
804 83
804 420
804 422
804 770
804 1576
804 1922
804 2073
804 3403
804 4288
808 1042
808 2400
808 3123
808 3363
809 889
809 1498
809 1529
809 4678
809 5313
810 73
810 1291
810 1295
810 1879
810 2503
810 3491
810 3671
810 4933
810 4938
810 5114
813 2709
813 4183
813 4855
813 5401
814 691
814 841
814 1425
814 1920
814 4113
822 412
822 692
822 2624
822 2895
822 3744
822 4433
822 5092
829 242
829 1153
829 1256
829 1718
829 1760
829 1814
829 1959
829 2295
829 3988
829 4403
829 5183
829 5250
829 5527
840 309
840 1096
840 1157
840 1384
840 1876
840 3869
840 4943
841 44
841 691
841 814
841 931
841 1004
841 1172
841 1425
841 1920
841 2361
841 2624
841 3315
841 4108
841 4113
841 5001
862 194
862 1128
862 1454
862 1774
862 3049
862 4153
862 4252
862 4849
862 5063
863 588
863 758
863 772
863 1142
863 1337
863 1646
863 1844
863 2202
863 3055
863 4015
863 4017
863 4252
863 4273
863 4430
863 5260
863 5683
888 799
888 1039
888 1311
888 2333
888 4638
888 5304
889 809
889 1498
889 1529
889 4678
889 5313
890 661
890 968
890 1321
890 1717
890 3875
890 4515
893 553
893 1315
893 2028
893 3266
893 3680
893 5324
901 2335
901 2408
901 2556
901 4065
901 4744
901 5482
902 307
902 313
902 1087
902 2459
902 3714
902 3763
902 4511
902 4656
902 4870
902 5180
902 5398
905 3278
905 3392
905 3393
905 4414
905 5467
909 726
909 1543
909 1559
909 2109
909 5149
909 5409
910 1557
910 2520
910 2783
910 3391
910 3985
910 4009
910 4053
910 4093
910 4560
910 4598
910 4669
910 5480
910 5679
916 141
916 182
916 2633
916 5227
924 17
924 2591
924 3610
924 5121
924 5364
931 19
931 44
931 97
931 472
931 553
931 697
931 762
931 841
931 1004
931 1172
931 1323
931 1570
931 1783
931 1899
931 1916
931 2125
931 2316
931 2361
931 2435
931 2598
931 2624
931 2721
931 3076
931 3155
931 3315
931 3817
931 4054
931 4082
931 4108
931 4417
931 4870
931 4894
931 5001
931 5122
931 5226
931 5382
931 5414
934 714
934 984
934 2772
934 4472
934 4894
934 5129
946 1219
946 1981
946 2683
968 661
968 890
968 1321
968 1717
968 3875
968 4515
969 203
969 448
969 472
969 488
969 1429
969 1884
969 2595
969 2679
969 3036
969 3039
969 3633
969 4408
969 4842
969 4890
969 4917
969 5069
969 5249
969 5335
972 4492
972 4665
972 4790
972 5386
972 5599
978 393
978 3036
978 3924
978 5156
980 353
980 1684
980 2151
980 3696
980 4137
980 4268
980 5194
984 714
984 934
984 2772
984 4472
984 4894
984 5129
989 695
989 2594
989 5432
989 5585
990 1607
990 1827
990 2727
990 3763
990 5450
992 1914
992 4166
1001 1275
1001 2514
1001 3879
1001 3983
1001 4752
1001 4791
1001 4838
1001 4954
1001 5511
1002 1547
1002 2913
1002 3319
1002 3341
1002 3932
1002 4968
1002 5467
1004 44
1004 841
1004 931
1004 1172
1004 2361
1004 2624
1004 3315
1004 4108
1004 5001
1006 462
1006 494
1006 549
1006 5118
1008 5113
1008 5506
1009 1345
1009 2882
1009 4186
1009 4358
1023 3137
1023 4954
1025 1053
1025 3178
1025 3333
1025 5085
1025 5376
1032 198
1032 1139
1032 1191
1032 1248
1032 2643
1032 3197
1032 3361
1032 3404
1032 3478
1032 4104
1032 4306
1032 4314
1032 4401
1032 5083
1032 5390
1032 5688
1038 372
1038 1103
1038 2129
1038 3896
1038 4467
1039 799
1039 888
1039 1311
1039 2333
1039 4638
1039 5304
1042 808
1042 2400
1042 3123
1042 3363
1043 12
1043 443
1043 555
1043 658
1043 700
1043 1548
1043 1781
1043 1858
1043 3339
1043 3410
1043 3786
1043 4569
1043 5023
1043 5164
1043 5428
1043 5455
1043 5520
1053 1025
1053 3178
1053 3333
1053 5085
1053 5376
1070 346
1070 4081
1070 4184
1070 5049
1072 113
1072 330
1072 369
1072 503
1072 2394
1072 2792
1072 3313
1072 3955
1078 3132
1078 5365
1087 313
1087 902
1087 3714
1087 4656
1090 3143
1090 4126
1096 309
1096 840
1096 1157
1096 1384
1096 1876
1096 3869
1096 4943
1103 372
1103 1038
1103 2129
1103 3896
1103 4467
1106 714
1106 1171
1106 2370
1106 2643
1106 2752
1106 2760
1106 3474
1106 5069
1106 5274
1114 82
1114 1932
1114 2063
1114 2610
1114 2962
1114 3028
1114 3140
1114 3405
1114 3861
1114 3865
1114 3970
1114 3986
1114 4255
1114 4677
1114 4831
1124 584
1124 1715
1124 3489
1124 3530
1124 4098
1124 4232
1124 5043
1124 5257
1124 5372
1127 107
1127 3167
1127 3659
1127 3825
1127 4061
1128 194
1128 862
1128 1454
1128 1774
1128 3049
1128 4153
1128 4252
1128 4849
1128 5063
1133 31
1133 434
1133 1380
1133 2586
1133 5732
1139 198
1139 1032
1139 1191
1139 1248
1139 2643
1139 3197
1139 3361
1139 3404
1139 3478
1139 4104
1139 4306
1139 4314
1139 4401
1139 5083
1139 5390
1139 5688
1142 588
1142 772
1142 863
1142 2202
1142 3055
1142 4015
1142 4017
1142 4252
1142 4273
1142 5260
1142 5683
1145 2308
1145 3042
1145 3807
1145 4197
1153 242
1153 829
1153 1256
1153 1718
1153 1814
1153 1839
1153 2295
1153 3353
1153 3488
1153 3988
1153 4031
1153 4403
1153 4587
1157 309
1157 840
1157 1096
1157 1384
1157 1876
1157 3869
1157 4943
1158 2170
1158 4044
1161 1174
1161 2441
1161 2480
1161 3695
1161 4085
1161 5278
1161 5371
1171 714
1171 1106
1171 2643
1171 2752
1171 3474
1171 5274
1172 44
1172 841
1172 931
1172 1004
1172 2361
1172 2624
1172 3315
1172 4108
1172 5001
1174 1161
1174 2441
1174 2480
1174 3695
1174 4085
1174 5278
1174 5371
1179 2324
1179 2403
1179 2746
1179 3285
1179 4535
1179 5229
1185 3685
1185 3758
1185 4063
1188 673
1188 694
1188 1874
1188 3920
1188 5621
1191 198
1191 1032
1191 1139
1191 1248
1191 2643
1191 3197
1191 3361
1191 3404
1191 3478
1191 4104
1191 4306
1191 4314
1191 4401
1191 5083
1191 5390
1191 5688
1196 368
1196 2324
1196 4174
1196 4366
1196 5384
1196 5521
1211 64
1211 2471
1211 5433
1219 946
1219 1981
1219 2683
1220 3074
1220 3128
1220 4127
1220 5166
1220 5319
1221 1969
1221 2219
1221 2367
1221 2523
1221 4442
1221 5028
1221 5133
1227 4562
1227 4625
1227 5075
1241 1470
1241 1687
1241 2898
1241 3130
1241 3405
1248 198
1248 1032
1248 1139
1248 1191
1248 2643
1248 3197
1248 3361
1248 3404
1248 3478
1248 4104
1248 4306
1248 4314
1248 4401
1248 5083
1248 5390
1248 5688
1256 242
1256 829
1256 1153
1256 1718
1256 1814
1256 2295
1256 3988
1256 4403
1264 372
1264 3032
1264 5431
1271 2447
1271 5373
1275 1001
1275 2514
1275 3983
1275 4838
1275 4954
1282 1893
1282 2724
1291 73
1291 810
1291 1295
1291 1879
1291 2503
1291 3491
1291 3671
1291 4933
1291 4938
1291 5114
1295 73
1295 810
1295 1291
1295 1879
1295 2503
1295 3491
1295 3671
1295 4933
1295 4938
1295 5114
1298 275
1298 367
1298 1643
1298 1649
1298 1895
1298 3638
1298 5303
1298 5510
1300 519
1300 765
1300 767
1300 1797
1300 2673
1304 2084
1304 3071
1304 3817
1304 4698
1304 4955
1311 799
1311 888
1311 1039
1311 2333
1311 4638
1311 5304
1314 1825
1314 2266
1314 4464
1314 5214
1314 5677
1315 553
1315 893
1315 2028
1315 3266
1315 3680
1315 5324
1321 661
1321 890
1321 968
1321 1717
1321 3875
1321 4515
1322 666
1323 97
1323 472
1323 553
1323 931
1323 1783
1323 5226
1323 5382
1325 336
1325 1357
1325 1644
1325 3033
1325 5025
1325 5033
1325 5557
1328 675
1328 1840
1328 3296
1328 4282
1337 758
1337 863
1337 1646
1337 1844
1337 4430
1345 1009
1345 2882
1345 4186
1345 4358
1346 732
1346 2747
1346 2950
1346 4313
1346 4870
1346 5300
1357 99
1357 229
1357 507
1357 1325
1357 1373
1357 1533
1357 2363
1357 2523
1357 2702
1357 2704
1357 2721
1357 3033
1357 3555
1357 4156
1357 4498
1357 5033
1357 5557
1370 4451
1370 5481
1371 5130
1371 5383
1373 99
1373 229
1373 507
1373 1357
1373 1533
1373 2363
1373 2702
1373 2704
1373 3033
1373 3555
1373 4156
1373 4498
1377 349
1377 2706
1379 578
1379 644
1379 2930
1379 2970
1379 3295
1379 3716
1379 4120
1379 5171
1379 5211
1380 31
1380 434
1380 1133
1380 2586
1380 5732
1381 654
1381 1595
1381 1960
1381 2404
1381 3543
1381 3929
1381 4212
1381 4673
1381 4880
1381 5677
1384 309
1384 840
1384 1096
1384 1157
1384 1876
1384 3869
1384 4943
1392 2683
1392 5401
1394 1912
1394 4294
1394 5445
1394 5566
1395 4262
1395 5080
1403 576
1403 2169
1403 4057
1403 4413
1405 2744
1405 5306
1405 5747
1425 691
1425 814
1425 841
1425 1920
1425 4113
1429 203
1429 448
1429 472
1429 488
1429 969
1429 1884
1429 2595
1429 2679
1429 3036
1429 3039
1429 3633
1429 4408
1429 4842
1429 4890
1429 4917
1429 5069
1429 5249
1429 5335
1439 22
1439 2238
1439 2451
1439 2682
1439 2816
1439 2933
1439 3966
1439 4440
1439 4718
1454 194
1454 862
1454 1128
1454 1774
1454 3049
1454 4153
1454 4252
1454 4849
1454 5063
1456 301
1456 310
1456 1872
1456 2195
1456 2937
1456 3309
1456 3893
1456 4142
1456 5512
1462 728
1462 2721
1462 3075
1462 4491
1464 607
1464 4959
1467 85
1467 624
1467 2075
1468 139
1468 545
1470 1241
1470 1687
1470 2898
1470 3130
1470 3405
1476 84
1476 2537
1476 4208
1476 4762
1476 5088
1476 5277
1476 5454
1476 5475
1483 2396
1483 4896
1483 5380
1486 1550
1486 3312
1486 4049
1489 2606
1489 3350
1489 3427
1489 3592
1498 809
1498 889
1498 1529
1498 4678
1498 5313
1506 1743
1506 2437
1506 5291
1519 3087
1519 3532
1519 4219
1529 809
1529 889
1529 1498
1529 4678
1529 5313
1533 99
1533 229
1533 507
1533 1357
1533 1373
1533 2363
1533 2702
1533 2704
1533 3033
1533 3555
1533 4156
1533 4498
1537 4920
1537 4975
1537 5583
1542 1877
1542 2753
1542 2766
1542 3604
1542 4429
1542 4470
1542 5172
1543 726
1543 909
1543 1559
1543 2109
1543 5149
1543 5409
1547 1002
1547 2913
1547 3319
1547 3341
1547 3932
1547 4968
1547 5467
1548 12
1548 443
1548 555
1548 658
1548 700
1548 1043
1548 1781
1548 1858
1548 3339
1548 3410
1548 3786
1548 4569
1548 5023
1548 5164
1548 5428
1548 5455
1548 5520
1550 1486
1550 3312
1550 4049
1557 910
1557 2520
1557 2783
1557 3391
1557 3985
1557 4009
1557 4053
1557 4093
1557 4560
1557 4598
1557 4669
1557 5480
1557 5679
1559 726
1559 909
1559 1543
1559 2109
1559 5149
1559 5409
1570 697
1570 931
1570 2125
1570 4082
1570 4894
1576 420
1576 422
1576 804
1576 2073
1590 694
1590 2340
1590 2540
1590 2543
1590 2734
1590 3610
1590 3815
1590 4622
1590 4677
1590 5274
1595 654
1595 1381
1595 4212
1595 4673
1595 4880
1595 5677
1606 4000
1606 4619
1606 4640
1607 990
1607 1827
1607 2727
1607 3763
1607 5450
1619 4188
1619 5160
1624 386
1624 2093
1624 2222
1624 2257
1624 2630
1624 4132
1636 4061
1636 5132
1636 5580
1638 752
1638 2719
1638 4302
1638 4351
1638 4369
1643 275
1643 367
1643 1298
1643 1649
1643 1895
1643 3638
1643 5303
1643 5510
1644 336
1644 1325
1644 3033
1644 5025
1644 5033
1646 758
1646 863
1646 1337
1646 1844
1646 4430
1648 597
1648 1970
1648 3171
1648 3224
1648 4154
1648 5073
1649 275
1649 367
1649 1298
1649 1643
1649 1895
1649 3638
1649 5303
1649 5510
1671 4176
1671 5018
1684 353
1684 980
1684 2151
1684 3696
1684 4137
1684 4268
1684 5194
1687 73
1687 133
1687 334
1687 1241
1687 1470
1687 1841
1687 2370
1687 2643
1687 2898
1687 3130
1687 3150
1687 3405
1687 3410
1687 3745
1687 3940
1687 4491
1687 4692
1696 4951
1715 584
1715 1124
1715 3489
1715 3530
1715 4098
1715 4232
1715 5043
1715 5257
1715 5372
1717 661
1717 890
1717 968
1717 1321
1717 3875
1717 4515
1718 242
1718 829
1718 1153
1718 1256
1718 1814
1718 2295
1718 3988
1718 4403
1723 1953
1723 4013
1743 1506
1743 2437
1743 5291
1750 3777
1750 4287
1750 4511
1752 134
1752 4096
1760 829
1760 1959
1760 5183
1760 5250
1760 5527
1762 7
1762 4942
1762 5568
1769 211
1769 2134
1769 4643
1769 4797
1769 5015
1769 5307
1772 3181
1772 4339
1772 5125
1772 5444
1774 194
1774 862
1774 1128
1774 1454
1774 3049
1774 4153
1774 4252
1774 4849
1774 5063
1780 62
1780 398
1780 521
1780 652
1780 1957
1780 2334
1780 5355
1781 12
1781 443
1781 555
1781 658
1781 700
1781 1043
1781 1548
1781 1858
1781 3339
1781 3410
1781 3786
1781 4569
1781 5023
1781 5164
1781 5428
1781 5455
1781 5520
1783 97
1783 472
1783 553
1783 931
1783 1323
1783 5226
1783 5382
1797 519
1797 765
1797 767
1797 1300
1797 2673
1809 1983
1809 2075
1814 242
1814 829
1814 1153
1814 1256
1814 1718
1814 2295
1814 3988
1814 4403
1823 4186
1823 4713
1823 4720
1823 5133
1825 1314
1825 2266
1825 4464
1825 5214
1825 5677
1827 990
1827 1607
1827 2727
1827 3763
1827 5450
1835 63
1835 3396
1835 5055
1839 1153
1839 3353
1839 3488
1839 4031
1839 4587
1840 675
1840 1328
1840 3296
1840 4282
1841 334
1841 1687
1841 2643
1841 3150
1841 3410
1841 3745
1841 3940
1841 4692
1842 2448
1842 2641
1842 3158
1842 3565
1842 4267
1842 4516
1842 5464
1844 758
1844 863
1844 1337
1844 1646
1844 4430
1845 675
1845 1986
1845 4146
1845 4645
1845 4880
1845 5080
1858 12
1858 443
1858 555
1858 658
1858 700
1858 1043
1858 1548
1858 1781
1858 3339
1858 3410
1858 3786
1858 4569
1858 5023
1858 5164
1858 5428
1858 5455
1858 5520
1872 301
1872 310
1872 1456
1872 2195
1872 2937
1872 3309
1872 3893
1872 4142
1872 5512
1874 673
1874 694
1874 1188
1874 3920
1874 5621
1876 309
1876 840
1876 1096
1876 1157
1876 1384
1876 3869
1876 4943
1877 1542
1877 2753
1877 2766
1877 3604
1877 4429
1877 4470
1877 5172
1879 73
1879 810
1879 1291
1879 1295
1879 2503
1879 3491
1879 3671
1879 4933
1879 4938
1879 5114
1884 203
1884 448
1884 472
1884 488
1884 969
1884 1429
1884 2595
1884 2679
1884 3036
1884 3039
1884 3633
1884 4408
1884 4842
1884 4890
1884 4917
1884 5069
1884 5249
1884 5335
1893 1282
1893 2724
1895 275
1895 367
1895 1298
1895 1643
1895 1649
1895 3638
1895 5303
1895 5510
1899 19
1899 762
1899 931
1899 1916
1899 2316
1899 2435
1899 2598
1899 2721
1899 3076
1899 3155
1899 3817
1899 4054
1899 4417
1899 4870
1899 5122
1899 5414
1906 2192
1906 3958
1906 4039
1906 4355
1906 4568
1906 4894
1906 5205
1912 1394
1912 4294
1912 5445
1912 5566
1914 992
1914 4166
1916 19
1916 762
1916 931
1916 1899
1916 2316
1916 2435
1916 2598
1916 2721
1916 3076
1916 3155
1916 3817
1916 4054
1916 4417
1916 4870
1916 5122
1916 5414
1920 691
1920 814
1920 841
1920 1425
1920 4113
1922 83
1922 770
1922 804
1922 3403
1922 4288
1932 1114
1932 2610
1932 2717
1932 3028
1932 3561
1932 4677
1948 4644
1948 5168
1948 5222
1948 5262
1953 1723
1953 3052
1953 3327
1953 4013
1953 4019
1953 4113
1957 62
1957 398
1957 521
1957 652
1957 1780
1957 2334
1957 5355
1959 829
1959 1760
1959 5183
1959 5250
1959 5527
1960 525
1960 1381
1960 2404
1960 3137
1960 3301
1960 3543
1960 3929
1960 4280
1960 5245
1969 1221
1969 2367
1969 2523
1969 5133
1970 597
1970 1648
1970 3171
1970 3224
1970 4154
1970 5073
1978 2193
1978 2336
1978 2616
1978 4330
1978 5377
1981 946
1981 1219
1981 2683
1983 1809
1983 2075
1984 2228
1984 3817
1984 4925
1984 5022
1986 675
1986 1845
1986 4146
1986 4645
1986 4880
1986 5080
2014 225
2014 2940
2014 4473
2028 553
2028 893
2028 1315
2028 3266
2028 3680
2028 5324
2032 3951
2032 4388
2063 82
2063 1114
2063 3405
2063 3861
2063 3970
2063 3986
2063 4831
2073 59
2073 381
2073 420
2073 422
2073 804
2073 1576
2073 2224
2073 2887
2073 3008
2073 3051
2073 3160
2073 3550
2073 3804
2073 4020
2073 4129
2073 4639
2075 85
2075 624
2075 1467
2075 1809
2075 1983
2080 141
2080 772
2080 2627
2084 1304
2084 3071
2084 3817
2084 4698
2084 4955
2091 226
2091 4326
2091 5192
2093 386
2093 1624
2093 2222
2093 2257
2093 2630
2093 4132
2109 726
2109 909
2109 1543
2109 1559
2109 5149
2109 5409
2123 85
2123 123
2123 2501
2123 3310
2123 5746
2125 697
2125 931
2125 1570
2125 4082
2125 4894
2129 372
2129 1038
2129 1103
2129 3896
2129 4467
2134 211
2134 1769
2134 4643
2134 4797
2134 5015
2134 5307
2151 353
2151 980
2151 1684
2151 3696
2151 4137
2151 4268
2151 5194
2155 2230
2155 3404
2155 3854
2155 3884
2155 4443
2155 5248
2169 576
2169 1403
2169 4057
2169 4413
2170 1158
2170 4044
2192 1906
2192 3958
2192 4039
2192 4355
2192 4568
2192 4894
2192 5205
2193 204
2193 1978
2193 2258
2193 2336
2193 2616
2193 3521
2193 4330
2193 5082
2193 5377
2195 301
2195 310
2195 1456
2195 1872
2195 2937
2195 3309
2195 3893
2195 4142
2195 5512
2202 588
2202 772
2202 863
2202 1142
2202 3055
2202 4015
2202 4017
2202 4252
2202 4273
2202 5260
2202 5683
2215 343
2215 4271
2216 2424
2216 2935
2216 3115
2216 3999
2219 1221
2219 4442
2219 5028
2222 386
2222 1624
2222 2093
2222 2257
2222 2630
2222 4132
2224 59
2224 381
2224 2073
2224 2887
2224 3008
2224 3051
2224 3160
2224 3804
2224 4129
2228 1984
2228 3817
2228 4925
2228 5022
2230 2155
2230 3404
2230 3854
2230 3884
2230 4443
2230 5248
2238 22
2238 1439
2238 2451
2238 2682
2238 2816
2238 2933
2238 3966
2238 4440
2238 4718
2257 386
2257 1624
2257 2093
2257 2222
2257 2630
2257 4132
2258 204
2258 2193
2258 3521
2258 5082
2266 1314
2266 1825
2266 4464
2266 5214
2266 5677
2295 242
2295 829
2295 1153
2295 1256
2295 1718
2295 1814
2295 3988
2295 4403
2308 1145
2308 3042
2308 3807
2308 4197
2310 2476
2310 2929
2310 3308
2310 3379
2311 4264
2311 4346
2311 4436
2311 5370
2314 141
2314 2633
2314 3685
2314 4024
2314 4939
2316 19
2316 762
2316 931
2316 1899
2316 1916
2316 2435
2316 2598
2316 2721
2316 3076
2316 3155
2316 3817
2316 4054
2316 4417
2316 4870
2316 5122
2316 5414
2319 429
2319 5004
2319 5038
2319 5378
2324 368
2324 1179
2324 1196
2324 2746
2324 4174
2324 4366
2324 4535
2324 5229
2324 5384
2324 5521
2332 2687
2332 2900
2332 4444
2332 5270
2332 5484
2333 799
2333 888
2333 1039
2333 1311
2333 4638
2333 5304
2334 62
2334 398
2334 521
2334 652
2334 1780
2334 1957
2334 5355
2335 901
2335 2408
2335 2556
2335 4065
2335 4744
2335 5482
2336 1978
2336 2193
2336 2616
2336 4330
2336 5377
2340 694
2340 1590
2340 2734
2340 3815
2340 4677
2361 44
2361 841
2361 931
2361 1004
2361 1172
2361 2624
2361 3315
2361 4108
2361 5001
2363 99
2363 229
2363 507
2363 1357
2363 1373
2363 1533
2363 2702
2363 2704
2363 3033
2363 3555
2363 4156
2363 4498
2365 126
2365 707
2365 776
2365 2398
2365 2923
2365 3951
2365 5446
2365 5568
2367 1221
2367 1969
2367 2523
2367 5133
2370 73
2370 133
2370 583
2370 1106
2370 1687
2370 2760
2370 4491
2370 4617
2370 4734
2370 5069
2378 281
2378 2803
2378 4338
2378 4380
2378 4957
2378 5740
2381 61
2381 716
2381 3300
2381 5694
2387 43
2387 4193
2387 5475
2393 391
2393 2528
2393 2851
2394 113
2394 330
2394 369
2394 503
2394 1072
2394 2792
2394 3313
2394 3955
2396 1483
2396 4896
2396 5380
2398 126
2398 776
2398 780
2398 2365
2398 2466
2398 4250
2398 5446
2398 5572
2400 808
2400 1042
2400 3123
2400 3363
2403 1179
2403 3285
2404 1381
2404 1960
2404 3543
2404 3929
2408 901
2408 2335
2408 2556
2408 4065
2408 4744
2408 5482
2424 2216
2424 2935
2424 3115
2424 3999
2429 94
2430 646
2430 4937
2432 3366
2432 3621
2432 5258
2435 19
2435 762
2435 931
2435 1899
2435 1916
2435 2316
2435 2598
2435 2721
2435 3076
2435 3155
2435 3817
2435 4054
2435 4417
2435 4870
2435 5122
2435 5414
2437 1506
2437 1743
2437 5291
2441 1161
2441 1174
2441 2480
2441 3695
2441 4085
2441 5278
2441 5371
2446 3806
2446 4295
2446 4649
2446 5574
2447 1271
2447 5373
2448 1842
2448 2641
2448 3158
2448 3565
2448 4267
2448 4516
2448 5464
2451 22
2451 1439
2451 2238
2451 2682
2451 2816
2451 2933
2451 3966
2451 4440
2451 4718
2456 192
2456 417
2456 668
2456 4227
2456 4402
2456 4636
2459 313
2459 902
2459 3763
2459 5180
2466 780
2466 2398
2466 4250
2466 5572
2471 64
2471 1211
2471 3824
2471 4884
2471 5433
2471 5755
2476 2310
2476 2929
2480 1161
2480 1174
2480 2441
2480 3357
2480 3695
2480 4085
2480 4226
2480 5244
2480 5278
2480 5371
2483 316
2501 85
2501 123
2501 2123
2501 3310
2501 5746
2503 73
2503 810
2503 1291
2503 1295
2503 1879
2503 3491
2503 3671
2503 4933
2503 4938
2503 5114
2509 211
2509 462
2509 593
2509 632
2509 4505
2509 4643
2514 1001
2514 1275
2514 3983
2514 4838
2514 4954
2520 910
2520 1557
2520 2783
2520 3391
2520 3985
2520 4009
2520 4053
2520 4093
2520 4560
2520 4598
2520 4669
2520 5480
2520 5679
2523 235
2523 734
2523 1221
2523 1357
2523 1969
2523 2367
2523 2721
2523 3033
2523 3070
2523 5033
2523 5133
2523 5150
2523 5279
2528 391
2528 2393
2528 2851
2537 84
2537 1476
2537 4208
2537 4762
2537 5088
2537 5277
2537 5454
2537 5475
2540 1590
2540 2543
2540 3610
2540 4622
2540 5274
2543 1590
2543 2540
2543 3610
2543 4622
2543 5274
2556 901
2556 2335
2556 2408
2556 4065
2556 4744
2556 5482
2563 3964
2563 4363
2563 4600
2566 53
2566 5334
2566 5750
2586 31
2586 434
2586 1133
2586 1380
2586 5732
2591 17
2591 924
2591 3610
2591 5121
2591 5364
2594 695
2594 989
2594 5432
2594 5585
2595 203
2595 448
2595 472
2595 488
2595 969
2595 1429
2595 1884
2595 2679
2595 3036
2595 3039
2595 3633
2595 4408
2595 4842
2595 4890
2595 4917
2595 5069
2595 5249
2595 5335
2598 19
2598 762
2598 931
2598 1899
2598 1916
2598 2316
2598 2435
2598 2721
2598 3076
2598 3155
2598 3817
2598 4054
2598 4417
2598 4870
2598 5122
2598 5414
2606 1489
2606 3350
2606 3427
2606 3592
2610 1114
2610 1932
2610 3028
2610 4677
2616 1978
2616 2193
2616 2336
2616 4330
2616 5377
2624 44
2624 412
2624 692
2624 822
2624 841
2624 931
2624 1004
2624 1172
2624 2361
2624 2895
2624 3315
2624 3744
2624 4108
2624 4433
2624 5001
2624 5092
2626 3850
2626 4579
2626 5235
2627 141
2627 772
2627 2080
2630 386
2630 699
2630 1624
2630 2093
2630 2222
2630 2257
2630 4132
2630 4187
2630 4517
2633 141
2633 182
2633 916
2633 2314
2633 3685
2633 4024
2633 4939
2633 5227
2641 1842
2641 2448
2641 3158
2641 3565
2641 4267
2641 4516
2641 5464
2643 198
2643 334
2643 714
2643 1032
2643 1106
2643 1139
2643 1171
2643 1191
2643 1248
2643 1687
2643 1841
2643 2752
2643 3150
2643 3197
2643 3361
2643 3404
2643 3410
2643 3474
2643 3478
2643 3745
2643 3940
2643 4104
2643 4306
2643 4314
2643 4401
2643 4692
2643 5083
2643 5274
2643 5390
2643 5688
2645 2646
2645 3061
2645 3119
2645 4076
2645 4706
2646 2645
2646 3061
2646 3119
2646 4076
2646 4706
2673 519
2673 765
2673 767
2673 1300
2673 1797
2679 203
2679 448
2679 472
2679 488
2679 969
2679 1429
2679 1884
2679 2595
2679 3036
2679 3039
2679 3633
2679 4408
2679 4842
2679 4890
2679 4917
2679 5069
2679 5249
2679 5335
2682 22
2682 1439
2682 2238
2682 2451
2682 2816
2682 2933
2682 3966
2682 4440
2682 4718
2683 946
2683 1219
2683 1392
2683 1981
2683 5401
2687 2332
2687 2900
2687 4444
2687 5270
2687 5484
2702 99
2702 229
2702 507
2702 1357
2702 1373
2702 1533
2702 2363
2702 2704
2702 3033
2702 3555
2702 4156
2702 4498
2704 99
2704 229
2704 507
2704 1357
2704 1373
2704 1533
2704 2363
2704 2702
2704 3033
2704 3555
2704 4156
2704 4498
2706 349
2706 1377
2709 813
2709 2920
2709 4183
2709 4855
2709 5401
2709 5599
2717 1932
2717 3561
2719 752
2719 1638
2719 4302
2719 4351
2719 4369
2721 19
2721 728
2721 762
2721 931
2721 1357
2721 1462
2721 1899
2721 1916
2721 2316
2721 2435
2721 2523
2721 2598
2721 3033
2721 3075
2721 3076
2721 3155
2721 3817
2721 4054
2721 4417
2721 4491
2721 4870
2721 5033
2721 5122
2721 5414
2724 1282
2724 1893
2727 990
2727 1607
2727 1827
2727 3763
2727 5450
2734 694
2734 1590
2734 2340
2734 3815
2734 4677
2744 1405
2744 5306
2744 5747
2746 1179
2746 2324
2746 4535
2746 5229
2747 732
2747 1346
2747 2950
2747 4313
2747 4870
2747 5300
2752 714
2752 1106
2752 1171
2752 2643
2752 3474
2752 5274
2753 1542
2753 1877
2753 2766
2753 3604
2753 4429
2753 4470
2753 5172
2760 1106
2760 2370
2760 5069
2762 3193
2762 3304
2762 5488
2762 5622
2766 1542
2766 1877
2766 2753
2766 3604
2766 4429
2766 4470
2766 5172
2772 714
2772 934
2772 984
2772 4472
2772 4894
2772 5129
2774 28
2774 694
2774 4202
2783 910
2783 1557
2783 2520
2783 3391
2783 3985
2783 4009
2783 4053
2783 4093
2783 4560
2783 4598
2783 4669
2783 5480
2783 5679
2792 113
2792 330
2792 369
2792 503
2792 1072
2792 2394
2792 3313
2792 3955
2803 281
2803 2378
2803 4338
2803 4380
2803 4957
2803 5740
2809 127
2809 342
2809 3820
2809 4007
2809 4526
2816 22
2816 1439
2816 2238
2816 2451
2816 2682
2816 2933
2816 3966
2816 4440
2816 4718
2851 391
2851 2393
2851 2528
2882 1009
2882 1345
2882 4186
2882 4358
2887 59
2887 381
2887 2073
2887 2224
2887 3008
2887 3051
2887 3160
2887 3804
2887 4129
2895 412
2895 692
2895 822
2895 2624
2895 3744
2895 4433
2895 5092
2898 1241
2898 1470
2898 1687
2898 2919
2898 3130
2898 3405
2898 4375
2898 5013
2898 5236
2898 5320
2900 2332
2900 2687
2900 4444
2900 5270
2900 5484
2908 4287
2908 5620
2913 1002
2913 1547
2913 3319
2913 3341
2913 3932
2913 4968
2913 5467
2918 4381
2918 5124
2918 5537
2918 5758
2919 2898
2919 4375
2919 5013
2919 5236
2919 5320
2920 2709
2920 5599
2923 707
2923 2365
2923 3951
2923 5568
2929 2310
2929 2476
2930 578
2930 644
2930 1379
2930 2970
2930 3295
2930 3716
2930 4120
2930 5171
2930 5211
2933 22
2933 1439
2933 2238
2933 2451
2933 2682
2933 2816
2933 3966
2933 4440
2933 4718
2935 2216
2935 2424
2935 3115
2935 3999
2937 301
2937 310
2937 1456
2937 1872
2937 2195
2937 3309
2937 3893
2937 4142
2937 5512
2940 225
2940 2014
2940 4473
2943 54
2943 4038
2943 4356
2943 4611
2950 732
2950 1346
2950 2747
2950 4313
2950 4870
2950 5300
2962 1114
2962 3140
2962 3865
2962 4255
2970 578
2970 644
2970 1379
2970 2930
2970 3295
2970 3716
2970 4120
2970 5171
2970 5211
2995 23
2995 3253
3008 59
3008 381
3008 2073
3008 2224
3008 2887
3008 3051
3008 3160
3008 3804
3008 4129
3028 1114
3028 1932
3028 2610
3028 4677
3032 372
3032 1264
3032 5431
3033 99
3033 229
3033 336
3033 507
3033 1325
3033 1357
3033 1373
3033 1533
3033 1644
3033 2363
3033 2523
3033 2702
3033 2704
3033 2721
3033 3555
3033 4156
3033 4498
3033 5025
3033 5033
3033 5557
3036 203
3036 393
3036 448
3036 472
3036 488
3036 969
3036 978
3036 1429
3036 1884
3036 2595
3036 2679
3036 3039
3036 3633
3036 3924
3036 4408
3036 4842
3036 4890
3036 4917
3036 5069
3036 5156
3036 5249
3036 5335
3039 203
3039 448
3039 472
3039 488
3039 969
3039 1429
3039 1884
3039 2595
3039 2679
3039 3036
3039 3633
3039 4408
3039 4842
3039 4890
3039 4917
3039 5069
3039 5249
3039 5335
3042 1145
3042 2308
3042 3807
3042 4197
3043 714
3043 4743
3043 4880
3043 5712
3049 194
3049 862
3049 1128
3049 1454
3049 1774
3049 4153
3049 4252
3049 4849
3049 5063
3051 59
3051 381
3051 2073
3051 2224
3051 2887
3051 3008
3051 3160
3051 3804
3051 4129
3052 1953
3052 3327
3052 4019
3052 4113
3055 588
3055 772
3055 863
3055 1142
3055 2202
3055 4015
3055 4017
3055 4252
3055 4273
3055 5260
3055 5683
3059 85
3059 3311
3059 3701
3059 4016
3059 4761
3059 4857
3059 5032
3059 5254
3061 2645
3061 2646
3061 3119
3061 4076
3061 4706
3070 235
3070 734
3070 2523
3070 5150
3070 5279
3071 1304
3071 2084
3071 3817
3071 4698
3071 4955
3074 1220
3074 3128
3074 4127
3074 5166
3074 5319
3075 728
3075 1462
3075 2721
3075 4491
3076 19
3076 762
3076 931
3076 1899
3076 1916
3076 2316
3076 2435
3076 2598
3076 2721
3076 3155
3076 3817
3076 4054
3076 4417
3076 4870
3076 5122
3076 5414
3087 1519
3087 3532
3087 4219
3102 396
3102 3198
3102 3827
3115 2216
3115 2424
3115 2935
3115 3999
3119 2645
3119 2646
3119 3061
3119 4076
3119 4706
3123 808
3123 1042
3123 2400
3123 3363
3128 1220
3128 3074
3128 4127
3128 5166
3128 5319
3130 1241
3130 1470
3130 1687
3130 2898
3130 3405
3132 1078
3132 5365
3137 525
3137 1023
3137 1960
3137 3301
3137 4280
3137 4954
3137 5245
3140 1114
3140 2962
3140 3865
3140 4255
3143 1090
3143 4126
3150 334
3150 1687
3150 1841
3150 2643
3150 3410
3150 3745
3150 3940
3150 4692
3155 19
3155 762
3155 931
3155 1899
3155 1916
3155 2316
3155 2435
3155 2598
3155 2721
3155 3076
3155 3817
3155 4054
3155 4417
3155 4870
3155 5122
3155 5414
3158 1842
3158 2448
3158 2641
3158 3565
3158 4267
3158 4516
3158 5464
3160 59
3160 381
3160 2073
3160 2224
3160 2887
3160 3008
3160 3051
3160 3804
3160 4129
3163 4102
3163 4862
3167 107
3167 1127
3167 3659
3167 3825
3167 4061
3171 597
3171 1648
3171 1970
3171 3224
3171 4154
3171 5073
3178 1025
3178 1053
3178 3333
3178 5085
3178 5376
3181 1772
3181 4339
3181 5125
3181 5444
3184 202
3184 4093
3184 4289
3184 4791
3184 4913
3193 647
3193 2762
3193 3304
3193 3894
3193 4269
3193 4330
3193 5488
3193 5622
3197 198
3197 1032
3197 1139
3197 1191
3197 1248
3197 2643
3197 3361
3197 3404
3197 3478
3197 4104
3197 4306
3197 4314
3197 4401
3197 5083
3197 5390
3197 5688
3198 396
3198 3102
3198 3827
3224 597
3224 1648
3224 1970
3224 3171
3224 4154
3224 5073
3253 23
3253 2995
3266 553
3266 893
3266 1315
3266 2028
3266 3680
3266 5324
3269 575
3269 5420
3278 905
3278 3392
3278 3393
3278 4414
3278 5467
3285 1179
3285 2403
3295 578
3295 644
3295 1379
3295 2930
3295 2970
3295 3716
3295 4120
3295 5171
3295 5211
3296 675
3296 1328
3296 1840
3296 4282
3300 716
3300 2381
3300 5694
3301 525
3301 1960
3301 3137
3301 3321
3301 3873
3301 4280
3301 5245
3301 5596
3304 2762
3304 3193
3304 5488
3304 5622
3308 2310
3308 3379
3309 301
3309 310
3309 1456
3309 1872
3309 2195
3309 2937
3309 3893
3309 4142
3309 5512
3310 85
3310 123
3310 2123
3310 2501
3310 5746
3311 85
3311 3059
3311 3701
3311 4016
3311 4761
3311 4857
3311 5032
3311 5254
3312 1486
3312 1550
3312 4049
3313 113
3313 330
3313 369
3313 503
3313 1072
3313 2394
3313 2792
3313 3955
3314 546
3314 4616
3315 44
3315 841
3315 931
3315 1004
3315 1172
3315 2361
3315 2624
3315 4108
3315 5001
3319 1002
3319 1547
3319 2913
3319 3341
3319 3932
3319 4968
3319 5467
3321 3301
3321 3873
3321 4280
3321 5596
3326 5064
3326 5205
3327 1953
3327 3052
3327 4019
3327 4113
3333 1025
3333 1053
3333 3178
3333 5085
3333 5376
3339 12
3339 443
3339 555
3339 658
3339 700
3339 1043
3339 1548
3339 1781
3339 1858
3339 3410
3339 3786
3339 4569
3339 5023
3339 5164
3339 5428
3339 5455
3339 5520
3341 1002
3341 1547
3341 2913
3341 3319
3341 3932
3341 4968
3341 5467
3350 1489
3350 2606
3350 3427
3350 3592
3353 1153
3353 1839
3353 3488
3353 4031
3353 4587
3355 4660
3355 4697
3357 2480
3357 4226
3357 5244
3361 198
3361 1032
3361 1139
3361 1191
3361 1248
3361 2643
3361 3197
3361 3404
3361 3478
3361 4104
3361 4306
3361 4314
3361 4401
3361 5083
3361 5390
3361 5688
3363 808
3363 1042
3363 2400
3363 3123
3365 669
3365 4219
3365 5026
3366 2432
3366 3621
3366 5258
3379 2310
3379 3308
3391 910
3391 1557
3391 2520
3391 2783
3391 3985
3391 4009
3391 4053
3391 4093
3391 4560
3391 4598
3391 4669
3391 5480
3391 5679
3392 905
3392 3278
3392 3393
3392 4414
3392 5467
3393 905
3393 3278
3393 3392
3393 4414
3393 5467
3394 797
3394 3827
3394 4072
3396 63
3396 1835
3396 5055
3403 83
3403 770
3403 804
3403 1922
3403 4288
3404 198
3404 1032
3404 1139
3404 1191
3404 1248
3404 2155
3404 2230
3404 2643
3404 3197
3404 3361
3404 3478
3404 3854
3404 3884
3404 4104
3404 4306
3404 4314
3404 4401
3404 4443
3404 5083
3404 5248
3404 5390
3404 5688
3405 82
3405 1114
3405 1241
3405 1470
3405 1687
3405 2063
3405 2898
3405 3130
3405 3861
3405 3970
3405 3986
3405 4831
3410 12
3410 334
3410 443
3410 555
3410 658
3410 700
3410 1043
3410 1548
3410 1687
3410 1781
3410 1841
3410 1858
3410 2643
3410 3150
3410 3339
3410 3745
3410 3786
3410 3940
3410 4569
3410 4692
3410 5023
3410 5164
3410 5428
3410 5455
3410 5520
3427 1489
3427 2606
3427 3350
3427 3592
3474 714
3474 1106
3474 1171
3474 2643
3474 2752
3474 5274
3478 198
3478 1032
3478 1139
3478 1191
3478 1248
3478 2643
3478 3197
3478 3361
3478 3404
3478 4104
3478 4306
3478 4314
3478 4401
3478 5083
3478 5390
3478 5688
3488 1153
3488 1839
3488 3353
3488 4031
3488 4587
3489 584
3489 1124
3489 1715
3489 3530
3489 4098
3489 4232
3489 5043
3489 5257
3489 5372
3491 73
3491 810
3491 1291
3491 1295
3491 1879
3491 2503
3491 3671
3491 4933
3491 4938
3491 5114
3521 204
3521 2193
3521 2258
3521 5082
3530 584
3530 1124
3530 1715
3530 3489
3530 4098
3530 4232
3530 5043
3530 5257
3530 5372
3532 1519
3532 3087
3532 4219
3543 1381
3543 1960
3543 2404
3543 3929
3550 2073
3550 4020
3550 4129
3550 4639
3555 99
3555 229
3555 507
3555 1357
3555 1373
3555 1533
3555 2363
3555 2702
3555 2704
3555 3033
3555 4156
3555 4498
3561 1932
3561 2717
3565 1842
3565 2448
3565 2641
3565 3158
3565 4267
3565 4516
3565 5464
3592 1489
3592 2606
3592 3350
3592 3427
3604 1542
3604 1877
3604 2753
3604 2766
3604 4429
3604 4470
3604 5172
3610 17
3610 924
3610 1590
3610 2540
3610 2543
3610 2591
3610 4622
3610 5121
3610 5274
3610 5364
3621 383
3621 2432
3621 3366
3621 4047
3621 4919
3621 5095
3621 5258
3621 5274
3633 203
3633 448
3633 472
3633 488
3633 969
3633 1429
3633 1884
3633 2595
3633 2679
3633 3036
3633 3039
3633 4408
3633 4842
3633 4890
3633 4917
3633 5069
3633 5249
3633 5335
3638 275
3638 367
3638 1298
3638 1643
3638 1649
3638 1895
3638 5303
3638 5510
3659 107
3659 1127
3659 3167
3659 3825
3659 4061
3671 73
3671 810
3671 1291
3671 1295
3671 1879
3671 2503
3671 3491
3671 4933
3671 4938
3671 5114
3680 553
3680 893
3680 1315
3680 2028
3680 3266
3680 5324
3685 141
3685 1185
3685 2314
3685 2633
3685 3758
3685 4024
3685 4063
3685 4939
3695 1161
3695 1174
3695 2441
3695 2480
3695 4085
3695 5278
3695 5371
3696 353
3696 980
3696 1684
3696 2151
3696 4137
3696 4268
3696 5194
3701 85
3701 3059
3701 3311
3701 4016
3701 4761
3701 4857
3701 5032
3701 5254
3714 313
3714 902
3714 1087
3714 4656
3716 578
3716 644
3716 1379
3716 2930
3716 2970
3716 3295
3716 4120
3716 5171
3716 5211
3744 412
3744 692
3744 822
3744 2624
3744 2895
3744 4433
3744 5092
3745 334
3745 1687
3745 1841
3745 2643
3745 3150
3745 3410
3745 3940
3745 4692
3758 1185
3758 3685
3758 4063
3761 292
3761 716
3761 5694
3763 313
3763 902
3763 990
3763 1607
3763 1827
3763 2459
3763 2727
3763 5180
3763 5450
3777 1750
3777 4287
3777 4511
3786 12
3786 443
3786 555
3786 658
3786 700
3786 1043
3786 1548
3786 1781
3786 1858
3786 3339
3786 3410
3786 4569
3786 5023
3786 5164
3786 5428
3786 5455
3786 5520
3804 59
3804 381
3804 2073
3804 2224
3804 2887
3804 3008
3804 3051
3804 3160
3804 4129
3806 2446
3806 4295
3806 4649
3806 5574
3807 1145
3807 2308
3807 3042
3807 4197
3815 694
3815 1590
3815 2340
3815 2734
3815 4677
3817 19
3817 762
3817 931
3817 1304
3817 1899
3817 1916
3817 1984
3817 2084
3817 2228
3817 2316
3817 2435
3817 2598
3817 2721
3817 3071
3817 3076
3817 3155
3817 4054
3817 4417
3817 4698
3817 4870
3817 4925
3817 4955
3817 5022
3817 5122
3817 5414
3820 127
3820 342
3820 2809
3820 4007
3820 4526
3824 64
3824 2471
3824 4884
3824 5755
3825 107
3825 1127
3825 3167
3825 3659
3825 4061
3827 396
3827 797
3827 3102
3827 3198
3827 3394
3827 4072
3842 754
3842 4596
3850 2626
3850 4579
3850 5235
3854 2155
3854 2230
3854 3404
3854 3884
3854 4443
3854 5248
3857 8
3857 582
3857 5441
3861 82
3861 1114
3861 2063
3861 3405
3861 3970
3861 3986
3861 4831
3865 1114
3865 2962
3865 3140
3865 4255
3869 309
3869 840
3869 1096
3869 1157
3869 1384
3869 1876
3869 4943
3873 3301
3873 3321
3873 4280
3873 5596
3875 661
3875 890
3875 968
3875 1321
3875 1717
3875 4515
3879 1001
3879 4752
3879 4791
3879 5511
3882 656
3882 4392
3882 5469
3884 2155
3884 2230
3884 3404
3884 3854
3884 4443
3884 5248
3893 301
3893 310
3893 1456
3893 1872
3893 2195
3893 2937
3893 3309
3893 4142
3893 5512
3894 647
3894 3193
3894 4269
3894 4330
3896 372
3896 1038
3896 1103
3896 2129
3896 4467
3920 673
3920 694
3920 1188
3920 1874
3920 5621
3924 393
3924 978
3924 3036
3924 5156
3929 1381
3929 1960
3929 2404
3929 3543
3932 1002
3932 1547
3932 2913
3932 3319
3932 3341
3932 4968
3932 5467
3940 334
3940 1687
3940 1841
3940 2643
3940 3150
3940 3410
3940 3745
3940 4692
3951 707
3951 2032
3951 2365
3951 2923
3951 4388
3951 5568
3955 113
3955 330
3955 369
3955 503
3955 1072
3955 2394
3955 2792
3955 3313
3958 1906
3958 2192
3958 4039
3958 4355
3958 4568
3958 4894
3958 5205
3964 2563
3964 4363
3964 4600
3966 22
3966 1439
3966 2238
3966 2451
3966 2682
3966 2816
3966 2933
3966 4440
3966 4718
3970 82
3970 1114
3970 2063
3970 3405
3970 3861
3970 3986
3970 4831
3983 1001
3983 1275
3983 2514
3983 4838
3983 4954
3985 910
3985 1557
3985 2520
3985 2783
3985 3391
3985 4009
3985 4053
3985 4093
3985 4560
3985 4598
3985 4669
3985 5480
3985 5679
3986 82
3986 1114
3986 2063
3986 3405
3986 3861
3986 3970
3986 4831
3988 242
3988 829
3988 1153
3988 1256
3988 1718
3988 1814
3988 2295
3988 4403
3999 2216
3999 2424
3999 2935
3999 3115
4000 1606
4000 4619
4000 4640
4007 127
4007 342
4007 2809
4007 3820
4007 4526
4009 910
4009 1557
4009 2520
4009 2783
4009 3391
4009 3985
4009 4053
4009 4093
4009 4560
4009 4598
4009 4669
4009 5480
4009 5679
4013 1723
4013 1953
4015 588
4015 772
4015 863
4015 1142
4015 2202
4015 3055
4015 4017
4015 4252
4015 4273
4015 5260
4015 5683
4016 85
4016 3059
4016 3311
4016 3701
4016 4761
4016 4857
4016 5032
4016 5254
4017 588
4017 772
4017 863
4017 1142
4017 2202
4017 3055
4017 4015
4017 4252
4017 4273
4017 5260
4017 5683
4019 1953
4019 3052
4019 3327
4019 4113
4020 2073
4020 3550
4020 4129
4020 4639
4024 141
4024 2314
4024 2633
4024 3685
4024 4939
4031 1153
4031 1839
4031 3353
4031 3488
4031 4587
4038 54
4038 2943
4038 4356
4038 4611
4039 1906
4039 2192
4039 3958
4039 4355
4039 4568
4039 4894
4039 5205
4044 1158
4044 2170
4047 383
4047 3621
4047 4919
4047 5095
4047 5274
4049 1486
4049 1550
4049 3312
4053 910
4053 1557
4053 2520
4053 2783
4053 3391
4053 3985
4053 4009
4053 4093
4053 4560
4053 4598
4053 4669
4053 5480
4053 5679
4054 19
4054 762
4054 931
4054 1899
4054 1916
4054 2316
4054 2435
4054 2598
4054 2721
4054 3076
4054 3155
4054 3817
4054 4417
4054 4870
4054 5122
4054 5414
4057 576
4057 1403
4057 2169
4057 4413
4061 107
4061 1127
4061 1636
4061 3167
4061 3659
4061 3825
4061 5132
4061 5580
4063 1185
4063 3685
4063 3758
4065 901
4065 2335
4065 2408
4065 2556
4065 4744
4065 5482
4072 797
4072 3394
4072 3827
4075 577
4076 2645
4076 2646
4076 3061
4076 3119
4076 4706
4081 346
4081 1070
4081 4184
4081 5049
4082 697
4082 931
4082 1570
4082 2125
4082 4894
4085 1161
4085 1174
4085 2441
4085 2480
4085 3695
4085 5278
4085 5371
4093 202
4093 910
4093 1557
4093 2520
4093 2783
4093 3184
4093 3391
4093 3985
4093 4009
4093 4053
4093 4289
4093 4560
4093 4598
4093 4669
4093 4791
4093 4913
4093 5480
4093 5679
4096 134
4096 1752
4098 584
4098 1124
4098 1715
4098 3489
4098 3530
4098 4232
4098 5043
4098 5257
4098 5372
4102 3163
4102 4862
4104 198
4104 1032
4104 1139
4104 1191
4104 1248
4104 2643
4104 3197
4104 3361
4104 3404
4104 3478
4104 4306
4104 4314
4104 4401
4104 5083
4104 5390
4104 5688
4108 44
4108 841
4108 931
4108 1004
4108 1172
4108 2361
4108 2624
4108 3315
4108 5001
4113 691
4113 814
4113 841
4113 1425
4113 1920
4113 1953
4113 3052
4113 3327
4113 4019
4120 578
4120 644
4120 1379
4120 2930
4120 2970
4120 3295
4120 3716
4120 5171
4120 5211
4126 1090
4126 3143
4127 1220
4127 3074
4127 3128
4127 5166
4127 5319
4129 59
4129 381
4129 2073
4129 2224
4129 2887
4129 3008
4129 3051
4129 3160
4129 3550
4129 3804
4129 4020
4129 4639
4132 386
4132 1624
4132 2093
4132 2222
4132 2257
4132 2630
4137 353
4137 980
4137 1684
4137 2151
4137 3696
4137 4268
4137 5194
4142 301
4142 310
4142 1456
4142 1872
4142 2195
4142 2937
4142 3309
4142 3893
4142 5512
4146 675
4146 1845
4146 1986
4146 4645
4146 4880
4146 5080
4153 194
4153 862
4153 1128
4153 1454
4153 1774
4153 3049
4153 4252
4153 4849
4153 5063
4154 597
4154 1648
4154 1970
4154 3171
4154 3224
4154 5073
4156 99
4156 229
4156 507
4156 1357
4156 1373
4156 1533
4156 2363
4156 2702
4156 2704
4156 3033
4156 3555
4156 4498
4166 992
4166 1914
4172 4679
4172 4883
4174 368
4174 1196
4174 2324
4174 4366
4174 5384
4174 5521
4176 1671
4176 4222
4176 5018
4176 5686
4183 813
4183 2709
4183 4855
4183 5401
4184 346
4184 1070
4184 4081
4184 5049
4186 1009
4186 1345
4186 1823
4186 2882
4186 4358
4186 4713
4186 4720
4186 5133
4187 699
4187 2630
4187 4517
4188 1619
4188 5160
4193 43
4193 2387
4193 5475
4197 1145
4197 2308
4197 3042
4197 3807
4202 28
4202 694
4202 2774
4208 84
4208 1476
4208 2537
4208 4762
4208 5088
4208 5277
4208 5454
4208 5475
4212 654
4212 1381
4212 1595
4212 4673
4212 4880
4212 5677
4219 669
4219 1519
4219 3087
4219 3365
4219 3532
4219 5026
4222 4176
4222 5686
4226 2480
4226 3357
4226 5244
4227 192
4227 417
4227 668
4227 2456
4227 4402
4227 4636
4232 584
4232 1124
4232 1715
4232 3489
4232 3530
4232 4098
4232 5043
4232 5257
4232 5372
4250 780
4250 2398
4250 2466
4250 5572
4252 194
4252 404
4252 588
4252 772
4252 862
4252 863
4252 1128
4252 1142
4252 1454
4252 1774
4252 2202
4252 3049
4252 3055
4252 4015
4252 4017
4252 4153
4252 4273
4252 4849
4252 5063
4252 5260
4252 5683
4255 1114
4255 2962
4255 3140
4255 3865
4262 1395
4262 5080
4264 2311
4264 4346
4264 4436
4264 5370
4267 1842
4267 2448
4267 2641
4267 3158
4267 3565
4267 4516
4267 5464
4268 353
4268 980
4268 1684
4268 2151
4268 3696
4268 4137
4268 5194
4269 647
4269 3193
4269 3894
4269 4330
4270 769
4270 5062
4271 343
4271 2215
4273 588
4273 772
4273 863
4273 1142
4273 2202
4273 3055
4273 4015
4273 4017
4273 4252
4273 5260
4273 5683
4280 525
4280 1960
4280 3137
4280 3301
4280 3321
4280 3873
4280 5245
4280 5596
4282 675
4282 1328
4282 1840
4282 3296
4287 1750
4287 2908
4287 3777
4287 4511
4287 5620
4288 83
4288 770
4288 804
4288 1922
4288 3403
4289 202
4289 3184
4289 4093
4289 4791
4289 4913
4294 1394
4294 1912
4294 5445
4294 5566
4295 2446
4295 3806
4295 4649
4295 5574
4302 752
4302 1638
4302 2719
4302 4351
4302 4369
4306 198
4306 1032
4306 1139
4306 1191
4306 1248
4306 2643
4306 3197
4306 3361
4306 3404
4306 3478
4306 4104
4306 4314
4306 4401
4306 5083
4306 5390
4306 5688
4313 732
4313 1346
4313 2747
4313 2950
4313 4870
4313 5300
4314 198
4314 1032
4314 1139
4314 1191
4314 1248
4314 2643
4314 3197
4314 3361
4314 3404
4314 3478
4314 4104
4314 4306
4314 4401
4314 5083
4314 5390
4314 5688
4326 226
4326 787
4326 2091
4326 4836
4326 5192
4326 5614
4330 647
4330 1978
4330 2193
4330 2336
4330 2616
4330 3193
4330 3894
4330 4269
4330 5377
4338 281
4338 2378
4338 2803
4338 4380
4338 4957
4338 5740
4339 1772
4339 3181
4339 5125
4339 5444
4346 2311
4346 4264
4346 4436
4346 5370
4351 752
4351 1638
4351 2719
4351 4302
4351 4369
4353 4374
4353 4907
4355 1906
4355 2192
4355 3958
4355 4039
4355 4568
4355 4894
4355 5205
4356 54
4356 2943
4356 4038
4356 4611
4358 1009
4358 1345
4358 2882
4358 4186
4363 2563
4363 3964
4363 4600
4366 368
4366 1196
4366 2324
4366 4174
4366 5384
4366 5521
4369 752
4369 1638
4369 2719
4369 4302
4369 4351
4374 4353
4374 4907
4375 2898
4375 2919
4375 5013
4375 5236
4375 5320
4380 281
4380 2378
4380 2803
4380 4338
4380 4957
4380 5740
4381 2918
4381 5124
4381 5537
4381 5758
4388 2032
4388 3951
4392 656
4392 3882
4392 5469
4401 198
4401 1032
4401 1139
4401 1191
4401 1248
4401 2643
4401 3197
4401 3361
4401 3404
4401 3478
4401 4104
4401 4306
4401 4314
4401 5083
4401 5390
4401 5688
4402 192
4402 417
4402 668
4402 2456
4402 4227
4402 4636
4403 242
4403 829
4403 1153
4403 1256
4403 1718
4403 1814
4403 2295
4403 3988
4408 203
4408 448
4408 472
4408 488
4408 969
4408 1429
4408 1884
4408 2595
4408 2679
4408 3036
4408 3039
4408 3633
4408 4842
4408 4890
4408 4917
4408 5069
4408 5249
4408 5335
4413 576
4413 1403
4413 2169
4413 4057
4414 905
4414 3278
4414 3392
4414 3393
4414 5467
4417 19
4417 762
4417 931
4417 1899
4417 1916
4417 2316
4417 2435
4417 2598
4417 2721
4417 3076
4417 3155
4417 3817
4417 4054
4417 4870
4417 5122
4417 5414
4429 1542
4429 1877
4429 2753
4429 2766
4429 3604
4429 4470
4429 5172
4430 758
4430 863
4430 1337
4430 1646
4430 1844
4433 412
4433 692
4433 822
4433 2624
4433 2895
4433 3744
4433 5092
4436 2311
4436 4264
4436 4346
4436 5370
4440 22
4440 1439
4440 2238
4440 2451
4440 2682
4440 2816
4440 2933
4440 3966
4440 4718
4442 1221
4442 2219
4442 5028
4443 2155
4443 2230
4443 3404
4443 3854
4443 3884
4443 5248
4444 2332
4444 2687
4444 2900
4444 5270
4444 5484
4451 1370
4451 5481
4453 347
4453 794
4453 5387
4453 5728
4464 1314
4464 1825
4464 2266
4464 5214
4464 5677
4467 372
4467 1038
4467 1103
4467 2129
4467 3896
4470 1542
4470 1877
4470 2753
4470 2766
4470 3604
4470 4429
4470 5172
4472 714
4472 934
4472 984
4472 2772
4472 4894
4472 5129
4473 225
4473 2014
4473 2940
4491 73
4491 133
4491 728
4491 1462
4491 1687
4491 2370
4491 2721
4491 3075
4492 972
4492 4665
4492 4790
4492 5386
4492 5599
4498 99
4498 229
4498 507
4498 1357
4498 1373
4498 1533
4498 2363
4498 2702
4498 2704
4498 3033
4498 3555
4498 4156
4505 211
4505 462
4505 593
4505 632
4505 2509
4505 4643
4511 307
4511 902
4511 1750
4511 3777
4511 4287
4511 4870
4511 5398
4515 661
4515 890
4515 968
4515 1321
4515 1717
4515 3875
4516 1842
4516 2448
4516 2641
4516 3158
4516 3565
4516 4267
4516 5464
4517 699
4517 2630
4517 4187
4526 127
4526 342
4526 2809
4526 3820
4526 4007
4535 1179
4535 2324
4535 2746
4535 5229
4560 910
4560 1557
4560 2520
4560 2783
4560 3391
4560 3985
4560 4009
4560 4053
4560 4093
4560 4598
4560 4669
4560 5480
4560 5679
4562 1227
4562 4625
4562 5075
4568 1906
4568 2192
4568 3958
4568 4039
4568 4355
4568 4894
4568 5205
4569 12
4569 443
4569 555
4569 658
4569 700
4569 1043
4569 1548
4569 1781
4569 1858
4569 3339
4569 3410
4569 3786
4569 5023
4569 5164
4569 5428
4569 5455
4569 5520
4579 2626
4579 3850
4579 5235
4587 1153
4587 1839
4587 3353
4587 3488
4587 4031
4596 754
4596 3842
4598 910
4598 1557
4598 2520
4598 2783
4598 3391
4598 3985
4598 4009
4598 4053
4598 4093
4598 4560
4598 4669
4598 5480
4598 5679
4600 2563
4600 3964
4600 4363
4611 54
4611 2943
4611 4038
4611 4356
4616 546
4616 3314
4617 583
4617 2370
4617 4734
4619 1606
4619 4000
4619 4640
4622 1590
4622 2540
4622 2543
4622 3610
4622 5274
4625 1227
4625 4562
4625 5075
4636 192
4636 417
4636 668
4636 2456
4636 4227
4636 4402
4638 799
4638 888
4638 1039
4638 1311
4638 2333
4638 5304
4639 2073
4639 3550
4639 4020
4639 4129
4640 1606
4640 4000
4640 4619
4643 211
4643 462
4643 593
4643 632
4643 1769
4643 2134
4643 2509
4643 4505
4643 4797
4643 5015
4643 5307
4644 1948
4644 5168
4644 5222
4644 5262
4645 675
4645 1845
4645 1986
4645 4146
4645 4880
4645 5080
4649 2446
4649 3806
4649 4295
4649 5574
4656 313
4656 902
4656 1087
4656 3714
4660 3355
4660 4697
4665 972
4665 4492
4665 4790
4665 5386
4665 5599
4669 910
4669 1557
4669 2520
4669 2783
4669 3391
4669 3985
4669 4009
4669 4053
4669 4093
4669 4560
4669 4598
4669 5480
4669 5679
4673 654
4673 1381
4673 1595
4673 4212
4673 4880
4673 5677
4677 694
4677 1114
4677 1590
4677 1932
4677 2340
4677 2610
4677 2734
4677 3028
4677 3815
4678 809
4678 889
4678 1498
4678 1529
4678 5313
4679 4172
4679 4883
4692 334
4692 1687
4692 1841
4692 2643
4692 3150
4692 3410
4692 3745
4692 3940
4697 3355
4697 4660
4698 1304
4698 2084
4698 3071
4698 3817
4698 4955
4706 2645
4706 2646
4706 3061
4706 3119
4706 4076
4713 1823
4713 4186
4713 4720
4713 5133
4718 22
4718 1439
4718 2238
4718 2451
4718 2682
4718 2816
4718 2933
4718 3966
4718 4440
4720 1823
4720 4186
4720 4713
4720 5133
4734 583
4734 2370
4734 4617
4743 714
4743 3043
4743 4880
4743 5712
4744 901
4744 2335
4744 2408
4744 2556
4744 4065
4744 5482
4752 1001
4752 3879
4752 4791
4752 5511
4761 85
4761 3059
4761 3311
4761 3701
4761 4016
4761 4857
4761 5032
4761 5254
4762 84
4762 1476
4762 2537
4762 4208
4762 5088
4762 5277
4762 5454
4762 5475
4790 972
4790 4492
4790 4665
4790 5386
4790 5599
4791 202
4791 1001
4791 3184
4791 3879
4791 4093
4791 4289
4791 4752
4791 4913
4791 5511
4797 211
4797 1769
4797 2134
4797 4643
4797 5015
4797 5307
4831 82
4831 1114
4831 2063
4831 3405
4831 3861
4831 3970
4831 3986
4836 787
4836 4326
4836 5614
4838 1001
4838 1275
4838 2514
4838 3983
4838 4954
4842 203
4842 448
4842 472
4842 488
4842 969
4842 1429
4842 1884
4842 2595
4842 2679
4842 3036
4842 3039
4842 3633
4842 4408
4842 4890
4842 4917
4842 5069
4842 5249
4842 5335
4849 194
4849 862
4849 1128
4849 1454
4849 1774
4849 3049
4849 4153
4849 4252
4849 5063
4855 813
4855 2709
4855 4183
4855 5401
4857 85
4857 3059
4857 3311
4857 3701
4857 4016
4857 4761
4857 5032
4857 5254
4862 3163
4862 4102
4870 19
4870 307
4870 732
4870 762
4870 902
4870 931
4870 1346
4870 1899
4870 1916
4870 2316
4870 2435
4870 2598
4870 2721
4870 2747
4870 2950
4870 3076
4870 3155
4870 3817
4870 4054
4870 4313
4870 4417
4870 4511
4870 5122
4870 5300
4870 5398
4870 5414
4880 654
4880 675
4880 714
4880 1381
4880 1595
4880 1845
4880 1986
4880 3043
4880 4146
4880 4212
4880 4645
4880 4673
4880 4743
4880 5080
4880 5677
4880 5712
4883 4172
4883 4679
4884 64
4884 2471
4884 3824
4884 5755
4890 203
4890 448
4890 472
4890 488
4890 969
4890 1429
4890 1884
4890 2595
4890 2679
4890 3036
4890 3039
4890 3633
4890 4408
4890 4842
4890 4917
4890 5069
4890 5249
4890 5335
4894 697
4894 714
4894 931
4894 934
4894 984
4894 1570
4894 1906
4894 2125
4894 2192
4894 2772
4894 3958
4894 4039
4894 4082
4894 4355
4894 4472
4894 4568
4894 5129
4894 5205
4896 1483
4896 2396
4896 5380
4907 4353
4907 4374
4913 202
4913 3184
4913 4093
4913 4289
4913 4791
4917 203
4917 448
4917 472
4917 488
4917 969
4917 1429
4917 1884
4917 2595
4917 2679
4917 3036
4917 3039
4917 3633
4917 4408
4917 4842
4917 4890
4917 5069
4917 5249
4917 5335
4919 383
4919 3621
4919 4047
4919 5095
4919 5274
4920 1537
4920 4975
4920 5583
4925 1984
4925 2228
4925 3817
4925 5022
4933 73
4933 810
4933 1291
4933 1295
4933 1879
4933 2503
4933 3491
4933 3671
4933 4938
4933 5114
4937 646
4937 2430
4938 73
4938 810
4938 1291
4938 1295
4938 1879
4938 2503
4938 3491
4938 3671
4938 4933
4938 5114
4939 141
4939 2314
4939 2633
4939 3685
4939 4024
4942 7
4942 1762
4942 5568
4943 309
4943 840
4943 1096
4943 1157
4943 1384
4943 1876
4943 3869
4951 1696
4954 1001
4954 1023
4954 1275
4954 2514
4954 3137
4954 3983
4954 4838
4955 1304
4955 2084
4955 3071
4955 3817
4955 4698
4957 281
4957 2378
4957 2803
4957 4338
4957 4380
4957 5740
4959 607
4959 1464
4968 1002
4968 1547
4968 2913
4968 3319
4968 3341
4968 3932
4968 5467
4975 1537
4975 4920
4975 5583
5001 44
5001 841
5001 931
5001 1004
5001 1172
5001 2361
5001 2624
5001 3315
5001 4108
5004 429
5004 2319
5004 5038
5004 5378
5013 2898
5013 2919
5013 4375
5013 5236
5013 5320
5015 211
5015 1769
5015 2134
5015 4643
5015 4797
5015 5307
5018 1671
5018 4176
5022 1984
5022 2228
5022 3817
5022 4925
5023 12
5023 443
5023 555
5023 658
5023 700
5023 1043
5023 1548
5023 1781
5023 1858
5023 3339
5023 3410
5023 3786
5023 4569
5023 5164
5023 5428
5023 5455
5023 5520
5025 336
5025 1325
5025 1644
5025 3033
5025 5033
5026 669
5026 3365
5026 4219
5028 1221
5028 2219
5028 4442
5032 85
5032 3059
5032 3311
5032 3701
5032 4016
5032 4761
5032 4857
5032 5254
5033 336
5033 1325
5033 1357
5033 1644
5033 2523
5033 2721
5033 3033
5033 5025
5038 429
5038 2319
5038 5004
5038 5378
5043 584
5043 1124
5043 1715
5043 3489
5043 3530
5043 4098
5043 4232
5043 5257
5043 5372
5049 346
5049 1070
5049 4081
5049 4184
5051 463
5051 5528
5055 63
5055 1835
5055 3396
5062 769
5062 4270
5063 194
5063 862
5063 1128
5063 1454
5063 1774
5063 3049
5063 4153
5063 4252
5063 4849
5064 591
5064 640
5064 3326
5064 5205
5064 5509
5069 203
5069 448
5069 472
5069 488
5069 969
5069 1106
5069 1429
5069 1884
5069 2370
5069 2595
5069 2679
5069 2760
5069 3036
5069 3039
5069 3633
5069 4408
5069 4842
5069 4890
5069 4917
5069 5249
5069 5335
5073 597
5073 1648
5073 1970
5073 3171
5073 3224
5073 4154
5075 1227
5075 4562
5075 4625
5080 675
5080 1395
5080 1845
5080 1986
5080 4146
5080 4262
5080 4645
5080 4880
5082 204
5082 2193
5082 2258
5082 3521
5083 198
5083 1032
5083 1139
5083 1191
5083 1248
5083 2643
5083 3197
5083 3361
5083 3404
5083 3478
5083 4104
5083 4306
5083 4314
5083 4401
5083 5390
5083 5688
5085 1025
5085 1053
5085 3178
5085 3333
5085 5376
5088 84
5088 1476
5088 2537
5088 4208
5088 4762
5088 5277
5088 5454
5088 5475
5092 412
5092 692
5092 822
5092 2624
5092 2895
5092 3744
5092 4433
5095 383
5095 3621
5095 4047
5095 4919
5095 5274
5111 110
5111 370
5111 720
5113 1008
5113 5506
5114 73
5114 810
5114 1291
5114 1295
5114 1879
5114 2503
5114 3491
5114 3671
5114 4933
5114 4938
5118 462
5118 494
5118 549
5118 1006
5121 17
5121 924
5121 2591
5121 3610
5121 5364
5122 19
5122 762
5122 931
5122 1899
5122 1916
5122 2316
5122 2435
5122 2598
5122 2721
5122 3076
5122 3155
5122 3817
5122 4054
5122 4417
5122 4870
5122 5414
5124 2918
5124 4381
5124 5537
5124 5758
5125 1772
5125 3181
5125 4339
5125 5444
5129 714
5129 934
5129 984
5129 2772
5129 4472
5129 4894
5130 1371
5130 5383
5132 1636
5132 4061
5132 5580
5133 1221
5133 1823
5133 1969
5133 2367
5133 2523
5133 4186
5133 4713
5133 4720
5149 726
5149 909
5149 1543
5149 1559
5149 2109
5149 5409
5150 235
5150 734
5150 2523
5150 3070
5150 5279
5156 393
5156 978
5156 3036
5156 3924
5160 1619
5160 4188
5164 12
5164 443
5164 555
5164 658
5164 700
5164 1043
5164 1548
5164 1781
5164 1858
5164 3339
5164 3410
5164 3786
5164 4569
5164 5023
5164 5428
5164 5455
5164 5520
5166 1220
5166 3074
5166 3128
5166 4127
5166 5319
5168 1948
5168 4644
5168 5222
5168 5262
5171 578
5171 644
5171 1379
5171 2930
5171 2970
5171 3295
5171 3716
5171 4120
5171 5211
5172 1542
5172 1877
5172 2753
5172 2766
5172 3604
5172 4429
5172 4470
5180 313
5180 902
5180 2459
5180 3763
5183 829
5183 1760
5183 1959
5183 5250
5183 5527
5192 226
5192 2091
5192 4326
5194 353
5194 980
5194 1684
5194 2151
5194 3696
5194 4137
5194 4268
5205 1906
5205 2192
5205 3326
5205 3958
5205 4039
5205 4355
5205 4568
5205 4894
5205 5064
5211 578
5211 644
5211 1379
5211 2930
5211 2970
5211 3295
5211 3716
5211 4120
5211 5171
5214 1314
5214 1825
5214 2266
5214 4464
5214 5677
5222 1948
5222 4644
5222 5168
5222 5262
5226 97
5226 472
5226 553
5226 931
5226 1323
5226 1783
5226 5382
5227 141
5227 182
5227 916
5227 2633
5229 1179
5229 2324
5229 2746
5229 4535
5235 2626
5235 3850
5235 4579
5236 2898
5236 2919
5236 4375
5236 5013
5236 5320
5244 2480
5244 3357
5244 4226
5245 525
5245 1960
5245 3137
5245 3301
5245 4280
5248 2155
5248 2230
5248 3404
5248 3854
5248 3884
5248 4443
5249 203
5249 448
5249 472
5249 488
5249 969
5249 1429
5249 1884
5249 2595
5249 2679
5249 3036
5249 3039
5249 3633
5249 4408
5249 4842
5249 4890
5249 4917
5249 5069
5249 5335
5250 829
5250 1760
5250 1959
5250 5183
5250 5527
5254 85
5254 3059
5254 3311
5254 3701
5254 4016
5254 4761
5254 4857
5254 5032
5257 584
5257 1124
5257 1715
5257 3489
5257 3530
5257 4098
5257 4232
5257 5043
5257 5372
5258 2432
5258 3366
5258 3621
5260 588
5260 772
5260 863
5260 1142
5260 2202
5260 3055
5260 4015
5260 4017
5260 4252
5260 4273
5260 5683
5262 1948
5262 4644
5262 5168
5262 5222
5270 2332
5270 2687
5270 2900
5270 4444
5270 5484
5274 383
5274 714
5274 1106
5274 1171
5274 1590
5274 2540
5274 2543
5274 2643
5274 2752
5274 3474
5274 3610
5274 3621
5274 4047
5274 4622
5274 4919
5274 5095
5277 84
5277 1476
5277 2537
5277 4208
5277 4762
5277 5088
5277 5454
5277 5475
5278 1161
5278 1174
5278 2441
5278 2480
5278 3695
5278 4085
5278 5371
5279 235
5279 734
5279 2523
5279 3070
5279 5150
5291 1506
5291 1743
5291 2437
5300 732
5300 1346
5300 2747
5300 2950
5300 4313
5300 4870
5303 275
5303 367
5303 1298
5303 1643
5303 1649
5303 1895
5303 3638
5303 5510
5304 799
5304 888
5304 1039
5304 1311
5304 2333
5304 4638
5306 1405
5306 2744
5306 5747
5307 211
5307 1769
5307 2134
5307 4643
5307 4797
5307 5015
5313 809
5313 889
5313 1498
5313 1529
5313 4678
5319 1220
5319 3074
5319 3128
5319 4127
5319 5166
5320 2898
5320 2919
5320 4375
5320 5013
5320 5236
5324 553
5324 893
5324 1315
5324 2028
5324 3266
5324 3680
5334 53
5334 2566
5334 5750
5335 203
5335 448
5335 472
5335 488
5335 969
5335 1429
5335 1884
5335 2595
5335 2679
5335 3036
5335 3039
5335 3633
5335 4408
5335 4842
5335 4890
5335 4917
5335 5069
5335 5249
5355 62
5355 398
5355 521
5355 652
5355 1780
5355 1957
5355 2334
5364 17
5364 924
5364 2591
5364 3610
5364 5121
5365 1078
5365 3132
5370 2311
5370 4264
5370 4346
5370 4436
5371 1161
5371 1174
5371 2441
5371 2480
5371 3695
5371 4085
5371 5278
5372 584
5372 1124
5372 1715
5372 3489
5372 3530
5372 4098
5372 4232
5372 5043
5372 5257
5373 1271
5373 2447
5376 1025
5376 1053
5376 3178
5376 3333
5376 5085
5377 1978
5377 2193
5377 2336
5377 2616
5377 4330
5378 429
5378 2319
5378 5004
5378 5038
5380 1483
5380 2396
5380 4896
5382 97
5382 472
5382 553
5382 931
5382 1323
5382 1783
5382 5226
5383 1371
5383 5130
5384 368
5384 1196
5384 2324
5384 4174
5384 4366
5384 5521
5386 972
5386 4492
5386 4665
5386 4790
5386 5599
5387 347
5387 794
5387 4453
5387 5728
5390 198
5390 1032
5390 1139
5390 1191
5390 1248
5390 2643
5390 3197
5390 3361
5390 3404
5390 3478
5390 4104
5390 4306
5390 4314
5390 4401
5390 5083
5390 5688
5398 307
5398 902
5398 4511
5398 4870
5401 813
5401 1392
5401 2683
5401 2709
5401 4183
5401 4855
5409 726
5409 909
5409 1543
5409 1559
5409 2109
5409 5149
5414 19
5414 762
5414 931
5414 1899
5414 1916
5414 2316
5414 2435
5414 2598
5414 2721
5414 3076
5414 3155
5414 3817
5414 4054
5414 4417
5414 4870
5414 5122
5420 575
5420 3269
5428 12
5428 443
5428 555
5428 658
5428 700
5428 1043
5428 1548
5428 1781
5428 1858
5428 3339
5428 3410
5428 3786
5428 4569
5428 5023
5428 5164
5428 5455
5428 5520
5431 372
5431 1264
5431 3032
5432 695
5432 989
5432 2594
5432 5585
5433 64
5433 1211
5433 2471
5441 8
5441 582
5441 3857
5444 1772
5444 3181
5444 4339
5444 5125
5445 1394
5445 1912
5445 4294
5445 5566
5446 126
5446 776
5446 2365
5446 2398
5450 990
5450 1607
5450 1827
5450 2727
5450 3763
5454 84
5454 1476
5454 2537
5454 4208
5454 4762
5454 5088
5454 5277
5454 5475
5455 12
5455 443
5455 555
5455 658
5455 700
5455 1043
5455 1548
5455 1781
5455 1858
5455 3339
5455 3410
5455 3786
5455 4569
5455 5023
5455 5164
5455 5428
5455 5520
5464 1842
5464 2448
5464 2641
5464 3158
5464 3565
5464 4267
5464 4516
5467 905
5467 1002
5467 1547
5467 2913
5467 3278
5467 3319
5467 3341
5467 3392
5467 3393
5467 3932
5467 4414
5467 4968
5469 656
5469 3882
5469 4392
5475 43
5475 84
5475 1476
5475 2387
5475 2537
5475 4193
5475 4208
5475 4762
5475 5088
5475 5277
5475 5454
5480 910
5480 1557
5480 2520
5480 2783
5480 3391
5480 3985
5480 4009
5480 4053
5480 4093
5480 4560
5480 4598
5480 4669
5480 5679
5481 1370
5481 4451
5482 901
5482 2335
5482 2408
5482 2556
5482 4065
5482 4744
5484 2332
5484 2687
5484 2900
5484 4444
5484 5270
5488 2762
5488 3193
5488 3304
5488 5622
5506 1008
5506 5113
5509 591
5509 640
5509 5064
5510 275
5510 367
5510 1298
5510 1643
5510 1649
5510 1895
5510 3638
5510 5303
5511 1001
5511 3879
5511 4752
5511 4791
5512 301
5512 310
5512 1456
5512 1872
5512 2195
5512 2937
5512 3309
5512 3893
5512 4142
5520 12
5520 443
5520 555
5520 658
5520 700
5520 1043
5520 1548
5520 1781
5520 1858
5520 3339
5520 3410
5520 3786
5520 4569
5520 5023
5520 5164
5520 5428
5520 5455
5521 368
5521 1196
5521 2324
5521 4174
5521 4366
5521 5384
5527 829
5527 1760
5527 1959
5527 5183
5527 5250
5528 463
5528 5051
5537 2918
5537 4381
5537 5124
5537 5758
5557 1325
5557 1357
5557 3033
5566 1394
5566 1912
5566 4294
5566 5445
5568 7
5568 707
5568 1762
5568 2365
5568 2923
5568 3951
5568 4942
5572 780
5572 2398
5572 2466
5572 4250
5574 2446
5574 3806
5574 4295
5574 4649
5580 1636
5580 4061
5580 5132
5583 1537
5583 4920
5583 4975
5585 695
5585 989
5585 2594
5585 5432
5596 3301
5596 3321
5596 3873
5596 4280
5599 972
5599 2709
5599 2920
5599 4492
5599 4665
5599 4790
5599 5386
5614 787
5614 4326
5614 4836
5620 2908
5620 4287
5621 673
5621 694
5621 1188
5621 1874
5621 3920
5622 2762
5622 3193
5622 3304
5622 5488
5677 654
5677 1314
5677 1381
5677 1595
5677 1825
5677 2266
5677 4212
5677 4464
5677 4673
5677 4880
5677 5214
5679 910
5679 1557
5679 2520
5679 2783
5679 3391
5679 3985
5679 4009
5679 4053
5679 4093
5679 4560
5679 4598
5679 4669
5679 5480
5683 588
5683 772
5683 863
5683 1142
5683 2202
5683 3055
5683 4015
5683 4017
5683 4252
5683 4273
5683 5260
5686 4176
5686 4222
5688 198
5688 1032
5688 1139
5688 1191
5688 1248
5688 2643
5688 3197
5688 3361
5688 3404
5688 3478
5688 4104
5688 4306
5688 4314
5688 4401
5688 5083
5688 5390
5694 61
5694 292
5694 716
5694 2381
5694 3300
5694 3761
5712 714
5712 3043
5712 4743
5712 4880
5728 347
5728 794
5728 4453
5728 5387
5732 31
5732 434
5732 1133
5732 1380
5732 2586
5740 281
5740 2378
5740 2803
5740 4338
5740 4380
5740 4957
5746 85
5746 123
5746 2123
5746 2501
5746 3310
5747 1405
5747 2744
5747 5306
5750 53
5750 2566
5750 5334
5755 64
5755 2471
5755 3824
5755 4884
5758 2918
5758 4381
5758 5124
5758 5537
