3 202
3 1006
3 1267
3 1776
3 2027
3 2369
3 2898
3 4419
4 1708
4 2260
4 2823
4 2898
4 2919
4 4375
10 758
10 1082
10 3301
10 4802
19 69
19 228
19 612
19 931
19 2435
19 2598
19 2721
19 3155
19 5122
20 141
20 205
20 941
20 2154
20 2458
20 3920
20 4024
20 4377
20 4822
20 4939
21 249
21 583
21 1310
21 4408
23 436
23 1410
23 2714
23 3453
23 3578
25 83
25 115
25 420
25 683
25 770
29 248
29 920
29 2137
29 3003
29 5729
37 93
37 2709
37 3091
37 3785
37 4183
37 4847
37 5717
38 627
38 4176
38 4486
38 5064
44 210
44 653
44 841
44 1004
44 1172
44 1446
44 2624
44 2914
44 3416
44 4108
44 5297
48 1334
48 3746
51 407
51 2596
51 2985
51 4930
53 2416
53 2566
53 3646
53 5766
54 1680
54 2025
54 2943
54 4356
60 216
60 3032
60 3227
60 5431
61 3652
61 3797
61 4104
61 5364
63 2811
63 2967
63 4129
63 5055
64 208
64 1262
64 1286
64 1477
64 1521
64 2630
64 3648
64 4132
64 4432
64 4478
64 4870
64 5635
64 5718
66 943
66 1104
66 1423
66 1846
66 2168
66 3236
66 5577
66 5578
66 5747
68 1124
68 1260
68 1715
68 1741
68 2212
68 2986
68 3014
68 3664
68 4116
68 5043
68 5372
68 5527
68 5548
69 19
69 228
69 612
69 931
69 2435
69 2598
69 2721
69 3155
69 5122
73 555
73 2060
73 2370
73 2756
77 2609
77 3034
77 3260
77 5026
83 25
83 115
83 420
83 683
83 770
85 372
85 1038
85 1041
85 1258
85 2129
85 2959
90 547
90 589
90 2612
90 3165
90 3191
90 5238
93 37
93 2709
93 3091
93 3785
93 4183
93 4847
93 5717
102 3553
102 3711
102 3719
102 5007
109 2032
109 2070
109 2498
109 4388
110 5007
110 5446
110 5492
112 264
112 4182
113 473
113 712
113 1072
113 2608
113 2792
113 3313
113 3955
114 121
114 2155
114 3036
114 3084
115 25
115 83
115 264
115 420
115 683
115 770
115 2374
115 5541
115 5614
116 406
116 1216
116 3514
116 5488
121 114
121 2155
121 3036
121 3084
132 1101
132 3776
134 913
134 2183
134 3130
134 3499
134 3557
134 5672
141 20
141 182
141 916
141 941
141 2004
141 2458
141 2633
141 4024
141 4377
141 4822
141 4939
141 5227
142 341
142 1978
142 2616
142 4330
142 5488
143 912
143 3373
143 5195
143 5694
156 758
156 1234
156 1347
156 1553
156 3213
175 1496
175 1536
175 1584
175 2171
175 3606
175 3806
175 4295
175 4350
175 4649
175 5027
175 5134
175 5539
175 5731
177 946
177 1219
177 1981
177 2683
179 1389
179 3790
179 4028
179 4266
179 5700
180 311
180 2003
180 2406
180 4415
182 141
182 916
182 2004
182 2633
182 5227
184 1793
184 1825
184 2266
184 3645
184 4464
185 508
185 2081
185 4623
185 5085
186 619
186 969
186 1381
186 1572
186 1960
186 3214
186 3610
186 4107
187 3388
187 3991
189 427
189 4738
189 5068
189 5134
191 227
191 691
191 841
191 1920
191 4856
194 530
194 536
194 862
194 1128
194 1454
194 1505
194 1779
194 3573
194 4252
194 4841
194 4849
201 1507
201 1691
201 2424
201 4003
202 3
202 2016
202 2369
202 2800
202 2898
202 3137
202 4419
202 5514
204 274
204 386
204 1047
204 1865
204 1999
204 2193
204 2258
204 3027
204 4942
204 5082
204 5272
204 5468
204 5485
204 5496
205 20
205 694
205 2154
205 3552
205 3920
208 64
208 1262
208 1477
208 2630
208 4132
208 5635
208 5718
210 44
210 653
210 841
210 1004
210 1172
210 1446
210 2624
210 2914
210 3416
210 4108
210 5297
211 593
211 810
211 2600
211 4062
211 4797
211 5558
213 1493
213 1716
213 3862
213 4011
215 1279
215 1548
215 4172
215 4679
216 60
216 2190
216 2295
216 2760
216 3032
216 3227
216 3270
216 3779
216 5064
216 5431
216 5509
216 5624
217 972
217 1492
217 2462
217 3238
218 226
218 645
218 871
218 1067
218 2096
218 2629
218 3777
218 4123
218 4335
221 1045
221 1535
221 3189
221 4302
222 2906
222 4186
222 4713
222 5133
226 218
226 1067
226 1909
226 1968
226 1971
226 2091
226 2096
226 2629
226 3777
226 4123
226 4795
226 5192
227 191
227 691
227 841
227 1920
227 4856
228 19
228 69
228 612
228 931
228 2435
228 2598
228 2721
228 3155
228 5122
230 2160
230 4149
230 4766
230 5658
233 972
233 2114
233 3208
233 5599
235 2444
235 3072
237 1032
237 1249
237 2187
237 2906
237 3404
237 3408
237 3848
237 5073
240 983
240 1315
240 2028
248 29
248 920
248 2137
248 3003
248 5729
249 21
249 583
249 1310
249 4408
252 2908
252 3735
252 4965
252 5666
254 939
254 2380
254 4253
254 5613
255 1710
255 3777
255 4537
255 5074
256 905
256 3278
256 3392
256 3393
256 3477
256 3583
262 2894
262 4911
262 5168
262 5262
264 112
264 115
264 1475
264 2374
264 3453
264 4182
264 5541
264 5614
265 559
265 1114
265 1801
265 3865
267 657
267 3048
267 3108
267 3783
269 767
269 1797
269 3006
269 3119
269 3439
269 4706
269 5136
269 5438
274 204
274 1047
274 1999
274 3027
275 367
275 1298
275 1643
275 1649
275 3638
275 4748
275 5303
276 2037
276 2120
276 2753
276 2797
276 3934
276 4147
276 4416
276 4583
276 4822
280 469
280 616
280 1810
280 5133
281 648
281 1336
281 2321
281 3053
281 3188
281 4549
281 4814
281 5740
284 616
284 931
284 1046
284 1569
284 1796
284 3025
284 3572
284 3922
285 743
285 4405
285 4601
285 4982
303 692
303 1387
303 1860
303 3369
303 3409
303 3463
303 3648
311 180
311 2003
311 2406
311 4415
312 1365
312 2278
312 3670
312 4538
313 902
313 951
313 2814
313 4285
313 4916
320 1903
320 3496
320 5336
341 142
341 1978
341 2616
341 4330
341 5488
344 622
344 5035
358 623
358 1473
360 1433
360 3137
360 3511
360 4570
367 275
367 1298
367 1643
367 1649
367 3638
367 4748
367 5303
372 85
372 1038
372 1041
372 1258
372 2129
372 2959
382 823
382 3087
382 3318
382 5551
386 204
386 4942
386 5272
386 5485
391 2141
391 2851
391 4936
391 5672
393 1730
393 3868
393 4139
393 5289
396 1252
396 3198
396 3827
396 5342
404 910
404 962
404 2239
404 2926
406 116
406 1216
406 3514
406 5488
407 51
407 2596
407 2985
407 4930
420 25
420 83
420 115
420 683
420 770
423 1126
423 2179
423 3739
427 189
427 1723
427 4031
427 4738
427 5068
427 5134
427 5602
434 502
434 1380
434 5000
434 5732
435 1892
435 2056
435 2159
435 4629
436 23
436 1410
436 2714
436 3453
436 3578
445 923
445 1155
445 1448
445 1463
445 4971
462 1006
462 2120
462 3091
462 3570
469 280
469 616
469 1810
469 5133
472 714
472 2495
472 3036
472 3422
472 4408
472 4874
472 5069
473 113
473 712
473 1072
473 2608
473 2792
473 3313
473 3955
500 1488
500 3043
500 4743
500 5712
501 624
501 1257
501 1376
501 2374
501 3003
501 5188
502 434
502 1380
502 5000
502 5732
504 702
504 761
504 1704
504 2505
504 4367
504 5109
508 185
508 2081
508 4623
508 5085
530 194
530 536
530 862
530 1128
530 1454
530 1505
530 1779
530 3573
530 4252
530 4841
530 4849
536 194
536 530
536 862
536 1128
536 1454
536 1505
536 1779
536 3573
536 4252
536 4841
536 4849
545 2247
545 2343
545 2644
545 3553
545 3742
545 3864
545 3948
545 4822
545 4850
545 5313
546 1263
546 1990
546 3233
546 3403
547 90
547 589
547 2612
547 3165
547 3191
547 5238
553 826
553 1323
553 3390
553 3499
553 3614
553 5371
553 5382
555 73
555 658
555 681
555 875
555 1268
555 1548
555 1841
555 2060
555 2090
555 2370
555 2756
555 3410
555 4765
557 1434
557 1784
557 2309
557 2826
557 5070
557 5447
559 265
559 1114
559 1801
559 3865
566 935
566 1196
566 1460
566 2236
566 2252
566 3151
566 3534
566 5265
569 1673
569 2762
569 2807
569 4378
570 701
570 987
570 1032
570 1648
570 1841
570 3404
570 3488
570 3584
570 3589
570 3592
570 3848
570 4154
570 4317
570 4989
570 5073
570 5661
571 2602
571 2856
571 4208
571 5277
577 1577
577 3892
583 21
583 249
583 1310
583 4408
588 863
588 3055
588 3463
588 3465
588 4035
588 4252
588 4273
588 4849
588 4868
589 90
589 547
589 2612
589 3165
589 3191
589 5238
593 211
593 810
593 2600
593 2880
593 4062
593 4797
593 5460
593 5498
593 5558
598 984
598 1769
598 4480
603 819
603 1439
603 1444
603 2451
603 2816
603 2933
603 3966
603 4030
603 4718
605 618
605 1372
605 3379
605 4249
607 1464
607 4959
610 2065
610 3010
610 4436
610 4861
610 5370
610 5426
610 5571
612 19
612 69
612 228
612 931
612 2435
612 2598
612 2721
612 3155
612 5122
616 280
616 284
616 469
616 931
616 1046
616 1488
616 1569
616 1693
616 1796
616 1810
616 2051
616 3025
616 3572
616 3922
616 5065
616 5133
616 5208
618 605
618 1372
618 1723
618 3379
618 3652
618 4249
618 4382
618 5079
619 186
619 969
619 1381
619 1572
619 2563
619 3214
619 4510
619 5322
619 5328
620 1989
620 3047
620 3342
620 3469
620 4826
620 4900
622 344
622 5035
623 358
623 1473
624 501
624 1246
624 1376
624 1755
624 2140
624 3003
624 3658
624 5188
624 5500
624 5614
627 38
627 4176
627 4486
627 5064
632 1667
632 3504
632 3686
632 4572
635 1118
635 3857
635 4031
635 4199
639 2606
639 3350
639 3741
639 4103
640 707
640 785
640 1027
640 1088
640 1702
640 2117
640 2533
640 3855
640 5558
644 2275
644 3716
645 218
645 871
645 1067
645 4335
647 1216
647 1284
647 1722
647 2967
647 3193
647 5140
648 281
648 1336
648 2321
648 3053
648 3188
648 4549
648 4814
648 5740
653 44
653 210
653 841
653 1004
653 1172
653 1446
653 2624
653 2914
653 3416
653 4108
653 5297
656 3195
656 4799
657 267
657 3048
657 3108
657 3783
658 555
658 1268
658 1548
658 2090
661 1717
661 3499
661 3875
661 4806
661 5128
664 1114
664 2063
664 3861
664 3970
664 3986
666 2597
666 2805
666 4543
666 5342
675 1328
675 2713
675 2866
675 3296
676 2410
676 3137
676 3553
676 5223
681 555
681 875
681 1841
681 3410
681 4765
682 1636
682 3283
683 25
683 83
683 115
683 420
683 770
687 3275
687 4727
688 1149
688 2393
691 191
691 227
691 841
691 1920
691 4856
692 303
692 1387
692 1860
692 3369
692 3409
692 3463
692 3648
692 3747
692 5416
692 5604
694 205
694 3552
701 570
701 987
701 1032
701 1648
701 1841
701 3404
701 3488
701 3584
701 3589
701 3592
701 3848
701 4154
701 4317
701 4989
701 5073
701 5661
702 504
702 761
702 1704
702 2505
702 4367
702 5109
703 1515
703 1694
703 1727
703 4563
707 640
707 1027
707 1088
707 1280
707 1702
707 2533
707 3218
707 3892
707 3951
707 5558
710 2023
710 2683
710 3931
712 113
712 473
712 1072
712 2608
712 2792
712 3313
712 3955
714 472
714 925
714 1769
714 1970
714 2495
714 2643
714 3036
714 3095
714 3288
714 3422
714 3474
714 4082
714 4251
714 4408
714 4643
714 4691
714 4797
714 4874
714 5069
714 5307
716 3130
716 3201
716 3242
716 4620
726 800
726 909
726 4354
726 4476
726 5045
726 5314
726 5497
726 5687
727 3220
727 4409
728 1462
728 2051
728 3634
728 5133
730 1367
730 3777
732 3448
732 3950
732 4313
732 4870
732 5246
737 3117
737 3217
737 3590
743 285
743 4405
743 4601
743 4982
758 10
758 156
758 1082
758 1234
758 1337
758 1347
758 1553
758 3213
758 3301
758 3484
758 3637
758 4037
758 4802
761 504
761 702
761 1704
761 2505
761 4367
761 5109
767 269
767 1797
767 1856
767 2051
767 2702
767 2916
767 3027
767 3218
767 3369
767 3503
767 4794
767 5136
767 5668
770 25
770 83
770 115
770 420
770 683
775 1670
775 3725
785 640
785 2117
785 3855
796 2163
796 3453
796 3855
796 5215
800 726
800 909
800 4354
800 4476
800 5045
800 5314
800 5497
800 5687
808 1042
808 1698
808 2400
808 3363
808 4247
810 211
810 593
810 2600
810 4062
810 4797
810 5558
819 603
819 1439
819 1444
819 2451
819 2816
819 2933
819 3966
819 4030
819 4718
823 382
823 3087
823 3318
823 5551
825 3617
825 5130
825 5383
826 553
826 1323
826 3390
826 3499
826 3614
826 5371
826 5382
828 2722
828 3355
828 5134
828 5653
831 2334
831 3037
831 3185
831 3286
831 3795
833 4804
833 5406
841 44
841 191
841 210
841 227
841 653
841 691
841 1004
841 1172
841 1326
841 1446
841 1767
841 1920
841 2624
841 2914
841 3416
841 3643
841 4108
841 4163
841 4432
841 4856
841 5134
841 5297
841 5412
847 1119
847 1234
847 1750
847 1755
847 3777
847 4287
847 4357
850 3243
850 3273
850 3508
850 5437
850 5617
855 2073
855 4021
855 4129
855 5712
862 194
862 530
862 536
862 1128
862 1454
862 1505
862 1779
862 3573
862 4252
862 4841
862 4849
863 588
863 3055
863 3463
863 3465
863 4035
863 4252
863 4273
863 4849
863 4868
871 218
871 645
871 1067
871 4335
874 1116
874 1988
875 555
875 681
875 1841
875 3410
875 4765
877 1302
877 4089
878 2430
878 4937
886 2759
886 4810
888 1132
888 1630
888 2144
888 2898
888 3921
888 4988
891 1176
891 3609
891 5528
893 4495
893 5609
894 1272
894 1668
894 1914
894 2703
894 4575
901 1713
901 2556
901 3095
901 4065
901 4373
901 5482
901 5707
902 313
902 951
902 2814
902 4285
905 256
905 3278
905 3392
905 3393
905 3477
905 3583
907 2349
907 2984
909 726
909 800
909 4354
909 4476
909 5045
909 5314
909 5497
909 5687
910 404
910 962
910 2239
910 2926
912 143
912 3373
912 5195
912 5694
913 134
913 2183
913 3130
913 3499
913 3557
913 5672
916 141
916 182
916 1350
916 2004
916 2036
916 2633
916 2858
916 4059
916 5227
920 29
920 248
920 2137
920 3003
920 5729
922 1307
922 3330
922 3732
922 5258
923 445
923 1155
923 1448
923 1463
923 4971
924 2180
924 5627
925 714
925 1769
925 3288
925 4643
925 4691
925 4797
925 5307
926 930
926 1115
926 1357
926 3852
926 4186
926 4190
926 5025
930 926
930 1115
930 1357
930 3852
930 4186
930 4190
930 5025
931 19
931 69
931 228
931 284
931 612
931 616
931 1046
931 1120
931 1569
931 1796
931 2199
931 2435
931 2598
931 2721
931 3025
931 3155
931 3572
931 3922
931 5122
931 5646
935 566
935 1196
935 1460
935 2236
935 2252
935 3151
935 3534
935 5265
939 254
939 2380
939 4253
939 5613
940 1232
940 2961
940 3380
940 3698
940 4277
940 4845
940 5015
940 5328
940 5401
941 20
941 141
941 2458
941 4024
941 4939
942 1168
942 1274
942 1756
942 1875
942 2245
942 2907
942 4310
942 4582
942 5079
943 66
943 1423
943 1846
943 5577
943 5578
943 5747
946 177
946 1219
946 1981
946 2683
949 984
949 1232
949 3408
949 4536
951 313
951 902
951 2814
951 4285
951 4916
958 2718
958 4548
962 404
962 910
962 2239
962 2926
966 1383
966 2817
966 3163
966 3402
966 4102
966 4245
966 5642
969 186
969 619
969 1381
969 1572
969 3214
972 217
972 233
972 1492
972 2114
972 2462
972 3208
972 3238
972 3777
972 4113
972 5493
972 5599
975 2303
975 2305
975 2306
975 3777
975 4152
975 4462
975 4667
975 4721
975 4733
975 4736
975 5134
975 5726
977 2251
977 3450
977 3565
977 4095
977 4556
977 5005
977 5464
983 240
983 1315
983 2028
984 598
984 949
984 1232
984 1769
984 3408
984 4480
984 4536
986 4171
986 4495
987 570
987 701
987 1648
987 1841
987 3584
987 3589
987 3592
987 4154
987 4317
987 4989
987 5073
987 5661
1001 1856
1001 2460
1001 3488
1001 3785
1001 4096
1001 4404
1001 4838
1004 44
1004 210
1004 653
1004 841
1004 1172
1004 1446
1004 2624
1004 2914
1004 3416
1004 4108
1004 5297
1006 3
1006 462
1006 1267
1006 1776
1006 2027
1006 2120
1006 3091
1006 3570
1008 2631
1008 3652
1008 5531
1009 2094
1009 2243
1009 2882
1009 3111
1009 3472
1009 4186
1015 1686
1015 5065
1023 1301
1023 2395
1023 4573
1023 5542
1027 640
1027 707
1027 1088
1027 1702
1027 2533
1027 5558
1032 237
1032 570
1032 701
1032 1249
1032 1648
1032 1841
1032 2187
1032 2906
1032 3404
1032 3408
1032 3488
1032 3589
1032 3848
1032 4989
1032 5073
1038 85
1038 372
1038 1041
1038 1258
1038 2129
1038 2959
1041 85
1041 372
1041 1038
1041 1258
1041 2129
1041 2959
1042 808
1042 1698
1042 2400
1042 3363
1042 4247
1045 221
1045 1535
1045 3189
1045 4302
1046 284
1046 616
1046 931
1046 1569
1046 1796
1046 3025
1046 3572
1046 3922
1047 204
1047 274
1047 1725
1047 1999
1047 3027
1047 5359
1049 1750
1049 3777
1049 5211
1049 5552
1058 1109
1058 4445
1058 4480
1058 4984
1067 218
1067 226
1067 645
1067 871
1067 2096
1067 2629
1067 3777
1067 4123
1067 4335
1072 113
1072 473
1072 712
1072 2608
1072 2792
1072 3313
1072 3955
1078 1428
1078 3132
1081 1500
1081 1970
1081 2167
1081 2540
1081 4791
1081 5712
1082 10
1082 758
1082 3301
1082 4802
1088 640
1088 707
1088 1027
1088 1702
1088 2533
1088 5558
1101 132
1101 3776
1104 66
1104 1846
1104 2168
1104 3236
1109 1058
1109 4445
1109 4480
1109 4984
1114 265
1114 559
1114 664
1114 1801
1114 2063
1114 3861
1114 3865
1114 3970
1114 3986
1115 926
1115 930
1115 1357
1115 3852
1115 4186
1115 4190
1115 5025
1116 874
1116 1988
1118 635
1118 3857
1118 4031
1118 4199
1119 847
1119 1234
1119 1755
1119 4357
1120 931
1120 1569
1120 2199
1120 5646
1124 68
1124 1260
1124 1715
1124 1741
1124 2212
1124 2986
1124 3014
1124 3664
1124 4116
1124 5043
1124 5372
1124 5527
1124 5548
1126 423
1126 2179
1126 3739
1128 194
1128 530
1128 536
1128 862
1128 1454
1128 1505
1128 1779
1128 3573
1128 4252
1128 4841
1128 4849
1132 888
1132 1630
1132 2144
1132 2898
1132 3921
1132 4988
1149 688
1149 2393
1155 445
1155 923
1155 1448
1155 1463
1155 4971
1161 1174
1161 2480
1161 3429
1161 3447
1161 3950
1161 5278
1168 942
1168 1274
1168 1875
1168 2245
1168 4582
1172 44
1172 210
1172 653
1172 841
1172 1004
1172 1446
1172 2624
1172 2914
1172 3416
1172 4108
1172 5297
1174 1161
1174 2480
1174 3429
1174 3447
1174 3950
1174 5278
1176 891
1176 3609
1176 5528
1184 1494
1184 2943
1184 3053
1184 4540
1196 566
1196 935
1196 1460
1196 2236
1196 2252
1196 3151
1196 3534
1196 5265
1216 116
1216 406
1216 647
1216 1284
1216 1722
1216 2967
1216 3193
1216 3514
1216 5140
1216 5488
1219 177
1219 946
1219 1981
1219 2683
1220 1662
1220 3074
1220 3128
1220 5708
1224 2614
1224 3409
1224 4647
1224 4760
1224 4764
1232 940
1232 949
1232 984
1232 2961
1232 3380
1232 3408
1232 3698
1232 4277
1232 4536
1232 4845
1232 5015
1232 5328
1232 5401
1234 156
1234 758
1234 847
1234 1119
1234 1347
1234 1553
1234 1755
1234 3213
1234 4357
1235 1757
1235 3827
1235 4183
1235 5342
1241 1639
1241 1677
1241 2354
1241 2403
1241 2462
1241 3550
1241 4021
1241 4708
1241 4757
1241 5525
1242 1736
1242 1932
1242 2428
1242 2595
1242 2826
1242 3657
1242 3852
1246 624
1246 1755
1246 2797
1246 2916
1246 3369
1246 3614
1246 3658
1246 5614
1249 237
1249 1032
1249 2187
1249 2906
1249 3404
1249 3408
1249 3848
1249 5073
1250 1616
1250 3556
1250 4972
1250 5613
1251 1566
1251 2707
1251 2922
1251 5763
1252 396
1252 3198
1252 3827
1252 5342
1256 1687
1256 3030
1256 3251
1256 3648
1256 4668
1257 501
1257 1376
1257 2374
1258 85
1258 372
1258 1038
1258 1041
1258 2129
1258 2756
1258 2959
1258 3410
1258 3503
1258 4031
1260 68
1260 1124
1260 1715
1260 1741
1260 2212
1260 2986
1260 3014
1260 3664
1260 4116
1260 5043
1260 5372
1260 5527
1260 5548
1261 1788
1261 2269
1261 4039
1261 5031
1261 5042
1261 5512
1262 64
1262 208
1262 1477
1262 2630
1262 4132
1262 5635
1262 5718
1263 546
1263 1990
1263 3233
1263 3403
1267 3
1267 1006
1267 1776
1267 2027
1268 555
1268 658
1268 1548
1268 2090
1271 2447
1271 5373
1272 894
1272 1668
1272 1914
1272 2703
1272 4575
1274 942
1274 1168
1274 1875
1274 2245
1274 4582
1279 215
1279 1548
1279 4172
1279 4679
1280 707
1280 3218
1280 3892
1280 3951
1284 647
1284 1216
1284 1722
1284 2967
1284 3193
1284 5140
1286 64
1286 1521
1286 3648
1286 4432
1286 4478
1286 4870
1290 1420
1290 1576
1290 2242
1290 2606
1293 2215
1293 4271
1293 5524
1298 275
1298 367
1298 1643
1298 1649
1298 3638
1298 4748
1298 5303
1301 1023
1301 2395
1301 4573
1301 5542
1302 877
1302 4089
1304 1362
1304 1408
1304 1714
1304 3953
1304 4955
1304 5288
1304 5735
1305 2676
1305 5134
1305 5203
1307 922
1307 3330
1307 3732
1307 5258
1310 21
1310 249
1310 583
1310 4408
1315 240
1315 983
1315 2028
1323 553
1323 826
1323 3390
1323 3499
1323 3614
1323 5371
1323 5382
1326 841
1326 1767
1326 3643
1326 4163
1326 4432
1326 5134
1326 5412
1327 2141
1327 2942
1327 3536
1327 3551
1327 3750
1327 4512
1327 4912
1328 675
1328 2713
1328 2866
1328 3296
1329 3218
1329 3324
1329 3730
1329 4497
1329 5444
1334 48
1334 3746
1336 281
1336 648
1336 2321
1336 3053
1336 3188
1336 4549
1336 4814
1336 5740
1337 758
1337 3484
1337 3637
1337 4037
1347 156
1347 758
1347 1234
1347 1553
1347 3213
1350 916
1350 2036
1350 2858
1350 4059
1357 926
1357 930
1357 1115
1357 1488
1357 1761
1357 1848
1357 2051
1357 2643
1357 3033
1357 3507
1357 3611
1357 3621
1357 3852
1357 4186
1357 4190
1357 4752
1357 4791
1357 4792
1357 4961
1357 5025
1357 5557
1357 5560
1362 1304
1362 1714
1362 3953
1362 4955
1365 312
1365 2278
1365 3670
1365 4538
1367 730
1367 3777
1372 605
1372 618
1372 3379
1372 4249
1376 501
1376 624
1376 1257
1376 1755
1376 2140
1376 2374
1376 3003
1376 5188
1376 5500
1380 434
1380 502
1380 5000
1380 5732
1381 186
1381 619
1381 969
1381 1572
1381 1960
1381 3214
1381 3610
1381 4107
1383 966
1383 2817
1383 3163
1383 3402
1383 4102
1383 4245
1383 5642
1387 303
1387 692
1387 1860
1387 3369
1387 3409
1387 3463
1387 3648
1389 179
1389 3790
1389 4028
1389 4266
1389 5700
1408 1304
1408 5288
1408 5735
1410 23
1410 436
1410 2714
1410 3453
1410 3578
1420 1290
1420 1576
1420 2198
1420 2242
1420 2606
1420 5240
1423 66
1423 943
1423 1846
1428 1078
1428 3132
1432 1996
1432 2016
1432 4437
1433 360
1433 3137
1433 3511
1433 4570
1434 557
1434 1784
1434 2309
1434 2826
1434 5070
1434 5447
1436 2295
1436 3373
1436 3827
1436 5694
1438 1873
1438 2054
1438 2182
1438 2192
1438 3512
1438 4136
1438 4568
1438 4894
1439 603
1439 819
1439 1444
1439 2451
1439 2816
1439 2933
1439 3966
1439 4030
1439 4718
1444 603
1444 819
1444 1439
1444 2451
1444 2816
1444 2933
1444 3966
1444 4030
1444 4718
1446 44
1446 210
1446 653
1446 841
1446 1004
1446 1172
1446 2624
1446 2914
1446 3416
1446 4108
1446 5297
1448 445
1448 923
1448 1155
1448 1463
1448 4971
1452 3190
1452 3369
1452 3892
1452 4118
1452 5485
1452 5734
1454 194
1454 530
1454 536
1454 862
1454 1128
1454 1505
1454 1779
1454 3573
1454 4252
1454 4841
1454 4849
1460 566
1460 935
1460 1196
1460 2236
1460 2252
1460 3151
1460 3534
1460 5265
1462 728
1462 2051
1462 3634
1462 5133
1463 445
1463 923
1463 1155
1463 1448
1463 4971
1464 607
1464 4959
1469 2152
1469 3392
1469 3950
1469 4361
1473 358
1473 623
1473 2607
1473 2891
1473 4537
1473 4791
1473 5151
1475 264
1475 3453
1477 64
1477 208
1477 1262
1477 2630
1477 4132
1477 5635
1477 5718
1488 500
1488 616
1488 1357
1488 1693
1488 2051
1488 2643
1488 3043
1488 4743
1488 4752
1488 4791
1488 5065
1488 5208
1488 5712
1492 217
1492 972
1492 2462
1492 3238
1493 213
1493 1716
1493 3862
1493 4011
1494 1184
1494 2943
1494 3053
1494 4540
1496 175
1496 1536
1496 1584
1496 2171
1496 4350
1496 5027
1496 5134
1496 5539
1496 5731
1500 1081
1500 1970
1500 2167
1500 2540
1500 4791
1500 5712
1505 194
1505 530
1505 536
1505 862
1505 1128
1505 1454
1505 1779
1505 3573
1505 4252
1505 4841
1505 4849
1507 201
1507 1691
1507 2424
1507 4003
1515 703
1515 1694
1515 1727
1515 4563
1521 64
1521 1286
1521 3648
1521 4432
1521 4478
1521 4870
1535 221
1535 1045
1535 3189
1535 4302
1536 175
1536 1496
1536 1584
1536 2171
1536 4350
1536 5027
1536 5134
1536 5539
1536 5731
1539 3762
1539 5424
1548 215
1548 555
1548 658
1548 1268
1548 1279
1548 2090
1548 4172
1548 4679
1553 156
1553 758
1553 1234
1553 1347
1553 3213
1566 1251
1566 2707
1566 2922
1566 5763
1569 284
1569 616
1569 931
1569 1046
1569 1120
1569 1796
1569 2199
1569 3025
1569 3572
1569 3922
1569 5646
1572 186
1572 619
1572 969
1572 1381
1572 3214
1576 1290
1576 1420
1576 2122
1576 2242
1576 2606
1576 3471
1577 577
1577 2304
1577 3892
1577 5058
1584 175
1584 1496
1584 1536
1584 2171
1584 4350
1584 5027
1584 5134
1584 5539
1584 5731
1589 2197
1589 3369
1590 1650
1590 2340
1590 2734
1590 4406
1590 5142
1606 1861
1606 2893
1606 4619
1606 5519
1616 1250
1616 3556
1616 4972
1616 5613
1617 4555
1617 4577
1619 3594
1619 3872
1619 4823
1619 5160
1625 1705
1625 4718
1625 5481
1630 888
1630 1132
1630 2144
1630 2898
1630 3921
1630 4988
1636 682
1636 3283
1639 1241
1639 3550
1639 4021
1639 4708
1639 4757
1639 5525
1643 275
1643 367
1643 1298
1643 1649
1643 3638
1643 4748
1643 5303
1648 570
1648 701
1648 987
1648 1032
1648 1841
1648 3404
1648 3488
1648 3584
1648 3589
1648 3592
1648 3848
1648 4154
1648 4317
1648 4989
1648 5073
1648 5661
1649 275
1649 367
1649 1298
1649 1643
1649 3638
1649 4748
1649 5303
1650 1590
1650 2340
1650 2734
1650 4406
1650 5142
1655 2034
1655 4176
1655 4222
1655 5639
1657 5160
1657 5678
1658 2885
1658 3963
1658 4400
1658 5458
1658 5603
1662 1220
1662 3074
1662 3128
1662 5708
1664 2161
1664 5500
1664 5611
1666 2578
1666 2580
1666 4541
1666 4794
1667 632
1667 3504
1667 3686
1667 4572
1668 894
1668 1272
1668 1914
1668 2703
1668 4575
1670 775
1670 3725
1673 569
1673 2762
1673 2807
1673 4378
1677 1241
1677 2354
1680 54
1680 2025
1680 2943
1680 4356
1681 3173
1681 3661
1681 5134
1684 2151
1684 2564
1684 2872
1684 3696
1684 4268
1685 1897
1685 5500
1686 1015
1686 5065
1687 1256
1687 3030
1687 3251
1687 3648
1687 4668
1691 201
1691 1507
1691 2424
1691 4003
1693 616
1693 1488
1693 2051
1693 5065
1693 5208
1694 703
1694 1515
1694 1727
1694 4563
1698 808
1698 1042
1698 2400
1698 3363
1698 4247
1702 640
1702 707
1702 1027
1702 1088
1702 2533
1702 4503
1702 5506
1702 5558
1704 504
1704 702
1704 761
1704 2505
1704 4367
1704 5109
1705 1625
1705 4718
1705 5481
1706 3320
1706 4473
1708 4
1708 2260
1708 2823
1708 2898
1708 2919
1708 4375
1710 255
1710 3777
1710 4537
1710 5074
1713 901
1713 2556
1713 3095
1713 4065
1713 4373
1713 5482
1713 5707
1714 1304
1714 1362
1714 3953
1714 4955
1715 68
1715 1124
1715 1260
1715 1741
1715 2212
1715 2986
1715 3014
1715 3664
1715 4116
1715 5043
1715 5372
1715 5527
1715 5548
1716 213
1716 1493
1716 3862
1716 4011
1717 661
1717 3499
1717 3875
1717 4806
1717 5128
1722 647
1722 1216
1722 1284
1722 2967
1722 3193
1722 5140
1723 427
1723 618
1723 3652
1723 4031
1723 4382
1723 5079
1723 5602
1725 1047
1725 5359
1727 703
1727 1515
1727 1694
1727 4563
1730 393
1730 3868
1730 4139
1730 5289
1731 3126
1731 3387
1731 5188
1731 5650
1736 1242
1736 1932
1736 2428
1736 2595
1736 2826
1736 3657
1736 3852
1737 4040
1737 5050
1738 2431
1738 3202
1738 4811
1738 5206
1738 5462
1741 68
1741 1124
1741 1260
1741 1715
1741 2212
1741 2986
1741 3014
1741 3664
1741 4116
1741 5043
1741 5372
1741 5527
1741 5548
1744 1868
1744 2240
1744 3167
1744 3825
1750 847
1750 1049
1750 3777
1750 4287
1750 5211
1750 5552
1755 624
1755 847
1755 1119
1755 1234
1755 1246
1755 1376
1755 2140
1755 3658
1755 4357
1755 5500
1755 5614
1756 942
1756 2907
1756 4310
1756 5079
1757 1235
1757 2051
1757 3464
1757 3827
1757 4183
1757 4276
1757 4774
1757 5342
1761 1357
1761 1848
1761 3033
1761 4792
1761 4961
1761 5560
1767 841
1767 1326
1767 3643
1767 4163
1767 4432
1767 5134
1767 5412
1769 598
1769 714
1769 925
1769 984
1769 3288
1769 4480
1769 4643
1769 4691
1769 4797
1769 5307
1772 2297
1772 3181
1772 3218
1772 5125
1776 3
1776 1006
1776 1267
1776 2027
1779 194
1779 530
1779 536
1779 862
1779 1128
1779 1454
1779 1505
1779 3573
1779 4252
1779 4841
1779 4849
1784 557
1784 1434
1784 2309
1784 2826
1784 5070
1784 5447
1788 1261
1788 2269
1788 4039
1788 5031
1788 5042
1788 5512
1792 3291
1792 4816
1793 184
1793 1825
1793 2266
1793 3645
1793 4464
1796 284
1796 616
1796 931
1796 1046
1796 1569
1796 3025
1796 3572
1796 3922
1797 269
1797 767
1797 5136
1801 265
1801 559
1801 1114
1801 1810
1801 3865
1801 4442
1810 280
1810 469
1810 616
1810 1801
1810 4442
1810 5133
1825 184
1825 1793
1825 2266
1825 3645
1825 4464
1826 2017
1826 4558
1839 2268
1839 2865
1839 3002
1839 3488
1839 4031
1841 555
1841 570
1841 681
1841 701
1841 875
1841 987
1841 1032
1841 1648
1841 3404
1841 3410
1841 3488
1841 3584
1841 3589
1841 3592
1841 3848
1841 4154
1841 4317
1841 4765
1841 4989
1841 5073
1841 5661
1846 66
1846 943
1846 1104
1846 1423
1846 2168
1846 3236
1846 5577
1846 5578
1846 5747
1848 1357
1848 1761
1848 3033
1848 4792
1848 4961
1848 5560
1856 767
1856 1001
1856 2702
1856 3027
1856 3218
1856 3369
1856 3503
1856 4096
1856 4404
1856 4838
1857 1995
1857 2582
1857 2626
1857 3850
1859 2028
1859 2370
1859 2580
1859 2760
1860 303
1860 692
1860 1387
1860 3369
1860 3409
1860 3463
1860 3648
1861 1606
1861 2893
1861 4619
1861 5519
1865 204
1865 2193
1865 2258
1865 5082
1865 5468
1865 5496
1868 1744
1868 2240
1868 3167
1868 3825
1873 1438
1873 2054
1873 2182
1873 2192
1873 3512
1873 4136
1873 4568
1873 4894
1875 942
1875 1168
1875 1274
1875 2245
1875 4582
1877 2753
1877 2765
1877 3604
1877 4429
1877 4470
1877 5224
1877 5230
1877 5283
1892 435
1892 2056
1892 2159
1892 4629
1897 1685
1897 5500
1903 320
1903 3496
1903 5336
1909 226
1909 1968
1909 1971
1909 2091
1909 4795
1909 5192
1914 894
1914 1272
1914 1668
1914 2703
1914 4575
1920 191
1920 227
1920 691
1920 841
1920 4856
1932 1242
1932 1736
1932 2428
1932 2595
1932 2826
1932 3657
1932 3852
1939 3892
1939 5070
1939 5485
1939 5534
1949 2263
1949 3284
1949 5088
1949 5277
1960 186
1960 1381
1960 3610
1960 4107
1968 226
1968 1909
1968 1971
1968 2091
1968 4795
1968 5192
1970 714
1970 1081
1970 1500
1970 2167
1970 2540
1970 2643
1970 3095
1970 3474
1970 4082
1970 4251
1970 4791
1970 5712
1971 226
1971 1909
1971 1968
1971 2091
1971 4795
1971 5192
1976 2006
1976 2196
1976 3156
1976 3172
1976 4485
1978 142
1978 341
1978 2616
1978 4330
1978 5488
1981 177
1981 946
1981 1219
1981 2683
1984 2228
1984 3750
1984 4925
1984 5022
1984 5561
1988 874
1988 1116
1989 620
1989 3047
1989 3342
1989 3469
1989 4826
1989 4900
1990 546
1990 1263
1990 3233
1990 3403
1995 1857
1995 2582
1995 2626
1995 3850
1996 1432
1996 2016
1996 4437
1999 204
1999 274
1999 1047
1999 3027
2003 180
2003 311
2003 2406
2003 4415
2004 141
2004 182
2004 916
2004 2633
2004 5227
2006 1976
2006 2196
2006 3156
2006 3172
2006 4485
2016 202
2016 1432
2016 1996
2016 2800
2016 3137
2016 4437
2016 5514
2017 1826
2017 4558
2019 2576
2019 3754
2019 3777
2023 710
2023 2683
2023 3931
2025 54
2025 1680
2025 2943
2025 4356
2027 3
2027 1006
2027 1267
2027 1776
2027 3505
2027 3812
2027 5205
2027 5321
2027 5710
2028 240
2028 983
2028 1315
2028 1859
2028 2370
2028 2580
2028 2760
2032 109
2032 2070
2032 2498
2032 4388
2032 5660
2034 1655
2034 4176
2034 4222
2034 5639
2036 916
2036 1350
2036 2858
2036 4059
2037 276
2037 2797
2037 4147
2037 4583
2046 2729
2046 2809
2046 3024
2046 3820
2046 5486
2046 5530
2049 2924
2049 2941
2049 3177
2049 3430
2049 3538
2049 4877
2051 616
2051 728
2051 767
2051 1357
2051 1462
2051 1488
2051 1693
2051 1757
2051 2628
2051 2916
2051 3033
2051 3272
2051 3275
2051 3369
2051 3464
2051 3611
2051 3621
2051 3634
2051 3852
2051 3899
2051 3949
2051 4186
2051 4276
2051 4603
2051 4774
2051 4794
2051 5065
2051 5133
2051 5208
2051 5217
2051 5568
2051 5668
2054 1438
2054 1873
2054 2182
2054 2192
2054 3512
2054 4136
2054 4568
2054 4894
2056 435
2056 1892
2056 2159
2056 4629
2060 73
2060 555
2060 2370
2060 2756
2063 664
2063 1114
2063 3861
2063 3970
2063 3986
2065 610
2065 3010
2065 4436
2065 4861
2065 5370
2065 5426
2065 5571
2070 109
2070 2032
2070 2498
2070 4388
2073 855
2073 2141
2073 2158
2073 2200
2073 3804
2073 4020
2073 4021
2073 4129
2073 5712
2081 185
2081 508
2081 4623
2081 5085
2090 555
2090 658
2090 1268
2090 1548
2091 226
2091 1909
2091 1968
2091 1971
2091 4795
2091 5192
2094 1009
2094 2882
2094 3472
2094 4186
2096 218
2096 226
2096 1067
2096 2629
2096 3777
2096 4123
2105 3369
2105 3892
2105 5441
2105 5715
2114 233
2114 972
2114 3208
2114 5599
2117 640
2117 785
2117 3271
2117 3855
2117 4816
2120 276
2120 462
2120 1006
2120 2753
2120 3091
2120 3570
2120 3934
2120 4416
2120 4822
2122 1576
2122 3471
2129 85
2129 372
2129 1038
2129 1041
2129 1258
2129 2959
2137 29
2137 248
2137 920
2137 3003
2137 5729
2140 624
2140 1376
2140 1755
2140 5500
2141 391
2141 1327
2141 2073
2141 2851
2141 2942
2141 3536
2141 3551
2141 3750
2141 3804
2141 4512
2141 4912
2141 4936
2141 5672
2144 888
2144 1132
2144 1630
2144 2201
2144 2268
2144 2557
2144 2636
2144 2898
2144 2980
2144 3921
2144 4248
2144 4284
2144 4880
2144 4988
2151 1684
2151 2564
2151 2872
2151 3696
2151 4268
2152 1469
2152 3392
2152 3950
2152 4361
2154 20
2154 205
2154 3920
2155 114
2155 121
2155 2230
2155 3036
2155 3084
2155 4154
2155 4237
2155 5162
2155 5248
2155 5553
2158 2073
2158 2200
2158 4020
2158 4129
2159 435
2159 1892
2159 2056
2159 4629
2160 230
2160 4149
2160 4766
2160 5658
2161 1664
2161 5500
2161 5611
2163 796
2163 3453
2163 3855
2163 5215
2166 2902
2166 4993
2167 1081
2167 1500
2167 1970
2167 2540
2167 4791
2167 5712
2168 66
2168 1104
2168 1846
2168 3236
2171 175
2171 1496
2171 1536
2171 1584
2171 4350
2171 5027
2171 5134
2171 5539
2171 5731
2179 423
2179 1126
2179 3739
2180 924
2180 5627
2182 1438
2182 1873
2182 2054
2182 2192
2182 3512
2182 4136
2182 4568
2182 4894
2183 134
2183 913
2183 3130
2183 3499
2183 3557
2183 5672
2187 237
2187 1032
2187 1249
2187 2906
2187 3404
2187 3408
2187 3848
2187 5073
2190 216
2190 2760
2190 3779
2190 5624
2192 1438
2192 1873
2192 2054
2192 2182
2192 3512
2192 4136
2192 4568
2192 4894
2193 204
2193 1865
2193 2258
2193 5082
2193 5468
2193 5496
2196 1976
2196 2006
2196 3156
2196 3172
2196 4485
2197 1589
2197 3369
2198 1420
2198 5240
2199 931
2199 1120
2199 1569
2199 5646
2200 2073
2200 2158
2200 4020
2200 4129
2201 2144
2201 2268
2201 2557
2201 2636
2201 2980
2201 4248
2201 4284
2201 4880
2212 68
2212 1124
2212 1260
2212 1715
2212 1741
2212 2986
2212 3014
2212 3664
2212 4116
2212 5043
2212 5372
2212 5527
2212 5548
2215 1293
2215 4271
2215 5524
2227 3352
2227 3434
2227 5606
2228 1984
2228 3750
2228 4925
2228 5022
2228 5561
2229 2290
2229 2648
2229 4173
2229 5713
2230 2155
2230 4154
2230 4237
2230 5162
2230 5248
2230 5553
2236 566
2236 935
2236 1196
2236 1460
2236 2252
2236 3151
2236 3534
2236 5265
2239 404
2239 910
2239 962
2239 2926
2240 1744
2240 1868
2240 3167
2240 3825
2242 1290
2242 1420
2242 1576
2242 2606
2243 1009
2243 3111
2245 942
2245 1168
2245 1274
2245 1875
2245 4582
2247 545
2247 3742
2247 3864
2247 3948
2247 4850
2247 5313
2251 977
2251 3450
2251 3565
2251 4095
2251 4556
2251 5005
2251 5464
2252 566
2252 935
2252 1196
2252 1460
2252 2236
2252 3151
2252 3534
2252 5265
2258 204
2258 1865
2258 2193
2258 5082
2258 5468
2258 5496
2260 4
2260 1708
2260 2823
2260 2898
2260 2919
2260 4375
2263 1949
2263 3284
2263 5088
2263 5277
2266 184
2266 1793
2266 1825
2266 2268
2266 2398
2266 2891
2266 3645
2266 4464
2266 4880
2266 5020
2266 5225
2268 1839
2268 2144
2268 2201
2268 2266
2268 2398
2268 2557
2268 2636
2268 2865
2268 2891
2268 2980
2268 3002
2268 3488
2268 4031
2268 4248
2268 4284
2268 4880
2268 5020
2268 5225
2269 1261
2269 1788
2269 4039
2269 5031
2269 5042
2269 5512
2275 644
2275 3716
2278 312
2278 1365
2278 3670
2278 4538
2280 4513
2280 5005
2280 5394
2280 5590
2290 2229
2290 2648
2290 4173
2290 5713
2295 216
2295 1436
2295 3270
2295 3373
2295 3460
2295 3827
2295 4163
2295 5064
2295 5181
2295 5509
2295 5694
2297 1772
2297 3181
2297 3218
2297 5125
2299 2577
2299 4502
2303 975
2303 2305
2303 2306
2303 3777
2303 4152
2303 4462
2303 4667
2303 4721
2303 4733
2303 4736
2303 5134
2303 5726
2304 1577
2304 5058
2305 975
2305 2303
2305 2306
2305 3777
2305 4152
2305 4462
2305 4667
2305 4721
2305 4733
2305 4736
2305 5134
2305 5726
2306 975
2306 2303
2306 2305
2306 3777
2306 4152
2306 4462
2306 4667
2306 4721
2306 4733
2306 4736
2306 5134
2306 5726
2309 557
2309 1434
2309 1784
2309 2826
2309 5070
2309 5447
2319 3707
2321 281
2321 648
2321 1336
2321 3053
2321 3188
2321 4549
2321 4814
2321 5740
2334 831
2334 3037
2334 3185
2334 3286
2334 3795
2340 1590
2340 1650
2340 2734
2340 4406
2340 5142
2343 545
2343 2644
2343 3553
2343 4822
2349 907
2349 2984
2354 1241
2354 1677
2369 3
2369 202
2369 2898
2369 4419
2370 73
2370 555
2370 1859
2370 2028
2370 2060
2370 2580
2370 2756
2370 2760
2374 115
2374 264
2374 501
2374 1257
2374 1376
2374 5541
2374 5614
2380 254
2380 939
2380 4253
2380 5613
2387 3382
2387 3732
2387 5354
2387 5675
2393 688
2393 1149
2395 1023
2395 1301
2395 4573
2395 5542
2398 2266
2398 2268
2398 2891
2398 4880
2398 5020
2398 5225
2400 808
2400 1042
2400 1698
2400 3363
2400 4247
2403 1241
2403 2462
2406 180
2406 311
2406 2003
2406 4415
2410 676
2410 3137
2410 3553
2410 5223
2416 53
2416 2566
2416 3646
2416 5766
2424 201
2424 1507
2424 1691
2424 4003
2428 1242
2428 1736
2428 1932
2428 2595
2428 2826
2428 3657
2428 3852
2430 878
2430 4937
2431 1738
2431 3202
2431 4811
2431 5206
2431 5462
2435 19
2435 69
2435 228
2435 612
2435 931
2435 2598
2435 2721
2435 3155
2435 4318
2435 5122
2435 5546
2444 235
2444 3072
2447 1271
2447 5373
2449 2709
2449 4100
2449 4814
2449 5101
2449 5698
2451 603
2451 819
2451 1439
2451 1444
2451 2816
2451 2933
2451 3966
2451 4030
2451 4718
2458 20
2458 141
2458 941
2458 4024
2458 4377
2458 4822
2458 4939
2460 1001
2460 3488
2460 3785
2462 217
2462 972
2462 1241
2462 1492
2462 2403
2462 3238
2480 1161
2480 1174
2480 3429
2480 3447
2480 3950
2480 5278
2483 3066
2483 3468
2494 2886
2494 3391
2494 3466
2494 3581
2494 3985
2494 4093
2494 5540
2494 5679
2494 5690
2495 472
2495 714
2495 3036
2495 3422
2495 4408
2495 4874
2495 5069
2498 109
2498 2032
2498 2070
2498 4388
2505 504
2505 702
2505 761
2505 1704
2505 4367
2505 5109
2521 2540
2521 2855
2521 3036
2521 3173
2521 3621
2521 3661
2521 4183
2531 3293
2531 5467
2533 640
2533 707
2533 1027
2533 1088
2533 1702
2533 5558
2540 1081
2540 1500
2540 1970
2540 2167
2540 2521
2540 2855
2540 3036
2540 3173
2540 3621
2540 3661
2540 4183
2540 4791
2540 5712
2556 901
2556 1713
2556 3095
2556 4065
2556 4373
2556 5482
2556 5707
2557 2144
2557 2201
2557 2268
2557 2636
2557 2980
2557 4248
2557 4284
2557 4880
2563 619
2563 4510
2563 5322
2563 5328
2564 1684
2564 2151
2564 2872
2564 3696
2564 4268
2566 53
2566 2416
2566 3646
2566 5766
2576 2019
2576 3754
2576 3777
2577 2299
2577 4502
2578 1666
2578 2580
2578 4541
2578 4794
2580 1666
2580 1859
2580 2028
2580 2370
2580 2578
2580 2760
2580 4541
2580 4794
2582 1857
2582 1995
2582 2626
2582 3850
2587 2683
2587 3470
2587 4028
2587 4447
2594 4759
2594 5432
2595 1242
2595 1736
2595 1932
2595 2428
2595 2826
2595 3657
2595 3852
2596 51
2596 407
2596 2985
2596 4930
2597 666
2597 2805
2597 4543
2597 5342
2598 19
2598 69
2598 228
2598 612
2598 931
2598 2435
2598 2721
2598 3155
2598 5122
2600 211
2600 593
2600 810
2600 4062
2600 4797
2600 5558
2602 571
2602 2856
2602 4208
2602 5277
2606 639
2606 1290
2606 1420
2606 1576
2606 2242
2606 3350
2606 3741
2606 4103
2607 1473
2607 2891
2607 4537
2607 4791
2607 5151
2608 113
2608 473
2608 712
2608 1072
2608 2792
2608 3313
2608 3955
2609 77
2609 3034
2609 3260
2609 5026
2612 90
2612 547
2612 589
2612 3165
2612 3191
2612 5238
2614 1224
2614 3409
2614 4647
2614 4760
2614 4764
2616 142
2616 341
2616 1978
2616 4330
2616 5488
2623 5422
2623 5656
2624 44
2624 210
2624 653
2624 841
2624 1004
2624 1172
2624 1446
2624 2914
2624 3416
2624 4108
2624 5297
2626 1857
2626 1995
2626 2582
2626 3850
2628 2051
2628 3275
2628 4603
2628 5217
2629 218
2629 226
2629 1067
2629 2096
2629 3777
2629 4123
2630 64
2630 208
2630 1262
2630 1477
2630 4132
2630 5635
2630 5718
2631 1008
2631 3652
2631 5531
2633 141
2633 182
2633 916
2633 2004
2633 5227
2636 2144
2636 2201
2636 2268
2636 2557
2636 2980
2636 4248
2636 4284
2636 4880
2643 714
2643 1357
2643 1488
2643 1970
2643 3095
2643 3474
2643 4082
2643 4251
2643 4752
2643 4791
2644 545
2644 2343
2644 3553
2644 4822
2648 2229
2648 2290
2648 4173
2648 5713
2676 1305
2676 5134
2676 5203
2683 177
2683 710
2683 946
2683 1219
2683 1981
2683 2023
2683 2587
2683 3470
2683 3931
2683 4028
2683 4447
2702 767
2702 1856
2702 3027
2702 3218
2702 3369
2702 3503
2703 894
2703 1272
2703 1668
2703 1914
2703 4575
2707 1251
2707 1566
2707 2922
2707 5763
2709 37
2709 93
2709 2449
2709 3091
2709 3785
2709 4100
2709 4183
2709 4814
2709 4847
2709 5101
2709 5698
2709 5717
2713 675
2713 1328
2713 2866
2713 3296
2714 23
2714 436
2714 1410
2714 2889
2714 3453
2714 3578
2714 5684
2718 958
2718 4548
2721 19
2721 69
2721 228
2721 612
2721 931
2721 2435
2721 2598
2721 3155
2721 5122
2722 828
2722 3355
2722 5134
2722 5653
2726 3291
2726 4816
2729 2046
2729 2809
2729 3024
2729 3820
2729 5486
2729 5530
2734 1590
2734 1650
2734 2340
2734 4406
2734 5142
2745 3302
2745 3558
2753 276
2753 1877
2753 2120
2753 2765
2753 3604
2753 3934
2753 4416
2753 4429
2753 4470
2753 4822
2753 5224
2753 5230
2753 5283
2756 73
2756 555
2756 1258
2756 2060
2756 2370
2756 3410
2756 3503
2756 4031
2759 886
2759 4810
2760 216
2760 1859
2760 2028
2760 2190
2760 2370
2760 2580
2760 3779
2760 5624
2762 569
2762 1673
2762 2807
2762 4378
2765 1877
2765 2753
2765 3604
2765 4429
2765 4470
2765 5224
2765 5230
2765 5283
2792 113
2792 473
2792 712
2792 1072
2792 2608
2792 3313
2792 3955
2797 276
2797 1246
2797 2037
2797 2916
2797 3369
2797 3614
2797 4147
2797 4583
2800 202
2800 2016
2800 3137
2800 5514
2805 666
2805 2597
2805 4543
2805 5342
2807 569
2807 1673
2807 2762
2807 4378
2809 2046
2809 2729
2809 3024
2809 3820
2809 5486
2809 5530
2810 3672
2810 3824
2810 4884
2811 63
2811 2967
2811 4129
2811 5055
2814 313
2814 902
2814 951
2814 4285
2816 603
2816 819
2816 1439
2816 1444
2816 2451
2816 2933
2816 3966
2816 4030
2816 4718
2817 966
2817 1383
2817 3163
2817 3402
2817 4102
2817 4245
2817 5642
2823 4
2823 1708
2823 2260
2823 2898
2823 2919
2823 4375
2826 557
2826 1242
2826 1434
2826 1736
2826 1784
2826 1932
2826 2309
2826 2428
2826 2595
2826 3657
2826 3852
2826 5070
2826 5447
2851 391
2851 2141
2851 4936
2851 5672
2854 2891
2854 4010
2854 5080
2855 2521
2855 2540
2855 3036
2855 3173
2855 3621
2855 3661
2855 4183
2856 571
2856 2602
2856 4208
2856 5277
2858 916
2858 1350
2858 2036
2858 4059
2860 4294
2860 4754
2860 5445
2860 5592
2865 1839
2865 2268
2865 3002
2865 3488
2865 4031
2866 675
2866 1328
2866 2713
2866 3296
2872 1684
2872 2151
2872 2564
2872 3696
2872 4268
2880 593
2880 4062
2880 5460
2880 5498
2882 1009
2882 2094
2882 3472
2882 4186
2885 1658
2885 3963
2885 4400
2885 5458
2885 5603
2886 2494
2886 3391
2886 3466
2886 3581
2886 3985
2886 4093
2886 5540
2886 5679
2886 5690
2889 2714
2889 5684
2890 3340
2890 3763
2890 4772
2890 5733
2891 1473
2891 2266
2891 2268
2891 2398
2891 2607
2891 2854
2891 4010
2891 4537
2891 4791
2891 4880
2891 5020
2891 5080
2891 5151
2891 5225
2893 1606
2893 1861
2893 4619
2893 5519
2894 262
2894 4911
2894 5168
2894 5262
2898 3
2898 4
2898 202
2898 888
2898 1132
2898 1630
2898 1708
2898 2144
2898 2260
2898 2369
2898 2823
2898 2919
2898 3921
2898 4375
2898 4419
2898 4988
2902 2166
2902 4993
2906 222
2906 237
2906 1032
2906 1249
2906 2187
2906 3404
2906 3408
2906 3848
2906 4186
2906 4713
2906 5073
2906 5133
2907 942
2907 1756
2907 4310
2907 5079
2908 252
2908 3735
2908 4965
2908 5666
2914 44
2914 210
2914 653
2914 841
2914 1004
2914 1172
2914 1446
2914 2624
2914 3416
2914 4108
2914 5297
2916 767
2916 1246
2916 2051
2916 2797
2916 3369
2916 3614
2916 4794
2916 5668
2919 4
2919 1708
2919 2260
2919 2823
2919 2898
2919 4375
2922 1251
2922 1566
2922 2707
2922 5763
2924 2049
2924 2941
2924 3177
2924 3430
2924 3538
2924 4877
2926 404
2926 910
2926 962
2926 2239
2933 603
2933 819
2933 1439
2933 1444
2933 2451
2933 2816
2933 3966
2933 4030
2933 4718
2941 2049
2941 2924
2941 3177
2941 3430
2941 3538
2941 4877
2942 1327
2942 2141
2942 3536
2942 3551
2942 3750
2942 4512
2942 4912
2943 54
2943 1184
2943 1494
2943 1680
2943 2025
2943 3053
2943 4356
2943 4540
2952 3850
2952 4459
2952 4633
2952 5737
2959 85
2959 372
2959 1038
2959 1041
2959 1258
2959 2129
2961 940
2961 1232
2961 3380
2961 4845
2961 5015
2961 5401
2967 63
2967 647
2967 1216
2967 1284
2967 1722
2967 2811
2967 3193
2967 4129
2967 5055
2967 5140
2980 2144
2980 2201
2980 2268
2980 2557
2980 2636
2980 4248
2980 4284
2980 4880
2984 907
2984 2349
2985 51
2985 407
2985 2596
2985 4930
2986 68
2986 1124
2986 1260
2986 1715
2986 1741
2986 2212
2986 3014
2986 3664
2986 4116
2986 5043
2986 5372
2986 5527
2986 5548
3000 3001
3000 4624
3000 4896
3001 3000
3001 4624
3001 4896
3002 1839
3002 2268
3002 2865
3002 3488
3002 4031
3003 29
3003 248
3003 501
3003 624
3003 920
3003 1376
3003 2137
3003 5188
3003 5729
3006 269
3006 3119
3006 3439
3006 4706
3006 5438
3010 610
3010 2065
3010 4436
3010 4861
3010 5370
3010 5426
3010 5571
3014 68
3014 1124
3014 1260
3014 1715
3014 1741
3014 2212
3014 2986
3014 3664
3014 4116
3014 5043
3014 5372
3014 5527
3014 5548
3024 2046
3024 2729
3024 2809
3024 3820
3024 5486
3024 5530
3025 284
3025 616
3025 931
3025 1046
3025 1569
3025 1796
3025 3572
3025 3922
3027 204
3027 274
3027 767
3027 1047
3027 1856
3027 1999
3027 2702
3027 3218
3027 3369
3027 3503
3030 1256
3030 1687
3030 3251
3030 3648
3030 4668
3032 60
3032 216
3032 3227
3032 5431
3033 1357
3033 1761
3033 1848
3033 2051
3033 3507
3033 3611
3033 3621
3033 3852
3033 4186
3033 4792
3033 4961
3033 5557
3033 5560
3034 77
3034 2609
3034 3260
3034 5026
3036 114
3036 121
3036 472
3036 714
3036 2155
3036 2495
3036 2521
3036 2540
3036 2855
3036 3084
3036 3173
3036 3422
3036 3621
3036 3661
3036 4183
3036 4408
3036 4874
3036 5069
3037 831
3037 2334
3037 3185
3037 3286
3037 3795
3043 500
3043 1488
3043 4743
3043 5712
3047 620
3047 1989
3047 3342
3047 3469
3047 4826
3047 4900
3048 267
3048 657
3048 3108
3048 3783
3053 281
3053 648
3053 1184
3053 1336
3053 1494
3053 2321
3053 2943
3053 3188
3053 4540
3053 4549
3053 4814
3053 5740
3055 588
3055 863
3055 3463
3055 3465
3055 4035
3055 4252
3055 4273
3055 4849
3055 4868
3066 2483
3066 3468
3067 3479
3067 3480
3067 4023
3067 4304
3068 3947
3068 5403
3072 235
3072 2444
3074 1220
3074 1662
3074 3128
3074 5708
3084 114
3084 121
3084 2155
3084 3036
3087 382
3087 823
3087 3318
3087 5551
3091 37
3091 93
3091 462
3091 1006
3091 2120
3091 2709
3091 3570
3091 3785
3091 4183
3091 4847
3091 5717
3095 714
3095 901
3095 1713
3095 1970
3095 2556
3095 2643
3095 3474
3095 4065
3095 4082
3095 4251
3095 4373
3095 5482
3095 5707
3108 267
3108 657
3108 3048
3108 3783
3111 1009
3111 2243
3117 737
3117 3217
3117 3590
3119 269
3119 3006
3119 3439
3119 4706
3119 5438
3124 5600
3126 1731
3126 3387
3126 5188
3126 5650
3128 1220
3128 1662
3128 3074
3128 5708
3130 134
3130 716
3130 913
3130 2183
3130 3201
3130 3242
3130 3499
3130 3557
3130 4620
3130 5672
3132 1078
3132 1428
3137 202
3137 360
3137 676
3137 1433
3137 2016
3137 2410
3137 2800
3137 3511
3137 3553
3137 4570
3137 5223
3137 5514
3151 566
3151 935
3151 1196
3151 1460
3151 2236
3151 2252
3151 3534
3151 5265
3155 19
3155 69
3155 228
3155 612
3155 931
3155 2435
3155 2598
3155 2721
3155 5122
3156 1976
3156 2006
3156 2196
3156 3172
3156 4485
3163 966
3163 1383
3163 2817
3163 3402
3163 4102
3163 4245
3163 5642
3165 90
3165 547
3165 589
3165 2612
3165 3191
3165 5238
3167 1744
3167 1868
3167 2240
3167 3825
3172 1976
3172 2006
3172 2196
3172 3156
3172 4485
3173 1681
3173 2521
3173 2540
3173 2855
3173 3036
3173 3621
3173 3661
3173 4183
3173 5134
3177 2049
3177 2924
3177 2941
3177 3430
3177 3538
3177 4877
3181 1772
3181 2297
3181 3218
3181 5125
3185 831
3185 2334
3185 3037
3185 3286
3185 3795
3188 281
3188 648
3188 1336
3188 2321
3188 3053
3188 4549
3188 4814
3188 5740
3189 221
3189 1045
3189 1535
3189 4302
3190 1452
3190 5485
3190 5734
3191 90
3191 547
3191 589
3191 2612
3191 3165
3191 5238
3193 647
3193 1216
3193 1284
3193 1722
3193 2967
3193 5140
3195 656
3195 4799
3198 396
3198 1252
3198 3827
3198 5342
3201 716
3201 3130
3201 3242
3201 4620
3202 1738
3202 2431
3202 4811
3202 5206
3202 5462
3208 233
3208 972
3208 2114
3208 5599
3213 156
3213 758
3213 1234
3213 1347
3213 1553
3214 186
3214 619
3214 969
3214 1381
3214 1572
3217 737
3217 3117
3217 3590
3218 707
3218 767
3218 1280
3218 1329
3218 1772
3218 1856
3218 2297
3218 2702
3218 3027
3218 3181
3218 3324
3218 3369
3218 3503
3218 3730
3218 3892
3218 3951
3218 4497
3218 5125
3218 5169
3218 5444
3218 5668
3220 727
3220 4409
3224 4081
3224 4184
3224 4750
3224 4981
3224 5049
3227 60
3227 216
3227 3032
3227 5431
3233 546
3233 1263
3233 1990
3233 3403
3236 66
3236 1104
3236 1846
3236 2168
3238 217
3238 972
3238 1492
3238 2462
3242 716
3242 3130
3242 3201
3242 4620
3243 850
3243 3273
3243 3508
3243 5437
3243 5617
3251 1256
3251 1687
3251 3030
3251 3648
3251 4668
3260 77
3260 2609
3260 3034
3260 5026
3269 4458
3269 5420
3270 216
3270 2295
3270 5064
3270 5509
3271 2117
3271 4816
3272 2051
3272 3899
3272 3949
3272 5568
3273 850
3273 3243
3273 3508
3273 5437
3273 5617
3275 687
3275 2051
3275 2628
3275 4603
3275 4727
3275 5217
3278 256
3278 905
3278 3392
3278 3393
3278 3477
3278 3583
3283 682
3283 1636
3284 1949
3284 2263
3284 5088
3284 5277
3286 831
3286 2334
3286 3037
3286 3185
3286 3795
3288 714
3288 925
3288 1769
3288 4643
3288 4691
3288 4797
3288 5307
3291 1792
3291 2726
3291 4816
3293 2531
3293 5467
3296 675
3296 1328
3296 2713
3296 2866
3301 10
3301 758
3301 1082
3301 4802
3302 2745
3302 3558
3313 113
3313 473
3313 712
3313 1072
3313 2608
3313 2792
3313 3955
3318 382
3318 823
3318 3087
3318 5551
3320 1706
3320 4473
3324 1329
3324 3218
3324 3730
3324 4497
3324 5444
3330 922
3330 1307
3330 3732
3330 5258
3340 2890
3340 3763
3340 4772
3340 5733
3342 620
3342 1989
3342 3047
3342 3469
3342 4826
3342 4900
3350 639
3350 2606
3350 3741
3350 4103
3352 2227
3352 3434
3352 5606
3355 828
3355 2722
3355 5134
3355 5653
3363 808
3363 1042
3363 1698
3363 2400
3363 4247
3369 303
3369 692
3369 767
3369 1246
3369 1387
3369 1452
3369 1589
3369 1856
3369 1860
3369 2051
3369 2105
3369 2197
3369 2702
3369 2797
3369 2916
3369 3027
3369 3218
3369 3409
3369 3463
3369 3503
3369 3614
3369 3648
3369 3726
3369 3892
3369 3948
3369 4118
3369 4145
3369 4794
3369 5169
3369 5441
3369 5485
3369 5668
3369 5715
3373 143
3373 912
3373 1436
3373 2295
3373 3827
3373 5195
3373 5694
3379 605
3379 618
3379 1372
3379 4249
3380 940
3380 1232
3380 2961
3380 4845
3380 5015
3380 5401
3382 2387
3382 3732
3382 5354
3382 5675
3387 1731
3387 3126
3387 5188
3387 5650
3388 187
3388 3991
3390 553
3390 826
3390 1323
3390 3499
3390 3614
3390 5371
3390 5382
3391 2494
3391 2886
3391 3466
3391 3581
3391 3985
3391 4093
3391 5540
3391 5679
3391 5690
3392 256
3392 905
3392 1469
3392 2152
3392 3278
3392 3393
3392 3477
3392 3583
3392 3950
3392 4361
3393 256
3393 905
3393 3278
3393 3392
3393 3477
3393 3583
3402 966
3402 1383
3402 2817
3402 3163
3402 4102
3402 4245
3402 5642
3403 546
3403 1263
3403 1990
3403 3233
3404 237
3404 570
3404 701
3404 1032
3404 1249
3404 1648
3404 1841
3404 2187
3404 2906
3404 3408
3404 3488
3404 3589
3404 3848
3404 4989
3404 5073
3408 237
3408 949
3408 984
3408 1032
3408 1232
3408 1249
3408 2187
3408 2906
3408 3404
3408 3848
3408 4536
3408 5073
3409 303
3409 692
3409 1224
3409 1387
3409 1860
3409 2614
3409 3369
3409 3463
3409 3648
3409 4647
3409 4760
3409 4764
3410 555
3410 681
3410 875
3410 1258
3410 1841
3410 2756
3410 3503
3410 4031
3410 4765
3416 44
3416 210
3416 653
3416 841
3416 1004
3416 1172
3416 1446
3416 2624
3416 2914
3416 4108
3416 5297
3422 472
3422 714
3422 2495
3422 3036
3422 4408
3422 4874
3422 5069
3429 1161
3429 1174
3429 2480
3429 3447
3429 3950
3429 5278
3430 2049
3430 2924
3430 2941
3430 3177
3430 3538
3430 4877
3434 2227
3434 3352
3434 5606
3439 269
3439 3006
3439 3119
3439 4706
3439 5438
3447 1161
3447 1174
3447 2480
3447 3429
3447 3950
3447 5278
3448 732
3448 3950
3448 4313
3448 4870
3448 5246
3450 977
3450 2251
3450 3565
3450 4095
3450 4556
3450 5005
3450 5464
3453 23
3453 264
3453 436
3453 796
3453 1410
3453 1475
3453 2163
3453 2714
3453 3578
3453 3855
3453 5215
3460 2295
3460 4163
3460 5181
3463 303
3463 588
3463 692
3463 863
3463 1387
3463 1860
3463 3055
3463 3369
3463 3409
3463 3465
3463 3648
3463 4035
3463 4252
3463 4273
3463 4849
3463 4868
3464 1757
3464 2051
3464 4276
3464 4774
3465 588
3465 863
3465 3055
3465 3463
3465 4035
3465 4252
3465 4273
3465 4849
3465 4868
3466 2494
3466 2886
3466 3391
3466 3581
3466 3985
3466 4093
3466 5540
3466 5679
3466 5690
3468 2483
3468 3066
3469 620
3469 1989
3469 3047
3469 3342
3469 4826
3469 4900
3470 2587
3470 2683
3470 4028
3470 4447
3471 1576
3471 2122
3472 1009
3472 2094
3472 2882
3472 4186
3474 714
3474 1970
3474 2643
3474 3095
3474 4082
3474 4251
3477 256
3477 905
3477 3278
3477 3392
3477 3393
3477 3583
3479 3067
3479 3480
3479 4023
3479 4304
3480 3067
3480 3479
3480 4023
3480 4304
3484 758
3484 1337
3484 3637
3484 4037
3488 570
3488 701
3488 1001
3488 1032
3488 1648
3488 1839
3488 1841
3488 2268
3488 2460
3488 2865
3488 3002
3488 3404
3488 3589
3488 3785
3488 3848
3488 4031
3488 4989
3488 5073
3496 320
3496 1903
3499 134
3499 553
3499 661
3499 826
3499 913
3499 1323
3499 1717
3499 2183
3499 3130
3499 3390
3499 3557
3499 3614
3499 3875
3499 4806
3499 5128
3499 5371
3499 5382
3499 5672
3503 767
3503 1258
3503 1856
3503 2702
3503 2756
3503 3027
3503 3218
3503 3369
3503 3410
3503 4031
3504 632
3504 1667
3504 3686
3504 4572
3505 2027
3505 3812
3505 5205
3505 5321
3505 5710
3507 1357
3507 3033
3507 4186
3507 5557
3508 850
3508 3243
3508 3273
3508 5437
3508 5617
3511 360
3511 1433
3511 3137
3511 4570
3512 1438
3512 1873
3512 2054
3512 2182
3512 2192
3512 4136
3512 4568
3512 4894
3514 116
3514 406
3514 1216
3514 5488
3534 566
3534 935
3534 1196
3534 1460
3534 2236
3534 2252
3534 3151
3534 5265
3536 1327
3536 2141
3536 2942
3536 3551
3536 3750
3536 4512
3536 4912
3538 2049
3538 2924
3538 2941
3538 3177
3538 3430
3538 4877
3550 1241
3550 1639
3550 4021
3550 4708
3550 4757
3550 5525
3551 1327
3551 2141
3551 2942
3551 3536
3551 3750
3551 4512
3551 4912
3552 205
3552 694
3553 102
3553 545
3553 676
3553 2343
3553 2410
3553 2644
3553 3137
3553 3711
3553 3719
3553 4822
3553 5007
3553 5223
3556 1250
3556 1616
3556 4972
3556 5613
3557 134
3557 913
3557 2183
3557 3130
3557 3499
3557 5672
3558 2745
3558 3302
3565 977
3565 2251
3565 3450
3565 4095
3565 4556
3565 5005
3565 5464
3570 462
3570 1006
3570 2120
3570 3091
3572 284
3572 616
3572 931
3572 1046
3572 1569
3572 1796
3572 3025
3572 3922
3573 194
3573 530
3573 536
3573 862
3573 1128
3573 1454
3573 1505
3573 1779
3573 4252
3573 4841
3573 4849
3578 23
3578 436
3578 1410
3578 2714
3578 3453
3581 2494
3581 2886
3581 3391
3581 3466
3581 3985
3581 4093
3581 5540
3581 5679
3581 5690
3583 256
3583 905
3583 3278
3583 3392
3583 3393
3583 3477
3584 570
3584 701
3584 987
3584 1648
3584 1841
3584 3589
3584 3592
3584 4154
3584 4317
3584 4989
3584 5073
3584 5661
3589 570
3589 701
3589 987
3589 1032
3589 1648
3589 1841
3589 3404
3589 3488
3589 3584
3589 3592
3589 3848
3589 4154
3589 4317
3589 4989
3589 5073
3589 5661
3590 737
3590 3117
3590 3217
3592 570
3592 701
3592 987
3592 1648
3592 1841
3592 3584
3592 3589
3592 4154
3592 4317
3592 4989
3592 5073
3592 5661
3594 1619
3594 3872
3594 4823
3594 5160
3604 1877
3604 2753
3604 2765
3604 4429
3604 4470
3604 5224
3604 5230
3604 5283
3606 175
3606 3806
3606 4295
3606 4649
3609 891
3609 1176
3609 5528
3610 186
3610 1381
3610 1960
3610 4107
3611 1357
3611 2051
3611 3033
3611 3621
3611 3852
3611 4186
3614 553
3614 826
3614 1246
3614 1323
3614 2797
3614 2916
3614 3369
3614 3390
3614 3499
3614 5371
3614 5382
3617 825
3617 5130
3617 5383
3621 1357
3621 2051
3621 2521
3621 2540
3621 2855
3621 3033
3621 3036
3621 3173
3621 3611
3621 3661
3621 3852
3621 4183
3621 4186
3634 728
3634 1462
3634 2051
3634 5133
3637 758
3637 1337
3637 3484
3637 4037
3638 275
3638 367
3638 1298
3638 1643
3638 1649
3638 4748
3638 5303
3643 841
3643 1326
3643 1767
3643 4163
3643 4432
3643 5134
3643 5412
3645 184
3645 1793
3645 1825
3645 2266
3645 4464
3646 53
3646 2416
3646 2566
3646 5766
3648 64
3648 303
3648 692
3648 1256
3648 1286
3648 1387
3648 1521
3648 1687
3648 1860
3648 3030
3648 3251
3648 3369
3648 3409
3648 3463
3648 4432
3648 4478
3648 4668
3648 4870
3652 61
3652 618
3652 1008
3652 1723
3652 2631
3652 3797
3652 4104
3652 4382
3652 5079
3652 5364
3652 5531
3657 1242
3657 1736
3657 1932
3657 2428
3657 2595
3657 2826
3657 3852
3658 624
3658 1246
3658 1755
3658 5614
3661 1681
3661 2521
3661 2540
3661 2855
3661 3036
3661 3173
3661 3621
3661 4183
3661 5134
3664 68
3664 1124
3664 1260
3664 1715
3664 1741
3664 2212
3664 2986
3664 3014
3664 4116
3664 5043
3664 5372
3664 5527
3664 5548
3670 312
3670 1365
3670 2278
3670 4538
3672 2810
3672 3824
3672 4775
3672 4884
3672 5234
3686 632
3686 1667
3686 3504
3686 4572
3696 1684
3696 2151
3696 2564
3696 2872
3696 4268
3698 940
3698 1232
3698 4277
3698 5015
3698 5328
3707 2319
3711 102
3711 3553
3711 3719
3711 5007
3716 644
3716 2275
3719 102
3719 3553
3719 3711
3719 5007
3725 775
3725 1670
3726 3369
3726 3892
3726 3948
3726 4145
3730 1329
3730 3218
3730 3324
3730 4497
3730 5444
3732 922
3732 1307
3732 2387
3732 3330
3732 3382
3732 5258
3732 5354
3732 5675
3735 252
3735 2908
3735 4965
3735 5666
3739 423
3739 1126
3739 2179
3741 639
3741 2606
3741 3350
3741 4103
3742 545
3742 2247
3742 3864
3742 3948
3742 4850
3742 5313
3746 48
3746 1334
3746 3827
3746 4072
3747 692
3747 5416
3747 5604
3750 1327
3750 1984
3750 2141
3750 2228
3750 2942
3750 3536
3750 3551
3750 4512
3750 4912
3750 4925
3750 5022
3750 5561
3754 2019
3754 2576
3754 3777
3762 1539
3762 5424
3763 2890
3763 3340
3763 4772
3763 5733
3776 132
3776 1101
3777 218
3777 226
3777 255
3777 730
3777 847
3777 972
3777 975
3777 1049
3777 1067
3777 1367
3777 1710
3777 1750
3777 2019
3777 2096
3777 2303
3777 2305
3777 2306
3777 2576
3777 2629
3777 3754
3777 4113
3777 4123
3777 4152
3777 4287
3777 4462
3777 4537
3777 4667
3777 4721
3777 4733
3777 4736
3777 5074
3777 5134
3777 5211
3777 5493
3777 5552
3777 5726
3779 216
3779 2190
3779 2760
3779 5624
3783 267
3783 657
3783 3048
3783 3108
3785 37
3785 93
3785 1001
3785 2460
3785 2709
3785 3091
3785 3488
3785 4183
3785 4847
3785 5717
3790 179
3790 1389
3790 4028
3790 4266
3790 5700
3795 831
3795 2334
3795 3037
3795 3185
3795 3286
3797 61
3797 3652
3797 4104
3797 5364
3804 2073
3804 2141
3806 175
3806 3606
3806 4295
3806 4649
3812 2027
3812 3505
3812 5205
3812 5321
3812 5710
3820 2046
3820 2729
3820 2809
3820 3024
3820 5486
3820 5530
3824 2810
3824 3672
3824 4884
3825 1744
3825 1868
3825 2240
3825 3167
3827 396
3827 1235
3827 1252
3827 1436
3827 1757
3827 2295
3827 3198
3827 3373
3827 3746
3827 4072
3827 4183
3827 5342
3827 5694
3848 237
3848 570
3848 701
3848 1032
3848 1249
3848 1648
3848 1841
3848 2187
3848 2906
3848 3404
3848 3408
3848 3488
3848 3589
3848 4989
3848 5073
3850 1857
3850 1995
3850 2582
3850 2626
3850 2952
3850 4459
3850 4633
3850 5737
3852 926
3852 930
3852 1115
3852 1242
3852 1357
3852 1736
3852 1932
3852 2051
3852 2428
3852 2595
3852 2826
3852 3033
3852 3611
3852 3621
3852 3657
3852 4186
3852 4190
3852 5025
3855 640
3855 785
3855 796
3855 2117
3855 2163
3855 3453
3855 5215
3857 635
3857 1118
3857 4031
3857 4199
3861 664
3861 1114
3861 2063
3861 3970
3861 3986
3862 213
3862 1493
3862 1716
3862 4011
3864 545
3864 2247
3864 3742
3864 3948
3864 4850
3864 5313
3865 265
3865 559
3865 1114
3865 1801
3868 393
3868 1730
3868 4139
3868 5289
3872 1619
3872 3594
3872 4823
3872 5160
3875 661
3875 1717
3875 3499
3875 4806
3875 5128
3892 577
3892 707
3892 1280
3892 1452
3892 1577
3892 1939
3892 2105
3892 3218
3892 3369
3892 3726
3892 3948
3892 3951
3892 4118
3892 4145
3892 5070
3892 5169
3892 5441
3892 5485
3892 5534
3892 5668
3892 5715
3899 2051
3899 3272
3899 3949
3899 5568
3920 20
3920 205
3920 2154
3921 888
3921 1132
3921 1630
3921 2144
3921 2898
3921 4988
3922 284
3922 616
3922 931
3922 1046
3922 1569
3922 1796
3922 3025
3922 3572
3931 710
3931 2023
3931 2683
3934 276
3934 2120
3934 2753
3934 4416
3934 4822
3947 3068
3947 5403
3948 545
3948 2247
3948 3369
3948 3726
3948 3742
3948 3864
3948 3892
3948 4145
3948 4850
3948 5313
3949 2051
3949 3272
3949 3899
3949 5568
3950 732
3950 1161
3950 1174
3950 1469
3950 2152
3950 2480
3950 3392
3950 3429
3950 3447
3950 3448
3950 4313
3950 4361
3950 4870
3950 5246
3950 5278
3951 707
3951 1280
3951 3218
3951 3892
3953 1304
3953 1362
3953 1714
3953 4955
3955 113
3955 473
3955 712
3955 1072
3955 2608
3955 2792
3955 3313
3963 1658
3963 2885
3963 4400
3963 5458
3963 5603
3966 603
3966 819
3966 1439
3966 1444
3966 2451
3966 2816
3966 2933
3966 4030
3966 4718
3970 664
3970 1114
3970 2063
3970 3861
3970 3986
3985 2494
3985 2886
3985 3391
3985 3466
3985 3581
3985 4093
3985 5540
3985 5679
3985 5690
3986 664
3986 1114
3986 2063
3986 3861
3986 3970
3991 187
3991 3388
4003 201
4003 1507
4003 1691
4003 2424
4010 2854
4010 2891
4010 5080
4011 213
4011 1493
4011 1716
4011 3862
4020 2073
4020 2158
4020 2200
4020 4129
4021 855
4021 1241
4021 1639
4021 2073
4021 3550
4021 4129
4021 4708
4021 4757
4021 5525
4021 5712
4023 3067
4023 3479
4023 3480
4023 4304
4024 20
4024 141
4024 941
4024 2458
4024 4939
4028 179
4028 1389
4028 2587
4028 2683
4028 3470
4028 3790
4028 4266
4028 4447
4028 5700
4030 603
4030 819
4030 1439
4030 1444
4030 2451
4030 2816
4030 2933
4030 3966
4030 4718
4031 427
4031 635
4031 1118
4031 1258
4031 1723
4031 1839
4031 2268
4031 2756
4031 2865
4031 3002
4031 3410
4031 3488
4031 3503
4031 3857
4031 4199
4031 5602
4035 588
4035 863
4035 3055
4035 3463
4035 3465
4035 4252
4035 4273
4035 4849
4035 4868
4037 758
4037 1337
4037 3484
4037 3637
4039 1261
4039 1788
4039 2269
4039 5031
4039 5042
4039 5512
4040 1737
4040 5050
4059 916
4059 1350
4059 2036
4059 2858
4062 211
4062 593
4062 810
4062 2600
4062 2880
4062 4797
4062 5460
4062 5498
4062 5558
4065 901
4065 1713
4065 2556
4065 3095
4065 4373
4065 5482
4065 5707
4072 3746
4072 3827
4081 3224
4081 4184
4081 4750
4081 4981
4081 5049
4082 714
4082 1970
4082 2643
4082 3095
4082 3474
4082 4251
4089 877
4089 1302
4093 2494
4093 2886
4093 3391
4093 3466
4093 3581
4093 3985
4093 5540
4093 5679
4093 5690
4095 977
4095 2251
4095 3450
4095 3565
4095 4556
4095 5005
4095 5464
4096 1001
4096 1856
4096 4404
4096 4838
4100 2449
4100 2709
4100 4814
4100 5101
4100 5698
4102 966
4102 1383
4102 2817
4102 3163
4102 3402
4102 4245
4102 5642
4103 639
4103 2606
4103 3350
4103 3741
4104 61
4104 3652
4104 3797
4104 5364
4107 186
4107 1381
4107 1960
4107 3610
4108 44
4108 210
4108 653
4108 841
4108 1004
4108 1172
4108 1446
4108 2624
4108 2914
4108 3416
4108 5297
4113 972
4113 3777
4113 5493
4116 68
4116 1124
4116 1260
4116 1715
4116 1741
4116 2212
4116 2986
4116 3014
4116 3664
4116 5043
4116 5372
4116 5527
4116 5548
4118 1452
4118 3369
4118 3892
4118 5485
4123 218
4123 226
4123 1067
4123 2096
4123 2629
4123 3777
4129 63
4129 855
4129 2073
4129 2158
4129 2200
4129 2811
4129 2967
4129 4020
4129 4021
4129 5055
4129 5712
4132 64
4132 208
4132 1262
4132 1477
4132 2630
4132 5635
4132 5718
4136 1438
4136 1873
4136 2054
4136 2182
4136 2192
4136 3512
4136 4568
4136 4894
4139 393
4139 1730
4139 3868
4139 5289
4145 3369
4145 3726
4145 3892
4145 3948
4147 276
4147 2037
4147 2797
4147 4583
4149 230
4149 2160
4149 4766
4149 5658
4152 975
4152 2303
4152 2305
4152 2306
4152 3777
4152 4462
4152 4667
4152 4721
4152 4733
4152 4736
4152 5134
4152 5726
4154 570
4154 701
4154 987
4154 1648
4154 1841
4154 2155
4154 2230
4154 3584
4154 3589
4154 3592
4154 4237
4154 4317
4154 4989
4154 5073
4154 5162
4154 5248
4154 5553
4154 5661
4163 841
4163 1326
4163 1767
4163 2295
4163 3460
4163 3643
4163 4432
4163 5134
4163 5181
4163 5412
4171 986
4171 4495
4172 215
4172 1279
4172 1548
4172 4679
4173 2229
4173 2290
4173 2648
4173 5713
4176 38
4176 627
4176 1655
4176 2034
4176 4222
4176 4486
4176 5064
4176 5639
4182 112
4182 264
4183 37
4183 93
4183 1235
4183 1757
4183 2521
4183 2540
4183 2709
4183 2855
4183 3036
4183 3091
4183 3173
4183 3621
4183 3661
4183 3785
4183 3827
4183 4411
4183 4847
4183 5342
4183 5351
4183 5717
4184 3224
4184 4081
4184 4750
4184 4981
4184 5049
4186 222
4186 926
4186 930
4186 1009
4186 1115
4186 1357
4186 2051
4186 2094
4186 2882
4186 2906
4186 3033
4186 3472
4186 3507
4186 3611
4186 3621
4186 3852
4186 4190
4186 4713
4186 5025
4186 5133
4186 5557
4190 926
4190 930
4190 1115
4190 1357
4190 3852
4190 4186
4190 5025
4198 4926
4199 635
4199 1118
4199 3857
4199 4031
4208 571
4208 2602
4208 2856
4208 5277
4222 1655
4222 2034
4222 4176
4222 5639
4237 2155
4237 2230
4237 4154
4237 5162
4237 5248
4237 5553
4245 966
4245 1383
4245 2817
4245 3163
4245 3402
4245 4102
4245 5642
4247 808
4247 1042
4247 1698
4247 2400
4247 3363
4248 2144
4248 2201
4248 2268
4248 2557
4248 2636
4248 2980
4248 4284
4248 4880
4249 605
4249 618
4249 1372
4249 3379
4251 714
4251 1970
4251 2643
4251 3095
4251 3474
4251 4082
4252 194
4252 530
4252 536
4252 588
4252 862
4252 863
4252 1128
4252 1454
4252 1505
4252 1779
4252 3055
4252 3463
4252 3465
4252 3573
4252 4035
4252 4273
4252 4841
4252 4849
4252 4868
4253 254
4253 939
4253 2380
4253 5613
4266 179
4266 1389
4266 3790
4266 4028
4266 5700
4268 1684
4268 2151
4268 2564
4268 2872
4268 3696
4271 1293
4271 2215
4271 5524
4273 588
4273 863
4273 3055
4273 3463
4273 3465
4273 4035
4273 4252
4273 4849
4273 4868
4276 1757
4276 2051
4276 3464
4276 4774
4277 940
4277 1232
4277 3698
4277 5015
4277 5328
4284 2144
4284 2201
4284 2268
4284 2557
4284 2636
4284 2980
4284 4248
4284 4880
4285 313
4285 902
4285 951
4285 2814
4287 847
4287 1750
4287 3777
4294 2860
4294 4754
4294 5445
4294 5592
4295 175
4295 3606
4295 3806
4295 4649
4302 221
4302 1045
4302 1535
4302 3189
4304 3067
4304 3479
4304 3480
4304 4023
4310 942
4310 1756
4310 2907
4310 5079
4313 732
4313 3448
4313 3950
4313 4870
4313 5246
4317 570
4317 701
4317 987
4317 1648
4317 1841
4317 3584
4317 3589
4317 3592
4317 4154
4317 4989
4317 5073
4317 5661
4318 2435
4318 5546
4330 142
4330 341
4330 1978
4330 2616
4330 5488
4335 218
4335 645
4335 871
4335 1067
4350 175
4350 1496
4350 1536
4350 1584
4350 2171
4350 5027
4350 5134
4350 5539
4350 5731
4354 726
4354 800
4354 909
4354 4476
4354 5045
4354 5314
4354 5497
4354 5687
4356 54
4356 1680
4356 2025
4356 2943
4357 847
4357 1119
4357 1234
4357 1755
4361 1469
4361 2152
4361 3392
4361 3950
4367 504
4367 702
4367 761
4367 1704
4367 2505
4367 5109
4373 901
4373 1713
4373 2556
4373 3095
4373 4065
4373 5482
4373 5707
4375 4
4375 1708
4375 2260
4375 2823
4375 2898
4375 2919
4377 20
4377 141
4377 2458
4377 4822
4378 569
4378 1673
4378 2762
4378 2807
4382 618
4382 1723
4382 3652
4382 5079
4388 109
4388 2032
4388 2070
4388 2498
4388 5660
4396 5011
4396 5471
4400 1658
4400 2885
4400 3963
4400 5458
4400 5603
4404 1001
4404 1856
4404 4096
4404 4838
4405 285
4405 743
4405 4601
4405 4982
4406 1590
4406 1650
4406 2340
4406 2734
4406 5142
4408 21
4408 249
4408 472
4408 583
4408 714
4408 1310
4408 2495
4408 3036
4408 3422
4408 4874
4408 5069
4409 727
4409 3220
4411 4183
4411 5351
4415 180
4415 311
4415 2003
4415 2406
4416 276
4416 2120
4416 2753
4416 3934
4416 4822
4419 3
4419 202
4419 2369
4419 2898
4429 1877
4429 2753
4429 2765
4429 3604
4429 4470
4429 5224
4429 5230
4429 5283
4432 64
4432 841
4432 1286
4432 1326
4432 1521
4432 1767
4432 3643
4432 3648
4432 4163
4432 4478
4432 4870
4432 5134
4432 5412
4436 610
4436 2065
4436 3010
4436 4861
4436 5370
4436 5426
4436 5571
4437 1432
4437 1996
4437 2016
4442 1801
4442 1810
4445 1058
4445 1109
4445 4480
4445 4984
4447 2587
4447 2683
4447 3470
4447 4028
4458 3269
4458 5420
4459 2952
4459 3850
4459 4633
4459 5737
4462 975
4462 2303
4462 2305
4462 2306
4462 3777
4462 4152
4462 4667
4462 4721
4462 4733
4462 4736
4462 5134
4462 5726
4464 184
4464 1793
4464 1825
4464 2266
4464 3645
4470 1877
4470 2753
4470 2765
4470 3604
4470 4429
4470 5224
4470 5230
4470 5283
4473 1706
4473 3320
4476 726
4476 800
4476 909
4476 4354
4476 5045
4476 5314
4476 5497
4476 5687
4478 64
4478 1286
4478 1521
4478 3648
4478 4432
4478 4870
4480 598
4480 984
4480 1058
4480 1109
4480 1769
4480 4445
4480 4984
4485 1976
4485 2006
4485 2196
4485 3156
4485 3172
4486 38
4486 627
4486 4176
4486 5064
4495 893
4495 986
4495 4171
4495 5609
4497 1329
4497 3218
4497 3324
4497 3730
4497 5444
4502 2299
4502 2577
4503 1702
4503 5506
4510 619
4510 2563
4510 5322
4510 5328
4512 1327
4512 2141
4512 2942
4512 3536
4512 3551
4512 3750
4512 4912
4513 2280
4513 5005
4513 5394
4513 5590
4536 949
4536 984
4536 1232
4536 3408
4537 255
4537 1473
4537 1710
4537 2607
4537 2891
4537 3777
4537 4791
4537 5074
4537 5151
4538 312
4538 1365
4538 2278
4538 3670
4540 1184
4540 1494
4540 2943
4540 3053
4541 1666
4541 2578
4541 2580
4541 4794
4543 666
4543 2597
4543 2805
4543 5342
4548 958
4548 2718
4549 281
4549 648
4549 1336
4549 2321
4549 3053
4549 3188
4549 4814
4549 5740
4555 1617
4555 4577
4556 977
4556 2251
4556 3450
4556 3565
4556 4095
4556 5005
4556 5464
4558 1826
4558 2017
4563 703
4563 1515
4563 1694
4563 1727
4568 1438
4568 1873
4568 2054
4568 2182
4568 2192
4568 3512
4568 4136
4568 4894
4570 360
4570 1433
4570 3137
4570 3511
4572 632
4572 1667
4572 3504
4572 3686
4573 1023
4573 1301
4573 2395
4573 5542
4575 894
4575 1272
4575 1668
4575 1914
4575 2703
4577 1617
4577 4555
4582 942
4582 1168
4582 1274
4582 1875
4582 2245
4583 276
4583 2037
4583 2797
4583 4147
4601 285
4601 743
4601 4405
4601 4982
4603 2051
4603 2628
4603 3275
4603 5217
4619 1606
4619 1861
4619 2893
4619 5519
4620 716
4620 3130
4620 3201
4620 3242
4623 185
4623 508
4623 2081
4623 5085
4624 3000
4624 3001
4624 4896
4629 435
4629 1892
4629 2056
4629 2159
4633 2952
4633 3850
4633 4459
4633 5737
4643 714
4643 925
4643 1769
4643 3288
4643 4691
4643 4797
4643 5307
4647 1224
4647 2614
4647 3409
4647 4760
4647 4764
4649 175
4649 3606
4649 3806
4649 4295
4667 975
4667 2303
4667 2305
4667 2306
4667 3777
4667 4152
4667 4462
4667 4721
4667 4733
4667 4736
4667 5134
4667 5726
4668 1256
4668 1687
4668 3030
4668 3251
4668 3648
4679 215
4679 1279
4679 1548
4679 4172
4691 714
4691 925
4691 1769
4691 3288
4691 4643
4691 4797
4691 5307
4706 269
4706 3006
4706 3119
4706 3439
4706 5438
4708 1241
4708 1639
4708 3550
4708 4021
4708 4757
4708 5525
4713 222
4713 2906
4713 4186
4713 5133
4718 603
4718 819
4718 1439
4718 1444
4718 1625
4718 1705
4718 2451
4718 2816
4718 2933
4718 3966
4718 4030
4718 5481
4721 975
4721 2303
4721 2305
4721 2306
4721 3777
4721 4152
4721 4462
4721 4667
4721 4733
4721 4736
4721 5134
4721 5726
4727 687
4727 3275
4733 975
4733 2303
4733 2305
4733 2306
4733 3777
4733 4152
4733 4462
4733 4667
4733 4721
4733 4736
4733 5134
4733 5726
4736 975
4736 2303
4736 2305
4736 2306
4736 3777
4736 4152
4736 4462
4736 4667
4736 4721
4736 4733
4736 5134
4736 5726
4738 189
4738 427
4738 5068
4738 5134
4743 500
4743 1488
4743 3043
4743 5712
4748 275
4748 367
4748 1298
4748 1643
4748 1649
4748 3638
4748 5303
4750 3224
4750 4081
4750 4184
4750 4981
4750 5049
4752 1357
4752 1488
4752 2643
4752 4791
4754 2860
4754 4294
4754 5445
4754 5592
4757 1241
4757 1639
4757 3550
4757 4021
4757 4708
4757 5525
4759 2594
4759 5432
4760 1224
4760 2614
4760 3409
4760 4647
4760 4764
4764 1224
4764 2614
4764 3409
4764 4647
4764 4760
4765 555
4765 681
4765 875
4765 1841
4765 3410
4766 230
4766 2160
4766 4149
4766 5658
4772 2890
4772 3340
4772 3763
4772 5733
4774 1757
4774 2051
4774 3464
4774 4276
4775 3672
4775 5234
4791 1081
4791 1357
4791 1473
4791 1488
4791 1500
4791 1970
4791 2167
4791 2540
4791 2607
4791 2643
4791 2891
4791 4537
4791 4752
4791 5151
4791 5712
4792 1357
4792 1761
4792 1848
4792 3033
4792 4961
4792 5560
4794 767
4794 1666
4794 2051
4794 2578
4794 2580
4794 2916
4794 3369
4794 4541
4794 5668
4795 226
4795 1909
4795 1968
4795 1971
4795 2091
4795 5192
4797 211
4797 593
4797 714
4797 810
4797 925
4797 1769
4797 2600
4797 3288
4797 4062
4797 4643
4797 4691
4797 5307
4797 5558
4799 656
4799 3195
4802 10
4802 758
4802 1082
4802 3301
4804 833
4804 5406
4806 661
4806 1717
4806 3499
4806 3875
4806 5128
4810 886
4810 2759
4810 5607
4810 5727
4811 1738
4811 2431
4811 3202
4811 5206
4811 5462
4814 281
4814 648
4814 1336
4814 2321
4814 2449
4814 2709
4814 3053
4814 3188
4814 4100
4814 4549
4814 5101
4814 5698
4814 5740
4816 1792
4816 2117
4816 2726
4816 3271
4816 3291
4822 20
4822 141
4822 276
4822 545
4822 2120
4822 2343
4822 2458
4822 2644
4822 2753
4822 3553
4822 3934
4822 4377
4822 4416
4823 1619
4823 3594
4823 3872
4823 5160
4826 620
4826 1989
4826 3047
4826 3342
4826 3469
4826 4900
4838 1001
4838 1856
4838 4096
4838 4404
4841 194
4841 530
4841 536
4841 862
4841 1128
4841 1454
4841 1505
4841 1779
4841 3573
4841 4252
4841 4849
4845 940
4845 1232
4845 2961
4845 3380
4845 5015
4845 5401
4847 37
4847 93
4847 2709
4847 3091
4847 3785
4847 4183
4847 5717
4849 194
4849 530
4849 536
4849 588
4849 862
4849 863
4849 1128
4849 1454
4849 1505
4849 1779
4849 3055
4849 3463
4849 3465
4849 3573
4849 4035
4849 4252
4849 4273
4849 4841
4849 4868
4850 545
4850 2247
4850 3742
4850 3864
4850 3948
4850 5313
4856 191
4856 227
4856 691
4856 841
4856 1920
4861 610
4861 2065
4861 3010
4861 4436
4861 5370
4861 5426
4861 5571
4868 588
4868 863
4868 3055
4868 3463
4868 3465
4868 4035
4868 4252
4868 4273
4868 4849
4870 64
4870 732
4870 1286
4870 1521
4870 3448
4870 3648
4870 3950
4870 4313
4870 4432
4870 4478
4870 5246
4874 472
4874 714
4874 2495
4874 3036
4874 3422
4874 4408
4874 5069
4877 2049
4877 2924
4877 2941
4877 3177
4877 3430
4877 3538
4880 2144
4880 2201
4880 2266
4880 2268
4880 2398
4880 2557
4880 2636
4880 2891
4880 2980
4880 4248
4880 4284
4880 5020
4880 5225
4884 2810
4884 3672
4884 3824
4894 1438
4894 1873
4894 2054
4894 2182
4894 2192
4894 3512
4894 4136
4894 4568
4896 3000
4896 3001
4896 4624
4900 620
4900 1989
4900 3047
4900 3342
4900 3469
4900 4826
4911 262
4911 2894
4911 5168
4911 5262
4912 1327
4912 2141
4912 2942
4912 3536
4912 3551
4912 3750
4912 4512
4916 313
4916 951
4925 1984
4925 2228
4925 3750
4925 5022
4925 5561
4926 4198
4930 51
4930 407
4930 2596
4930 2985
4936 391
4936 2141
4936 2851
4936 5672
4937 878
4937 2430
4939 20
4939 141
4939 941
4939 2458
4939 4024
4942 204
4942 386
4942 5272
4942 5485
4955 1304
4955 1362
4955 1714
4955 3953
4959 607
4959 1464
4961 1357
4961 1761
4961 1848
4961 3033
4961 4792
4961 5560
4965 252
4965 2908
4965 3735
4965 5666
4971 445
4971 923
4971 1155
4971 1448
4971 1463
4972 1250
4972 1616
4972 3556
4972 5613
4981 3224
4981 4081
4981 4184
4981 4750
4981 5049
4982 285
4982 743
4982 4405
4982 4601
4984 1058
4984 1109
4984 4445
4984 4480
4988 888
4988 1132
4988 1630
4988 2144
4988 2898
4988 3921
4989 570
4989 701
4989 987
4989 1032
4989 1648
4989 1841
4989 3404
4989 3488
4989 3584
4989 3589
4989 3592
4989 3848
4989 4154
4989 4317
4989 5073
4989 5661
4993 2166
4993 2902
5000 434
5000 502
5000 1380
5000 5732
5005 977
5005 2251
5005 2280
5005 3450
5005 3565
5005 4095
5005 4513
5005 4556
5005 5394
5005 5464
5005 5590
5007 102
5007 110
5007 3553
5007 3711
5007 3719
5007 5446
5007 5492
5011 4396
5011 5471
5015 940
5015 1232
5015 2961
5015 3380
5015 3698
5015 4277
5015 4845
5015 5328
5015 5401
5020 2266
5020 2268
5020 2398
5020 2891
5020 4880
5020 5225
5022 1984
5022 2228
5022 3750
5022 4925
5022 5561
5025 926
5025 930
5025 1115
5025 1357
5025 3852
5025 4186
5025 4190
5026 77
5026 2609
5026 3034
5026 3260
5027 175
5027 1496
5027 1536
5027 1584
5027 2171
5027 4350
5027 5134
5027 5539
5027 5731
5031 1261
5031 1788
5031 2269
5031 4039
5031 5042
5031 5512
5035 344
5035 622
5042 1261
5042 1788
5042 2269
5042 4039
5042 5031
5042 5512
5043 68
5043 1124
5043 1260
5043 1715
5043 1741
5043 2212
5043 2986
5043 3014
5043 3664
5043 4116
5043 5372
5043 5527
5043 5548
5045 726
5045 800
5045 909
5045 4354
5045 4476
5045 5314
5045 5497
5045 5687
5049 3224
5049 4081
5049 4184
5049 4750
5049 4981
5050 1737
5050 4040
5055 63
5055 2811
5055 2967
5055 4129
5058 1577
5058 2304
5064 38
5064 216
5064 627
5064 2295
5064 3270
5064 4176
5064 4486
5064 5509
5065 616
5065 1015
5065 1488
5065 1686
5065 1693
5065 2051
5065 5208
5068 189
5068 427
5068 4738
5068 5134
5069 472
5069 714
5069 2495
5069 3036
5069 3422
5069 4408
5069 4874
5070 557
5070 1434
5070 1784
5070 1939
5070 2309
5070 2826
5070 3892
5070 5447
5070 5485
5070 5534
5073 237
5073 570
5073 701
5073 987
5073 1032
5073 1249
5073 1648
5073 1841
5073 2187
5073 2906
5073 3404
5073 3408
5073 3488
5073 3584
5073 3589
5073 3592
5073 3848
5073 4154
5073 4317
5073 4989
5073 5661
5074 255
5074 1710
5074 3777
5074 4537
5079 618
5079 942
5079 1723
5079 1756
5079 2907
5079 3652
5079 4310
5079 4382
5080 2854
5080 2891
5080 4010
5082 204
5082 1865
5082 2193
5082 2258
5082 5468
5082 5496
5085 185
5085 508
5085 2081
5085 4623
5088 1949
5088 2263
5088 3284
5088 5277
5101 2449
5101 2709
5101 4100
5101 4814
5101 5698
5109 504
5109 702
5109 761
5109 1704
5109 2505
5109 4367
5122 19
5122 69
5122 228
5122 612
5122 931
5122 2435
5122 2598
5122 2721
5122 3155
5125 1772
5125 2297
5125 3181
5125 3218
5128 661
5128 1717
5128 3499
5128 3875
5128 4806
5130 825
5130 3617
5130 5383
5133 222
5133 280
5133 469
5133 616
5133 728
5133 1462
5133 1810
5133 2051
5133 2906
5133 3634
5133 4186
5133 4713
5134 175
5134 189
5134 427
5134 828
5134 841
5134 975
5134 1305
5134 1326
5134 1496
5134 1536
5134 1584
5134 1681
5134 1767
5134 2171
5134 2303
5134 2305
5134 2306
5134 2676
5134 2722
5134 3173
5134 3355
5134 3643
5134 3661
5134 3777
5134 4152
5134 4163
5134 4350
5134 4432
5134 4462
5134 4667
5134 4721
5134 4733
5134 4736
5134 4738
5134 5027
5134 5068
5134 5203
5134 5412
5134 5539
5134 5653
5134 5726
5134 5731
5136 269
5136 767
5136 1797
5140 647
5140 1216
5140 1284
5140 1722
5140 2967
5140 3193
5142 1590
5142 1650
5142 2340
5142 2734
5142 4406
5151 1473
5151 2607
5151 2891
5151 4537
5151 4791
5160 1619
5160 1657
5160 3594
5160 3872
5160 4823
5160 5678
5162 2155
5162 2230
5162 4154
5162 4237
5162 5248
5162 5553
5168 262
5168 2894
5168 4911
5168 5262
5169 3218
5169 3369
5169 3892
5169 5668
5181 2295
5181 3460
5181 4163
5188 501
5188 624
5188 1376
5188 1731
5188 3003
5188 3126
5188 3387
5188 5650
5192 226
5192 1909
5192 1968
5192 1971
5192 2091
5192 4795
5195 143
5195 912
5195 3373
5195 5694
5203 1305
5203 2676
5203 5134
5205 2027
5205 3505
5205 3812
5205 5321
5205 5710
5206 1738
5206 2431
5206 3202
5206 4811
5206 5462
5208 616
5208 1488
5208 1693
5208 2051
5208 5065
5211 1049
5211 1750
5211 3777
5211 5552
5215 796
5215 2163
5215 3453
5215 3855
5217 2051
5217 2628
5217 3275
5217 4603
5223 676
5223 2410
5223 3137
5223 3553
5224 1877
5224 2753
5224 2765
5224 3604
5224 4429
5224 4470
5224 5230
5224 5283
5225 2266
5225 2268
5225 2398
5225 2891
5225 4880
5225 5020
5227 141
5227 182
5227 916
5227 2004
5227 2633
5230 1877
5230 2753
5230 2765
5230 3604
5230 4429
5230 4470
5230 5224
5230 5283
5234 3672
5234 4775
5238 90
5238 547
5238 589
5238 2612
5238 3165
5238 3191
5240 1420
5240 2198
5246 732
5246 3448
5246 3950
5246 4313
5246 4870
5248 2155
5248 2230
5248 4154
5248 4237
5248 5162
5248 5553
5258 922
5258 1307
5258 3330
5258 3732
5262 262
5262 2894
5262 4911
5262 5168
5265 566
5265 935
5265 1196
5265 1460
5265 2236
5265 2252
5265 3151
5265 3534
5272 204
5272 386
5272 4942
5272 5485
5277 571
5277 1949
5277 2263
5277 2602
5277 2856
5277 3284
5277 4208
5277 5088
5278 1161
5278 1174
5278 2480
5278 3429
5278 3447
5278 3950
5283 1877
5283 2753
5283 2765
5283 3604
5283 4429
5283 4470
5283 5224
5283 5230
5288 1304
5288 1408
5288 5735
5289 393
5289 1730
5289 3868
5289 4139
5297 44
5297 210
5297 653
5297 841
5297 1004
5297 1172
5297 1446
5297 2624
5297 2914
5297 3416
5297 4108
5303 275
5303 367
5303 1298
5303 1643
5303 1649
5303 3638
5303 4748
5307 714
5307 925
5307 1769
5307 3288
5307 4643
5307 4691
5307 4797
5313 545
5313 2247
5313 3742
5313 3864
5313 3948
5313 4850
5314 726
5314 800
5314 909
5314 4354
5314 4476
5314 5045
5314 5497
5314 5687
5321 2027
5321 3505
5321 3812
5321 5205
5321 5710
5322 619
5322 2563
5322 4510
5322 5328
5328 619
5328 940
5328 1232
5328 2563
5328 3698
5328 4277
5328 4510
5328 5015
5328 5322
5336 320
5336 1903
5342 396
5342 666
5342 1235
5342 1252
5342 1757
5342 2597
5342 2805
5342 3198
5342 3827
5342 4183
5342 4543
5351 4183
5351 4411
5354 2387
5354 3382
5354 3732
5354 5675
5359 1047
5359 1725
5364 61
5364 3652
5364 3797
5364 4104
5370 610
5370 2065
5370 3010
5370 4436
5370 4861
5370 5426
5370 5571
5371 553
5371 826
5371 1323
5371 3390
5371 3499
5371 3614
5371 5382
5372 68
5372 1124
5372 1260
5372 1715
5372 1741
5372 2212
5372 2986
5372 3014
5372 3664
5372 4116
5372 5043
5372 5527
5372 5548
5373 1271
5373 2447
5382 553
5382 826
5382 1323
5382 3390
5382 3499
5382 3614
5382 5371
5383 825
5383 3617
5383 5130
5394 2280
5394 4513
5394 5005
5394 5590
5401 940
5401 1232
5401 2961
5401 3380
5401 4845
5401 5015
5403 3068
5403 3947
5406 833
5406 4804
5412 841
5412 1326
5412 1767
5412 3643
5412 4163
5412 4432
5412 5134
5416 692
5416 3747
5416 5604
5420 3269
5420 4458
5422 2623
5422 5656
5424 1539
5424 3762
5426 610
5426 2065
5426 3010
5426 4436
5426 4861
5426 5370
5426 5571
5431 60
5431 216
5431 3032
5431 3227
5432 2594
5432 4759
5434 5523
5437 850
5437 3243
5437 3273
5437 3508
5437 5617
5438 269
5438 3006
5438 3119
5438 3439
5438 4706
5441 2105
5441 3369
5441 3892
5441 5715
5444 1329
5444 3218
5444 3324
5444 3730
5444 4497
5445 2860
5445 4294
5445 4754
5445 5592
5446 110
5446 5007
5446 5492
5447 557
5447 1434
5447 1784
5447 2309
5447 2826
5447 5070
5458 1658
5458 2885
5458 3963
5458 4400
5458 5603
5460 593
5460 2880
5460 4062
5460 5498
5462 1738
5462 2431
5462 3202
5462 4811
5462 5206
5464 977
5464 2251
5464 3450
5464 3565
5464 4095
5464 4556
5464 5005
5467 2531
5467 3293
5468 204
5468 1865
5468 2193
5468 2258
5468 5082
5468 5496
5471 4396
5471 5011
5481 1625
5481 1705
5481 4718
5482 901
5482 1713
5482 2556
5482 3095
5482 4065
5482 4373
5482 5707
5485 204
5485 386
5485 1452
5485 1939
5485 3190
5485 3369
5485 3892
5485 4118
5485 4942
5485 5070
5485 5272
5485 5534
5485 5734
5486 2046
5486 2729
5486 2809
5486 3024
5486 3820
5486 5530
5488 116
5488 142
5488 341
5488 406
5488 1216
5488 1978
5488 2616
5488 3514
5488 4330
5492 110
5492 5007
5492 5446
5493 972
5493 3777
5493 4113
5496 204
5496 1865
5496 2193
5496 2258
5496 5082
5496 5468
5497 726
5497 800
5497 909
5497 4354
5497 4476
5497 5045
5497 5314
5497 5687
5498 593
5498 2880
5498 4062
5498 5460
5500 624
5500 1376
5500 1664
5500 1685
5500 1755
5500 1897
5500 2140
5500 2161
5500 5611
5506 1702
5506 4503
5509 216
5509 2295
5509 3270
5509 5064
5512 1261
5512 1788
5512 2269
5512 4039
5512 5031
5512 5042
5514 202
5514 2016
5514 2800
5514 3137
5519 1606
5519 1861
5519 2893
5519 4619
5523 5434
5524 1293
5524 2215
5524 4271
5525 1241
5525 1639
5525 3550
5525 4021
5525 4708
5525 4757
5527 68
5527 1124
5527 1260
5527 1715
5527 1741
5527 2212
5527 2986
5527 3014
5527 3664
5527 4116
5527 5043
5527 5372
5527 5548
5528 891
5528 1176
5528 3609
5530 2046
5530 2729
5530 2809
5530 3024
5530 3820
5530 5486
5531 1008
5531 2631
5531 3652
5534 1939
5534 3892
5534 5070
5534 5485
5539 175
5539 1496
5539 1536
5539 1584
5539 2171
5539 4350
5539 5027
5539 5134
5539 5731
5540 2494
5540 2886
5540 3391
5540 3466
5540 3581
5540 3985
5540 4093
5540 5679
5540 5690
5541 115
5541 264
5541 2374
5541 5614
5542 1023
5542 1301
5542 2395
5542 4573
5546 2435
5546 4318
5548 68
5548 1124
5548 1260
5548 1715
5548 1741
5548 2212
5548 2986
5548 3014
5548 3664
5548 4116
5548 5043
5548 5372
5548 5527
5551 382
5551 823
5551 3087
5551 3318
5552 1049
5552 1750
5552 3777
5552 5211
5553 2155
5553 2230
5553 4154
5553 4237
5553 5162
5553 5248
5557 1357
5557 3033
5557 3507
5557 4186
5558 211
5558 593
5558 640
5558 707
5558 810
5558 1027
5558 1088
5558 1702
5558 2533
5558 2600
5558 4062
5558 4797
5560 1357
5560 1761
5560 1848
5560 3033
5560 4792
5560 4961
5561 1984
5561 2228
5561 3750
5561 4925
5561 5022
5568 2051
5568 3272
5568 3899
5568 3949
5571 610
5571 2065
5571 3010
5571 4436
5571 4861
5571 5370
5571 5426
5577 66
5577 943
5577 1846
5578 66
5578 943
5578 1846
5590 2280
5590 4513
5590 5005
5590 5394
5592 2860
5592 4294
5592 4754
5592 5445
5599 233
5599 972
5599 2114
5599 3208
5600 3124
5602 427
5602 1723
5602 4031
5603 1658
5603 2885
5603 3963
5603 4400
5603 5458
5604 692
5604 3747
5604 5416
5606 2227
5606 3352
5606 3434
5607 4810
5607 5727
5609 893
5609 4495
5611 1664
5611 2161
5611 5500
5613 254
5613 939
5613 1250
5613 1616
5613 2380
5613 3556
5613 4253
5613 4972
5614 115
5614 264
5614 624
5614 1246
5614 1755
5614 2374
5614 3658
5614 5541
5617 850
5617 3243
5617 3273
5617 3508
5617 5437
5624 216
5624 2190
5624 2760
5624 3779
5627 924
5627 2180
5635 64
5635 208
5635 1262
5635 1477
5635 2630
5635 4132
5635 5718
5639 1655
5639 2034
5639 4176
5639 4222
5642 966
5642 1383
5642 2817
5642 3163
5642 3402
5642 4102
5642 4245
5646 931
5646 1120
5646 1569
5646 2199
5650 1731
5650 3126
5650 3387
5650 5188
5653 828
5653 2722
5653 3355
5653 5134
5656 2623
5656 5422
5658 230
5658 2160
5658 4149
5658 4766
5660 2032
5660 4388
5661 570
5661 701
5661 987
5661 1648
5661 1841
5661 3584
5661 3589
5661 3592
5661 4154
5661 4317
5661 4989
5661 5073
5666 252
5666 2908
5666 3735
5666 4965
5668 767
5668 2051
5668 2916
5668 3218
5668 3369
5668 3892
5668 4794
5668 5169
5672 134
5672 391
5672 913
5672 2141
5672 2183
5672 2851
5672 3130
5672 3499
5672 3557
5672 4936
5675 2387
5675 3382
5675 3732
5675 5354
5678 1657
5678 5160
5679 2494
5679 2886
5679 3391
5679 3466
5679 3581
5679 3985
5679 4093
5679 5540
5679 5690
5684 2714
5684 2889
5687 726
5687 800
5687 909
5687 4354
5687 4476
5687 5045
5687 5314
5687 5497
5690 2494
5690 2886
5690 3391
5690 3466
5690 3581
5690 3985
5690 4093
5690 5540
5690 5679
5694 143
5694 912
5694 1436
5694 2295
5694 3373
5694 3827
5694 5195
5698 2449
5698 2709
5698 4100
5698 4814
5698 5101
5700 179
5700 1389
5700 3790
5700 4028
5700 4266
5707 901
5707 1713
5707 2556
5707 3095
5707 4065
5707 4373
5707 5482
5708 1220
5708 1662
5708 3074
5708 3128
5710 2027
5710 3505
5710 3812
5710 5205
5710 5321
5712 500
5712 855
5712 1081
5712 1488
5712 1500
5712 1970
5712 2073
5712 2167
5712 2540
5712 3043
5712 4021
5712 4129
5712 4743
5712 4791
5713 2229
5713 2290
5713 2648
5713 4173
5715 2105
5715 3369
5715 3892
5715 5441
5717 37
5717 93
5717 2709
5717 3091
5717 3785
5717 4183
5717 4847
5718 64
5718 208
5718 1262
5718 1477
5718 2630
5718 4132
5718 5635
5726 975
5726 2303
5726 2305
5726 2306
5726 3777
5726 4152
5726 4462
5726 4667
5726 4721
5726 4733
5726 4736
5726 5134
5727 4810
5727 5607
5729 29
5729 248
5729 920
5729 2137
5729 3003
5731 175
5731 1496
5731 1536
5731 1584
5731 2171
5731 4350
5731 5027
5731 5134
5731 5539
5732 434
5732 502
5732 1380
5732 5000
5733 2890
5733 3340
5733 3763
5733 4772
5734 1452
5734 3190
5734 5485
5735 1304
5735 1408
5735 5288
5737 2952
5737 3850
5737 4459
5737 4633
5740 281
5740 648
5740 1336
5740 2321
5740 3053
5740 3188
5740 4549
5740 4814
5747 66
5747 943
5747 1846
5763 1251
5763 1566
5763 2707
5763 2922
5766 53
5766 2416
5766 2566
5766 3646
