1 547
1 1880
1 3165
1 4514
1 5518
4 2898
4 2919
4 4375
4 5236
4 5320
7 1762
7 4942
7 5568
8 582
8 594
8 3857
8 5441
15 203
15 472
15 1112
15 1732
15 1733
15 1884
15 2495
15 2595
15 3036
15 3104
15 3628
15 3633
15 4299
15 4873
15 4874
15 5069
15 5207
15 5631
17 924
17 1051
17 3173
17 4665
17 5627
19 228
19 612
19 931
19 1007
19 2435
19 2598
19 2721
19 3155
19 5122
22 603
22 691
22 1439
22 2451
22 2816
22 2933
22 3966
22 4718
22 4866
23 2995
23 3253
31 434
31 1133
31 1380
31 2586
31 5732
44 841
44 931
44 1004
44 1172
44 1693
44 2624
44 2914
44 4108
53 1940
53 2566
53 5334
53 5750
54 2943
54 4038
54 4611
54 5369
59 115
59 381
59 420
59 2073
59 2224
59 2887
59 3008
59 3051
59 3160
59 3804
59 4129
61 2381
61 5694
62 398
62 1780
62 1957
62 2334
62 4512
62 4522
62 5355
63 1835
63 1941
63 2811
63 2967
63 5055
64 386
64 519
64 1286
64 1477
64 1521
64 2093
64 2630
64 4132
64 4432
64 4870
64 5635
64 5718
67 180
67 348
67 2119
67 2406
68 475
68 737
68 1124
68 1260
68 1715
68 3014
68 4098
68 5043
68 5372
73 133
73 1687
73 2370
73 2756
83 770
83 804
83 1922
83 3403
83 4288
84 571
84 2537
84 2856
84 4208
84 5088
84 5277
85 624
85 716
85 1213
85 2075
85 2501
85 3919
85 5379
85 5614
89 728
89 788
89 1462
89 2721
89 2777
89 3075
89 3634
89 3751
89 4043
89 4491
89 5276
94 2762
94 4378
94 5609
102 3711
102 3719
107 1127
107 3167
107 3659
107 3825
107 4061
109 2032
109 2070
109 2498
109 4388
110 4113
110 5069
110 5111
113 330
113 369
113 473
113 1072
113 2394
113 2792
113 3313
113 3955
115 59
115 381
115 420
115 787
115 2073
115 2224
115 2374
115 2887
115 3008
115 3029
115 3051
115 3160
115 3804
115 4129
115 4326
115 5614
133 73
133 1687
133 2370
133 2756
134 1156
134 1752
134 3557
137 347
137 590
137 5387
137 5728
141 182
141 916
141 2314
141 2633
141 3685
141 4024
141 4939
141 5227
147 3326
147 4447
147 5205
147 5602
158 1838
158 2307
158 2826
158 3110
158 3648
158 4256
158 5070
168 1932
168 3561
180 67
180 348
180 2119
180 2406
182 141
182 916
182 2633
182 5227
185 508
185 2081
185 4623
185 5085
192 668
192 1828
192 2004
192 2330
192 2456
192 2613
194 862
194 1128
194 1454
194 1505
194 1779
194 2254
194 3041
194 3573
194 4077
194 4252
194 4841
194 4849
194 5063
194 5696
203 15
203 472
203 1112
203 1732
203 1733
203 1884
203 2495
203 2595
203 3036
203 3104
203 3628
203 3633
203 4299
203 4873
203 4874
203 5069
203 5207
203 5631
204 2193
204 2258
204 3521
204 5082
205 1188
205 2154
205 2652
205 3920
211 593
211 632
211 810
211 2051
211 4062
211 4398
216 372
216 691
216 841
216 1920
216 3032
216 3488
216 4856
216 5431
226 435
226 624
226 1009
226 1067
226 1345
226 2091
226 2094
226 3777
226 4186
226 4326
226 5009
226 5192
228 19
228 612
228 931
228 1007
228 2435
228 2598
228 2721
228 3155
228 5122
229 1357
229 1373
229 1848
229 3033
229 4156
235 734
235 1596
235 2523
235 3070
235 5150
235 5202
237 260
237 1249
237 2187
237 3404
237 3408
237 5073
237 5083
243 608
243 714
243 715
243 1409
243 1769
243 4062
243 4643
243 4797
243 4970
243 5015
243 5396
243 5670
249 583
249 1380
249 3975
249 4617
252 2908
252 4965
260 237
260 1249
260 2187
260 3404
260 3408
260 5073
260 5083
262 4644
262 4911
262 5168
262 5222
262 5262
271 984
271 1849
271 2479
271 2772
271 5129
271 5292
275 367
275 1298
275 1643
275 1649
275 1895
275 3638
275 5303
276 393
276 545
276 978
276 2121
276 2753
276 3036
276 3934
276 4278
276 4416
276 4822
279 1839
279 2268
279 3353
279 3488
279 4031
281 648
281 2803
281 3007
281 4338
281 4549
281 5740
292 1107
292 3362
292 3761
294 1036
294 1500
294 1970
294 2540
294 2656
294 2969
294 3610
294 4622
301 310
301 366
301 1456
301 1872
301 2195
301 2937
301 3893
301 4134
301 5512
304 3355
304 4200
304 4660
304 4697
304 5087
310 301
310 366
310 1456
310 1872
310 2195
310 2937
310 3893
310 4134
310 5512
312 1013
312 1365
312 1415
312 5163
313 902
313 2459
313 3763
313 4286
313 5180
315 2155
315 2230
315 3404
315 3854
315 3884
315 4154
315 5162
315 5248
316 2483
316 3066
316 3088
330 113
330 369
330 473
330 1072
330 2394
330 2792
330 3313
330 3955
335 726
335 909
335 1559
335 2109
335 4026
335 5149
335 5409
336 1325
336 1644
336 3033
336 5025
336 5033
341 1978
341 2616
341 4330
341 5488
342 400
342 1338
342 2473
342 2809
342 3024
342 3820
343 2215
343 4271
347 137
347 590
347 5387
347 5728
348 67
348 180
348 2119
348 2406
349 1377
349 2706
352 4176
352 4486
352 5064
353 1684
353 2151
353 2872
353 3696
353 4137
353 4268
353 5194
366 301
366 310
366 1456
366 1872
366 2195
366 2937
366 3893
366 4134
366 5512
367 275
367 1298
367 1643
367 1649
367 1895
367 3638
367 5303
369 113
369 330
369 473
369 1072
369 2394
369 2792
369 3313
369 3955
372 216
372 1038
372 1103
372 2129
372 3032
372 3896
372 4467
372 5431
375 2557
375 2636
375 4212
375 4880
375 5677
381 59
381 115
381 420
381 2073
381 2224
381 2887
381 3008
381 3051
381 3160
381 3804
381 4129
386 64
386 1477
386 2093
386 2630
386 4132
386 5635
386 5718
391 2352
391 2528
391 2648
391 2851
391 3321
393 276
393 978
393 3036
393 4278
396 3102
396 3198
396 3827
398 62
398 1780
398 1957
398 2334
398 4512
398 4522
398 5355
400 342
400 1338
400 2473
400 2809
400 3024
400 3820
401 859
401 973
401 1967
401 5151
404 4252
412 692
412 1408
412 1461
412 2624
412 2931
412 4433
412 5711
420 59
420 115
420 381
420 787
420 2073
420 2224
420 2374
420 2887
420 3008
420 3029
420 3051
420 3160
420 3804
420 4129
420 4326
420 5614
422 804
422 1576
422 2961
422 5401
429 2319
429 5004
429 5038
429 5378
434 31
434 1133
434 1380
434 2586
434 5732
435 226
435 624
435 1067
435 3777
435 5009
445 599
445 2332
445 3647
445 4444
445 4971
462 1006
462 2121
462 3091
462 5118
463 5051
463 5528
472 15
472 203
472 1112
472 1732
472 1733
472 1884
472 2495
472 2595
472 2756
472 3036
472 3104
472 3410
472 3503
472 3628
472 3633
472 4031
472 4299
472 4873
472 4874
472 5069
472 5207
472 5631
473 113
473 330
473 369
473 1072
473 2394
473 2792
473 3313
473 3955
475 68
475 737
475 1124
475 1260
475 1715
475 3014
475 4098
475 5043
475 5372
479 1114
479 3140
479 3865
479 4255
484 620
484 1817
484 3047
484 3342
484 3469
484 3666
484 4746
484 4826
484 4832
484 5411
496 566
496 1196
496 1460
496 2236
496 2620
496 3534
496 4311
500 1001
500 1488
500 1566
500 3036
500 3043
500 3075
500 3621
500 4743
500 5712
508 185
508 2081
508 4623
508 5085
519 64
519 1286
519 1521
519 4432
519 4870
545 276
545 889
545 1146
545 1498
545 1529
545 2121
545 2587
545 2683
545 2753
545 3934
545 4028
545 4416
545 4447
545 4822
545 5313
546 3314
546 4616
547 1
547 1880
547 3165
547 4514
547 5518
551 1055
551 5599
553 826
553 931
553 1323
553 1783
553 3390
553 3499
553 5382
555 658
555 1043
555 1548
555 2090
555 3410
566 496
566 1196
566 1460
566 2236
566 2620
566 3534
566 4311
570 927
570 1648
570 1841
570 1970
570 3224
570 3370
570 4051
570 4154
570 5073
570 5661
571 84
571 2537
571 2856
571 4208
571 5088
571 5277
575 3269
575 5420
577 1588
577 3704
577 4075
582 8
582 594
582 3857
582 5441
583 249
583 1380
583 3975
583 4617
588 863
588 1142
588 2202
588 2862
588 3055
588 3465
588 4015
588 4252
588 4273
590 137
590 347
590 5387
590 5728
591 640
591 5064
591 5509
593 211
593 632
593 810
593 2051
593 3671
593 4062
593 4398
593 4933
593 5015
593 5498
594 8
594 582
594 3857
594 5441
599 445
599 2332
599 3647
599 4444
599 4971
603 22
603 691
603 1439
603 2451
603 2816
603 2933
603 3966
603 4718
603 4866
607 1464
607 4959
608 243
608 714
608 715
608 1409
608 1769
608 4062
608 4643
608 4797
608 4970
608 5015
608 5396
608 5670
610 2065
610 2311
610 4346
610 4436
610 5370
612 19
612 228
612 931
612 1007
612 2435
612 2598
612 2721
612 3155
612 5122
616 931
616 1044
616 1046
616 1569
616 1969
616 2125
616 2153
616 2523
616 5133
620 484
620 1817
620 3047
620 3342
620 3469
620 3666
620 4746
620 4826
620 4832
620 5411
624 85
624 226
624 435
624 716
624 1005
624 1067
624 1376
624 1755
624 2075
624 3322
624 3777
624 4439
624 5009
624 5614
632 211
632 593
632 810
632 2051
632 4062
632 4398
637 758
637 1337
637 3484
637 4037
639 2606
639 3350
639 3427
639 3741
640 591
640 901
640 2556
640 2843
640 4065
640 5064
640 5482
640 5509
644 2275
644 3716
646 2430
646 4937
647 1216
647 1284
647 1594
647 2967
647 3193
647 3894
647 4234
647 4269
647 4330
647 5488
648 281
648 2803
648 3007
648 4338
648 4549
648 5740
656 3882
656 4242
656 4632
658 555
658 1043
658 1548
658 2090
658 3410
661 1717
661 3499
661 3875
661 4515
661 4806
661 5128
664 1114
664 2063
664 3405
664 3861
664 3970
664 3986
664 4831
666 1322
666 2043
668 192
668 1828
668 2004
668 2330
668 2456
668 2613
675 1328
675 1840
675 3296
675 4282
675 5545
691 22
691 216
691 603
691 841
691 1439
691 1920
691 2451
691 2816
691 2933
691 3488
691 3966
691 4718
691 4856
691 4866
692 412
692 1408
692 1461
692 2624
692 2931
692 3369
692 3409
692 3463
692 3704
692 4433
692 5711
694 1590
694 2340
694 2734
702 761
702 1704
702 2505
702 4367
702 5109
703 829
703 1296
703 1694
703 1760
703 2692
703 4563
703 5532
703 5594
707 974
707 1027
707 1088
707 1280
707 2365
707 2533
707 2923
707 3951
707 5032
714 243
714 608
714 715
714 1106
714 1409
714 1769
714 2643
714 2752
714 3474
714 4062
714 4251
714 4643
714 4797
714 4970
714 5015
714 5274
714 5396
714 5670
715 243
715 608
715 714
715 1409
715 1769
715 4062
715 4643
715 4797
715 4970
715 5015
715 5396
715 5670
716 85
716 624
716 2075
716 5614
726 335
726 909
726 1559
726 2109
726 4026
726 5149
726 5409
728 89
728 788
728 1462
728 2721
728 2777
728 3075
728 3634
728 3751
728 4043
728 4491
728 5276
732 1026
732 1346
732 2747
732 4313
732 4870
734 235
734 1596
734 2523
734 3070
734 5150
734 5202
737 68
737 475
737 1124
737 1260
737 1715
737 3014
737 4098
737 5043
737 5372
752 1638
752 2719
752 4302
752 4351
752 4369
754 3842
754 5044
758 637
758 1337
758 3179
758 3301
758 3484
758 4037
758 5596
761 702
761 1704
761 2505
761 4367
761 5109
767 1300
767 1452
767 1797
767 2090
767 2673
767 3018
767 3027
767 3054
767 3369
767 3503
767 3704
767 4794
767 5668
770 83
770 804
770 1922
770 3403
770 4288
776 2365
776 2398
776 5446
780 1120
780 2398
780 2466
780 4250
780 5572
785 2310
785 3544
785 3855
785 4531
787 115
787 420
787 2374
787 3029
787 4326
787 5614
788 89
788 728
788 1462
788 2721
788 2777
788 3075
788 3634
788 3751
788 4043
788 4491
788 5276
797 3394
797 3827
797 4072
804 83
804 422
804 770
804 1576
804 1922
804 2961
804 3403
804 4288
804 5401
808 1042
808 1095
808 2400
808 3363
810 211
810 593
810 632
810 2051
810 4062
810 4398
813 4277
813 4855
813 5328
813 5401
826 553
826 931
826 1323
826 1783
826 3390
826 3499
826 5382
828 2709
828 4100
828 4183
828 4885
829 703
829 1256
829 1296
829 1615
829 1694
829 1760
829 1814
829 2295
829 2361
829 2692
829 3251
829 4563
829 4932
829 5158
829 5532
829 5594
831 2334
831 3037
831 3185
831 3286
840 1719
840 2715
841 44
841 216
841 691
841 931
841 1004
841 1172
841 1693
841 1920
841 2624
841 2914
841 3488
841 4108
841 4856
851 2213
851 2645
851 3119
851 3439
851 4706
851 5438
855 2073
855 4020
855 4021
855 4129
859 401
859 973
859 1967
859 5151
860 4495
860 5099
862 194
862 1128
862 1454
862 1505
862 1779
862 2254
862 3041
862 3573
862 4077
862 4252
862 4841
862 4849
862 5063
862 5696
863 588
863 1142
863 2202
863 2862
863 3055
863 3465
863 4015
863 4252
863 4273
875 1164
875 2380
875 4253
875 5613
888 1039
888 1311
888 1630
888 1831
888 2333
888 4638
888 5304
889 545
889 1146
889 1498
889 1529
889 5313
893 1315
893 2028
893 3266
893 3680
893 4422
893 5324
901 640
901 2556
901 2843
901 4065
901 5482
902 313
902 2459
902 3763
902 4286
902 5180
905 3278
905 3392
905 3393
905 4414
905 5467
907 2349
907 4226
909 335
909 726
909 1559
909 2109
909 4026
909 5149
909 5409
916 141
916 182
916 2633
916 5227
924 17
924 1051
924 3173
924 4665
924 5627
927 570
927 1648
927 1841
927 1970
927 3224
927 3370
927 4051
927 4154
927 5073
927 5661
931 19
931 44
931 228
931 553
931 612
931 616
931 826
931 841
931 1004
931 1007
931 1046
931 1172
931 1323
931 1569
931 1693
931 1783
931 2125
931 2153
931 2435
931 2598
931 2624
931 2721
931 2914
931 3155
931 3390
931 3499
931 4108
931 5122
931 5382
946 1219
946 1981
946 2683
972 1953
972 2403
972 2828
972 4113
972 4168
972 4665
972 4790
972 4791
972 5599
973 401
973 859
973 1967
973 5151
974 707
974 1027
974 1088
974 2533
974 5032
978 276
978 393
978 3036
978 4278
984 271
984 1849
984 2479
984 2772
984 5129
984 5292
990 1827
990 2669
990 3282
990 3763
990 5450
1001 500
1001 1275
1001 1566
1001 3036
1001 3075
1001 3621
1001 4404
1001 4838
1001 4954
1002 1547
1002 2813
1002 2913
1002 3319
1002 3341
1002 3932
1002 5467
1004 44
1004 841
1004 931
1004 1172
1004 1693
1004 2624
1004 2914
1004 4108
1005 624
1005 1376
1005 1755
1005 4439
1006 462
1006 2121
1006 3091
1006 5118
1007 19
1007 228
1007 612
1007 931
1007 2435
1007 2598
1007 2721
1007 3155
1007 5122
1009 226
1009 1345
1009 2094
1009 4186
1013 312
1013 1365
1013 1415
1013 5163
1023 2898
1023 3137
1023 3852
1023 4965
1023 5514
1026 732
1026 1346
1026 2747
1026 4313
1026 4870
1027 707
1027 974
1027 1088
1027 2533
1027 5032
1036 294
1036 1500
1036 1970
1036 2540
1036 2656
1036 2969
1036 3610
1036 4622
1038 372
1038 1103
1038 2129
1038 3896
1038 4467
1039 888
1039 1311
1039 1630
1039 1831
1039 2333
1039 4638
1039 5304
1042 808
1042 1095
1042 2400
1042 3363
1043 555
1043 658
1043 1548
1043 2090
1043 3410
1044 616
1044 1969
1044 2523
1044 5133
1046 616
1046 931
1046 1569
1046 2125
1046 2153
1047 1725
1047 1846
1051 17
1051 924
1051 3173
1051 4665
1051 5627
1055 551
1055 5599
1062 2631
1062 4353
1062 4374
1062 4907
1066 1840
1066 3939
1066 5161
1067 226
1067 435
1067 624
1067 3777
1067 5009
1070 4081
1070 4184
1070 4750
1070 4981
1070 5049
1072 113
1072 330
1072 369
1072 473
1072 2394
1072 2792
1072 3313
1072 3955
1078 3132
1078 5365
1088 707
1088 974
1088 1027
1088 2533
1088 5032
1095 808
1095 1042
1095 2400
1095 3363
1103 372
1103 1038
1103 2129
1103 3896
1103 4467
1106 714
1106 2370
1106 2643
1106 2752
1106 2760
1106 3474
1106 4251
1106 4691
1106 5274
1107 292
1107 3362
1107 3761
1112 15
1112 203
1112 472
1112 1732
1112 1733
1112 1884
1112 2495
1112 2595
1112 3036
1112 3104
1112 3628
1112 3633
1112 4299
1112 4873
1112 4874
1112 5069
1112 5207
1112 5631
1114 479
1114 664
1114 2063
1114 3140
1114 3405
1114 3861
1114 3865
1114 3970
1114 3986
1114 4255
1114 4831
1119 1755
1119 4357
1119 5134
1119 5503
1120 780
1120 2398
1120 2466
1120 4250
1120 5572
1124 68
1124 475
1124 737
1124 1260
1124 1715
1124 3014
1124 4098
1124 5043
1124 5372
1127 107
1127 3167
1127 3659
1127 3825
1127 4061
1128 194
1128 862
1128 1454
1128 1505
1128 1779
1128 2254
1128 3041
1128 3573
1128 4077
1128 4252
1128 4841
1128 4849
1128 5063
1128 5696
1133 31
1133 434
1133 1380
1133 2586
1133 5732
1142 588
1142 863
1142 2202
1142 2862
1142 3055
1142 3465
1142 4015
1142 4252
1142 4273
1145 2308
1145 3807
1145 5284
1146 545
1146 889
1146 1498
1146 1529
1146 5313
1156 134
1156 1752
1156 3557
1158 2170
1158 3473
1158 4044
1161 1174
1161 2480
1161 3695
1161 5278
1161 5371
1164 875
1164 2380
1164 4253
1164 5613
1172 44
1172 841
1172 931
1172 1004
1172 1693
1172 2624
1172 2914
1172 4108
1174 1161
1174 2480
1174 3695
1174 5278
1174 5371
1187 2510
1187 3108
1188 205
1188 2154
1188 2652
1188 3920
1196 496
1196 566
1196 1460
1196 2236
1196 2620
1196 3534
1196 4311
1211 2471
1211 3824
1211 4775
1211 4884
1213 85
1213 2501
1213 3919
1213 5379
1216 647
1216 1284
1216 1594
1216 2967
1216 3193
1216 4234
1219 946
1219 1981
1219 2683
1220 1662
1220 3074
1220 3128
1220 5603
1221 2219
1221 4442
1221 5028
1223 1357
1223 1488
1223 2087
1223 2643
1223 2665
1223 4747
1223 4752
1223 4791
1223 5318
1238 1912
1238 2831
1238 4294
1238 5445
1241 1470
1241 1687
1241 2509
1241 2898
1241 3130
1246 2916
1246 3369
1246 3614
1246 4147
1249 237
1249 260
1249 2187
1249 3404
1249 3408
1249 5073
1249 5083
1256 829
1256 1615
1256 1814
1256 2295
1256 2361
1256 3251
1256 4932
1256 5158
1260 68
1260 475
1260 737
1260 1124
1260 1715
1260 3014
1260 4098
1260 5043
1260 5372
1271 2447
1271 5373
1275 1001
1275 4404
1275 4838
1275 4954
1280 707
1280 2365
1280 2923
1280 3951
1284 647
1284 1216
1284 1594
1284 2967
1284 3193
1284 4234
1286 64
1286 519
1286 1521
1286 4432
1286 4870
1296 703
1296 829
1296 1694
1296 1760
1296 2692
1296 4563
1296 5532
1296 5594
1298 275
1298 367
1298 1643
1298 1649
1298 1895
1298 3638
1298 5303
1300 767
1300 1797
1300 2673
1304 2084
1304 3071
1304 3446
1304 3817
1304 4955
1311 888
1311 1039
1311 1630
1311 1831
1311 2333
1311 4638
1311 5304
1315 893
1315 2028
1315 3266
1315 3680
1315 4422
1315 5324
1322 666
1322 2043
1323 553
1323 826
1323 931
1323 1783
1323 3390
1323 3499
1323 5382
1325 336
1325 1644
1325 3033
1325 5025
1325 5033
1326 1767
1326 5381
1326 5412
1326 5473
1328 675
1328 1840
1328 3296
1328 4282
1328 5545
1337 637
1337 758
1337 3484
1337 4037
1338 342
1338 400
1338 2473
1338 2809
1338 3024
1338 3820
1345 226
1345 1009
1345 2094
1345 4186
1346 732
1346 1026
1346 2747
1346 4313
1346 4870
1350 1614
1350 2819
1357 229
1357 1223
1357 1373
1357 1488
1357 1848
1357 2087
1357 2643
1357 2665
1357 3033
1357 3621
1357 3852
1357 4156
1357 4186
1357 4747
1357 4752
1357 4791
1357 5318
1357 5557
1365 312
1365 1013
1365 1415
1365 5163
1370 4451
1370 5481
1373 229
1373 1357
1373 1848
1373 3033
1373 4156
1376 624
1376 1005
1376 1755
1376 4439
1377 349
1377 2706
1380 31
1380 249
1380 434
1380 583
1380 1133
1380 2586
1380 3975
1380 4617
1380 5732
1381 1960
1381 2635
1381 5245
1384 3364
1384 3869
1384 4555
1390 1793
1390 1825
1390 2266
1390 2827
1390 4464
1395 4262
1395 5080
1408 412
1408 692
1408 1461
1408 2624
1408 2931
1408 4433
1408 5711
1409 243
1409 608
1409 714
1409 715
1409 1769
1409 4062
1409 4643
1409 4797
1409 4970
1409 5015
1409 5396
1409 5670
1415 312
1415 1013
1415 1365
1415 5163
1425 4503
1425 5506
1438 1906
1438 2192
1438 3938
1438 3958
1438 4039
1438 4355
1438 4568
1438 4894
1439 22
1439 603
1439 691
1439 2451
1439 2816
1439 2933
1439 3966
1439 4718
1439 4866
1452 767
1452 3018
1452 3027
1452 3054
1452 3503
1454 194
1454 862
1454 1128
1454 1505
1454 1779
1454 2254
1454 3041
1454 3573
1454 4077
1454 4252
1454 4841
1454 4849
1454 5063
1454 5696
1456 301
1456 310
1456 366
1456 1872
1456 2195
1456 2937
1456 3893
1456 4134
1456 5512
1460 496
1460 566
1460 1196
1460 2236
1460 2620
1460 3534
1460 4311
1461 412
1461 692
1461 1408
1461 2624
1461 2931
1461 4433
1461 5711
1462 89
1462 728
1462 788
1462 2721
1462 2777
1462 3075
1462 3634
1462 3751
1462 4043
1462 4491
1462 5276
1464 607
1464 4959
1470 1241
1470 1687
1470 2509
1470 2898
1470 3130
1477 64
1477 386
1477 2093
1477 2630
1477 4132
1477 5635
1477 5718
1488 500
1488 1223
1488 1357
1488 2087
1488 2643
1488 2665
1488 3043
1488 4743
1488 4747
1488 4752
1488 4791
1488 5318
1488 5712
1498 545
1498 889
1498 1146
1498 1529
1498 5313
1500 294
1500 1036
1500 1970
1500 2540
1500 2656
1500 2969
1500 3610
1500 4622
1505 194
1505 862
1505 1128
1505 1454
1505 1779
1505 2254
1505 3041
1505 3573
1505 4077
1505 4252
1505 4841
1505 4849
1505 5063
1505 5696
1519 3087
1519 3532
1519 4219
1521 64
1521 519
1521 1286
1521 4432
1521 4870
1524 3994
1524 4562
1524 4625
1524 5075
1524 5437
1529 545
1529 889
1529 1146
1529 1498
1529 5313
1534 2159
1534 4629
1536 2171
1536 5086
1536 5127
1537 4920
1537 4975
1537 5042
1537 5583
1542 1877
1542 2753
1542 2766
1542 3604
1542 4429
1542 4470
1542 5172
1547 1002
1547 2813
1547 2913
1547 3319
1547 3341
1547 3932
1547 5467
1548 555
1548 658
1548 1043
1548 2090
1548 3410
1548 4172
1548 4679
1548 4883
1559 335
1559 726
1559 909
1559 2109
1559 4026
1559 5149
1559 5409
1562 4893
1566 500
1566 1001
1566 1738
1566 2431
1566 2670
1566 3036
1566 3075
1566 3328
1566 3621
1566 4042
1566 5206
1566 5462
1569 616
1569 931
1569 1046
1569 2125
1569 2153
1576 422
1576 804
1576 2961
1576 5401
1588 577
1588 3704
1590 694
1590 2340
1590 2734
1594 647
1594 1216
1594 1284
1594 2967
1594 3193
1594 4234
1596 235
1596 734
1596 2523
1596 3070
1596 5150
1596 5202
1606 4000
1606 4619
1606 5519
1614 1350
1614 2819
1615 829
1615 1256
1615 1814
1615 2295
1615 2361
1615 3251
1615 4932
1615 5158
1619 3872
1619 5160
1630 888
1630 1039
1630 1311
1630 1831
1630 2333
1630 4638
1630 5304
1636 4061
1636 5132
1638 752
1638 2719
1638 4302
1638 4351
1638 4369
1643 275
1643 367
1643 1298
1643 1649
1643 1895
1643 3638
1643 5303
1644 336
1644 1325
1644 3033
1644 5025
1644 5033
1648 570
1648 927
1648 1841
1648 1970
1648 3224
1648 3370
1648 4051
1648 4154
1648 5073
1648 5661
1649 275
1649 367
1649 1298
1649 1643
1649 1895
1649 3638
1649 5303
1662 1220
1662 3074
1662 3128
1662 5603
1666 4541
1666 5124
1671 4176
1671 5018
1684 353
1684 2151
1684 2872
1684 3696
1684 4137
1684 4268
1684 5194
1687 73
1687 133
1687 1241
1687 1470
1687 1841
1687 2370
1687 2509
1687 2643
1687 2756
1687 2898
1687 3130
1687 3150
1687 3410
1687 3745
1687 3940
1693 44
1693 841
1693 931
1693 1004
1693 1172
1693 2624
1693 2914
1693 4108
1694 703
1694 829
1694 1296
1694 1760
1694 2692
1694 4563
1694 5532
1694 5594
1696 4951
1704 702
1704 761
1704 2505
1704 4367
1704 5109
1706 3320
1706 4473
1715 68
1715 475
1715 737
1715 1124
1715 1260
1715 3014
1715 4098
1715 5043
1715 5372
1717 661
1717 3499
1717 3875
1717 4515
1717 4806
1717 5128
1719 840
1719 2715
1723 2677
1723 5346
1725 1047
1725 1846
1732 15
1732 203
1732 472
1732 1112
1732 1733
1732 1884
1732 2495
1732 2595
1732 3036
1732 3104
1732 3628
1732 3633
1732 4299
1732 4873
1732 4874
1732 5069
1732 5207
1732 5631
1733 15
1733 203
1733 472
1733 1112
1733 1732
1733 1884
1733 2495
1733 2595
1733 3036
1733 3104
1733 3628
1733 3633
1733 4299
1733 4873
1733 4874
1733 5069
1733 5207
1733 5631
1738 1566
1738 2431
1738 2670
1738 5206
1738 5462
1750 3777
1750 4287
1750 4511
1752 134
1752 1156
1752 3557
1755 624
1755 1005
1755 1119
1755 1376
1755 4357
1755 4439
1755 5134
1755 5503
1760 703
1760 829
1760 1296
1760 1694
1760 2692
1760 4563
1760 5532
1760 5594
1762 7
1762 4942
1762 5568
1767 1326
1767 5381
1767 5412
1767 5473
1769 243
1769 608
1769 714
1769 715
1769 1409
1769 4062
1769 4643
1769 4797
1769 4970
1769 5015
1769 5396
1769 5670
1772 2297
1772 3181
1772 3622
1772 5125
1779 194
1779 862
1779 1128
1779 1454
1779 1505
1779 2254
1779 3041
1779 3573
1779 4077
1779 4252
1779 4841
1779 4849
1779 5063
1779 5696
1780 62
1780 398
1780 1957
1780 2334
1780 4512
1780 4522
1780 5355
1783 553
1783 826
1783 931
1783 1323
1783 3390
1783 3499
1783 5382
1793 1390
1793 1825
1793 2266
1793 2827
1793 4464
1797 767
1797 1300
1797 2673
1814 829
1814 1256
1814 1615
1814 2295
1814 2361
1814 3251
1814 4932
1814 5158
1817 484
1817 620
1817 3047
1817 3342
1817 3469
1817 3666
1817 4746
1817 4826
1817 4832
1817 5411
1823 4186
1823 4713
1823 5133
1823 5413
1825 1390
1825 1793
1825 2266
1825 2827
1825 4464
1827 990
1827 2669
1827 3282
1827 3763
1827 5450
1828 192
1828 668
1828 2004
1828 2330
1828 2456
1828 2613
1831 888
1831 1039
1831 1311
1831 1630
1831 2333
1831 4638
1831 5304
1835 63
1835 1941
1835 2811
1835 2967
1835 5055
1838 158
1838 2307
1838 2826
1838 3110
1838 3648
1838 4256
1838 5070
1839 279
1839 2268
1839 3353
1839 3488
1839 4031
1840 675
1840 1066
1840 1328
1840 3296
1840 3939
1840 4282
1840 5161
1840 5545
1841 570
1841 927
1841 1648
1841 1687
1841 1970
1841 2643
1841 3150
1841 3224
1841 3370
1841 3410
1841 3745
1841 3940
1841 4051
1841 4154
1841 5073
1841 5661
1842 3565
1842 4095
1842 4267
1842 4537
1842 4691
1842 5464
1846 1047
1846 1725
1846 2289
1846 2744
1846 5747
1848 229
1848 1357
1848 1373
1848 3033
1848 4156
1849 271
1849 984
1849 2479
1849 2772
1849 5129
1849 5292
1872 301
1872 310
1872 366
1872 1456
1872 2195
1872 2937
1872 3893
1872 4134
1872 5512
1877 1542
1877 2753
1877 2766
1877 3604
1877 4429
1877 4470
1877 5172
1880 1
1880 547
1880 3165
1880 4514
1880 5518
1884 15
1884 203
1884 472
1884 1112
1884 1732
1884 1733
1884 2495
1884 2595
1884 3036
1884 3104
1884 3628
1884 3633
1884 4299
1884 4873
1884 4874
1884 5069
1884 5207
1884 5631
1893 2358
1893 2724
1895 275
1895 367
1895 1298
1895 1643
1895 1649
1895 3638
1895 5303
1906 1438
1906 2192
1906 3938
1906 3958
1906 4039
1906 4355
1906 4568
1906 4894
1912 1238
1912 2831
1912 4294
1912 5445
1914 2585
1914 4166
1920 216
1920 691
1920 841
1920 3488
1920 4856
1922 83
1922 770
1922 804
1922 3403
1922 4288
1932 168
1932 2826
1932 2871
1932 3028
1932 3223
1932 3561
1932 3598
1932 3657
1932 4677
1939 2630
1939 2674
1939 4187
1940 53
1940 2566
1940 5334
1940 5750
1941 63
1941 1835
1941 2811
1941 2967
1941 5055
1953 972
1953 2403
1953 2828
1953 4113
1957 62
1957 398
1957 1780
1957 2334
1957 4512
1957 4522
1957 5355
1960 1381
1960 2635
1960 2642
1960 3137
1960 3301
1960 4280
1960 4589
1960 5225
1960 5245
1967 401
1967 859
1967 973
1967 5151
1969 616
1969 1044
1969 2523
1969 5133
1970 294
1970 570
1970 927
1970 1036
1970 1500
1970 1648
1970 1841
1970 2540
1970 2656
1970 2969
1970 3224
1970 3370
1970 3610
1970 4051
1970 4154
1970 4622
1970 5073
1970 5661
1978 341
1978 2616
1978 4330
1978 5488
1981 946
1981 1219
1981 2683
1983 3322
1983 3699
1983 4439
1983 4819
1984 2228
1984 3817
1984 4925
1984 5022
2004 192
2004 668
2004 1828
2004 2330
2004 2456
2004 2613
2028 893
2028 1315
2028 3266
2028 3680
2028 4422
2028 5324
2032 109
2032 2070
2032 2498
2032 4388
2043 666
2043 1322
2050 4896
2050 5380
2051 211
2051 593
2051 632
2051 810
2051 3671
2051 4062
2051 4398
2051 4933
2051 5015
2051 5498
2063 664
2063 1114
2063 3405
2063 3861
2063 3970
2063 3986
2063 4831
2065 610
2065 2311
2065 4346
2065 4436
2065 5370
2070 109
2070 2032
2070 2498
2070 4388
2073 59
2073 115
2073 381
2073 420
2073 855
2073 2224
2073 2887
2073 3008
2073 3051
2073 3160
2073 3804
2073 4020
2073 4021
2073 4129
2075 85
2075 624
2075 716
2075 5614
2081 185
2081 508
2081 4623
2081 5085
2084 1304
2084 3071
2084 3446
2084 3817
2084 4955
2087 1223
2087 1357
2087 1488
2087 2643
2087 2665
2087 4747
2087 4752
2087 4791
2087 5318
2090 555
2090 658
2090 767
2090 1043
2090 1548
2090 3369
2090 3410
2090 3704
2090 4794
2090 5668
2091 226
2091 4326
2091 5192
2093 64
2093 386
2093 1477
2093 2630
2093 4132
2093 5635
2093 5718
2094 226
2094 1009
2094 1345
2094 4186
2109 335
2109 726
2109 909
2109 1559
2109 4026
2109 5149
2109 5409
2117 2594
2117 5432
2117 5585
2119 67
2119 180
2119 348
2119 2406
2121 276
2121 462
2121 545
2121 1006
2121 2753
2121 3091
2121 3934
2121 4416
2121 4822
2121 5118
2125 616
2125 931
2125 1046
2125 1569
2125 2153
2129 372
2129 1038
2129 1103
2129 3896
2129 4467
2144 2398
2144 2463
2144 3044
2144 4645
2144 4880
2144 5225
2151 353
2151 1684
2151 2872
2151 3696
2151 4137
2151 4268
2151 5194
2153 616
2153 931
2153 1046
2153 1569
2153 2125
2154 205
2154 1188
2154 2652
2154 3920
2155 315
2155 2230
2155 3404
2155 3854
2155 3884
2155 4154
2155 5162
2155 5248
2159 1534
2159 4629
2170 1158
2170 3473
2170 4044
2171 1536
2171 5086
2171 5127
2187 237
2187 260
2187 1249
2187 3404
2187 3408
2187 5073
2187 5083
2192 1438
2192 1906
2192 3938
2192 3958
2192 4039
2192 4355
2192 4568
2192 4894
2193 204
2193 2258
2193 3521
2193 5082
2195 301
2195 310
2195 366
2195 1456
2195 1872
2195 2937
2195 3893
2195 4134
2195 5512
2202 588
2202 863
2202 1142
2202 2862
2202 3055
2202 3465
2202 4015
2202 4252
2202 4273
2213 851
2213 2645
2213 3119
2213 3439
2213 4706
2213 5438
2215 343
2215 4271
2216 2424
2216 2935
2216 3115
2216 3522
2216 4003
2216 4157
2219 1221
2219 4442
2219 5028
2224 59
2224 115
2224 381
2224 420
2224 2073
2224 2887
2224 3008
2224 3051
2224 3160
2224 3804
2224 4129
2225 2786
2225 4377
2227 3352
2227 3933
2227 5606
2228 1984
2228 3817
2228 4925
2228 5022
2230 315
2230 2155
2230 3404
2230 3854
2230 3884
2230 4154
2230 5162
2230 5248
2236 496
2236 566
2236 1196
2236 1460
2236 2620
2236 3534
2236 4311
2254 194
2254 862
2254 1128
2254 1454
2254 1505
2254 1779
2254 3041
2254 3573
2254 4077
2254 4252
2254 4841
2254 4849
2254 5063
2254 5696
2258 204
2258 2193
2258 3521
2258 5082
2266 1390
2266 1793
2266 1825
2266 2827
2266 4464
2268 279
2268 1839
2268 3353
2268 3488
2268 4031
2275 644
2275 3716
2289 1846
2289 2744
2289 5747
2295 829
2295 1256
2295 1615
2295 1814
2295 2361
2295 2397
2295 3251
2295 3300
2295 3460
2295 3827
2295 4548
2295 4932
2295 5158
2295 5694
2297 1772
2297 3181
2297 3622
2297 5125
2299 2577
2299 3545
2299 5610
2307 158
2307 1838
2307 2826
2307 3110
2307 3648
2307 4256
2307 5070
2308 1145
2308 3807
2308 5284
2310 785
2310 3081
2310 3308
2310 3379
2310 3544
2310 3855
2310 4531
2311 610
2311 2065
2311 4346
2311 4436
2311 5370
2312 3995
2312 5191
2314 141
2314 2633
2314 3685
2314 4024
2314 4939
2319 429
2319 5004
2319 5038
2319 5378
2324 4296
2324 4535
2324 5205
2324 5229
2330 192
2330 668
2330 1828
2330 2004
2330 2456
2330 2613
2332 445
2332 599
2332 3647
2332 4444
2332 4971
2333 888
2333 1039
2333 1311
2333 1630
2333 1831
2333 4638
2333 5304
2334 62
2334 398
2334 831
2334 1780
2334 1957
2334 3037
2334 3185
2334 3286
2334 4512
2334 4522
2334 5355
2340 694
2340 1590
2340 2734
2349 907
2349 4226
2352 391
2352 2528
2352 2648
2352 2851
2352 3321
2358 1893
2358 2724
2361 829
2361 1256
2361 1615
2361 1814
2361 2295
2361 3251
2361 4932
2361 5158
2365 707
2365 776
2365 1280
2365 2398
2365 2923
2365 3951
2365 5446
2370 73
2370 133
2370 1106
2370 1687
2370 2756
2370 2760
2370 4691
2374 115
2374 420
2374 787
2374 3029
2374 4326
2374 5614
2380 875
2380 1164
2380 4253
2380 5613
2381 61
2381 5694
2394 113
2394 330
2394 369
2394 473
2394 1072
2394 2792
2394 3313
2394 3955
2397 2295
2397 3300
2397 3827
2397 5694
2398 776
2398 780
2398 1120
2398 2144
2398 2365
2398 2463
2398 2466
2398 3044
2398 4250
2398 4645
2398 4880
2398 5225
2398 5446
2398 5572
2400 808
2400 1042
2400 1095
2400 3363
2403 972
2403 1953
2403 2828
2403 3285
2403 4113
2403 5550
2406 67
2406 180
2406 348
2406 2119
2424 2216
2424 2935
2424 3115
2424 3522
2424 4003
2424 4157
2430 646
2430 4937
2431 1566
2431 1738
2431 2670
2431 5206
2431 5462
2432 2611
2432 3366
2432 4100
2432 5258
2435 19
2435 228
2435 612
2435 931
2435 1007
2435 2598
2435 2721
2435 3155
2435 4318
2435 5091
2435 5122
2446 3806
2446 4295
2446 4649
2446 5574
2447 1271
2447 5373
2451 22
2451 603
2451 691
2451 1439
2451 2816
2451 2933
2451 3966
2451 4718
2451 4866
2456 192
2456 668
2456 1828
2456 2004
2456 2330
2456 2613
2459 313
2459 902
2459 3763
2459 4286
2459 5180
2463 2144
2463 2398
2463 3044
2463 4645
2463 4880
2463 5225
2466 780
2466 1120
2466 2398
2466 4250
2466 5572
2471 1211
2471 3824
2471 4775
2471 4884
2473 342
2473 400
2473 1338
2473 2809
2473 3024
2473 3820
2479 271
2479 984
2479 1849
2479 2772
2479 5129
2479 5292
2480 1161
2480 1174
2480 3695
2480 5278
2480 5371
2483 316
2483 3066
2483 3088
2495 15
2495 203
2495 472
2495 1112
2495 1732
2495 1733
2495 1884
2495 2595
2495 3036
2495 3104
2495 3628
2495 3633
2495 4299
2495 4873
2495 4874
2495 5069
2495 5207
2495 5631
2498 109
2498 2032
2498 2070
2498 4388
2501 85
2501 1213
2501 3919
2501 5379
2505 702
2505 761
2505 1704
2505 4367
2505 5109
2509 1241
2509 1470
2509 1687
2509 2898
2509 3130
2510 1187
2510 3108
2523 235
2523 616
2523 734
2523 1044
2523 1596
2523 1969
2523 3070
2523 5133
2523 5150
2523 5202
2528 391
2528 2352
2528 2648
2528 2851
2528 3321
2533 707
2533 974
2533 1027
2533 1088
2533 5032
2537 84
2537 571
2537 2856
2537 4208
2537 5088
2537 5277
2540 294
2540 1036
2540 1500
2540 1970
2540 2656
2540 2969
2540 3610
2540 4622
2556 640
2556 901
2556 2843
2556 4065
2556 5482
2557 375
2557 2636
2557 4212
2557 4880
2557 5677
2563 3964
2563 4363
2563 4600
2566 53
2566 1940
2566 5334
2566 5750
2577 2299
2577 3545
2577 5610
2585 1914
2585 4166
2586 31
2586 434
2586 1133
2586 1380
2586 5732
2587 545
2587 2683
2587 4028
2587 4447
2594 2117
2594 5432
2594 5585
2595 15
2595 203
2595 472
2595 1112
2595 1732
2595 1733
2595 1884
2595 2495
2595 3036
2595 3104
2595 3628
2595 3633
2595 4299
2595 4873
2595 4874
2595 5069
2595 5207
2595 5631
2598 19
2598 228
2598 612
2598 931
2598 1007
2598 2435
2598 2721
2598 3155
2598 5122
2606 639
2606 3350
2606 3427
2606 3741
2611 2432
2611 3366
2611 4100
2611 5258
2613 192
2613 668
2613 1828
2613 2004
2613 2330
2613 2456
2616 341
2616 1978
2616 4330
2616 5488
2620 496
2620 566
2620 1196
2620 1460
2620 2236
2620 3534
2620 4311
2624 44
2624 412
2624 692
2624 841
2624 931
2624 1004
2624 1172
2624 1408
2624 1461
2624 1693
2624 2914
2624 2931
2624 4108
2624 4433
2624 5711
2626 3850
2626 4579
2626 5235
2630 64
2630 386
2630 1477
2630 1939
2630 2093
2630 2674
2630 4132
2630 4187
2630 5635
2630 5718
2631 1062
2631 2921
2631 4353
2631 4374
2631 4801
2631 4907
2631 5064
2633 141
2633 182
2633 916
2633 2314
2633 3685
2633 4024
2633 4939
2633 5227
2635 1381
2635 1960
2635 5245
2636 375
2636 2557
2636 4212
2636 4880
2636 5677
2642 1960
2642 3137
2642 3301
2642 4280
2642 4589
2642 5225
2643 714
2643 1106
2643 1223
2643 1357
2643 1488
2643 1687
2643 1841
2643 2087
2643 2665
2643 2752
2643 3150
2643 3410
2643 3474
2643 3745
2643 3940
2643 4251
2643 4747
2643 4752
2643 4791
2643 5274
2643 5318
2645 851
2645 2213
2645 3119
2645 3439
2645 4706
2645 5438
2648 391
2648 2352
2648 2528
2648 2851
2648 3321
2652 205
2652 1188
2652 2154
2652 3920
2656 294
2656 1036
2656 1500
2656 1970
2656 2540
2656 2969
2656 3610
2656 4622
2665 1223
2665 1357
2665 1488
2665 2087
2665 2643
2665 4747
2665 4752
2665 4791
2665 5318
2669 990
2669 1827
2669 3282
2669 3763
2669 5450
2670 1566
2670 1738
2670 2431
2670 5206
2670 5462
2673 767
2673 1300
2673 1797
2674 1939
2674 2630
2674 4187
2677 1723
2677 5346
2680 4984
2683 545
2683 946
2683 1219
2683 1981
2683 2587
2683 4028
2683 4447
2692 703
2692 829
2692 1296
2692 1694
2692 1760
2692 4563
2692 5532
2692 5594
2706 349
2706 1377
2709 828
2709 4100
2709 4183
2709 4885
2715 840
2715 1719
2719 752
2719 1638
2719 4302
2719 4351
2719 4369
2721 19
2721 89
2721 228
2721 612
2721 728
2721 788
2721 931
2721 1007
2721 1462
2721 2435
2721 2598
2721 2777
2721 3075
2721 3155
2721 3634
2721 3751
2721 4043
2721 4491
2721 5122
2721 5276
2724 1893
2724 2358
2734 694
2734 1590
2734 2340
2744 1846
2744 2289
2744 5747
2747 732
2747 1026
2747 1346
2747 4313
2747 4870
2752 714
2752 1106
2752 2643
2752 3474
2752 4251
2752 5274
2753 276
2753 545
2753 1542
2753 1877
2753 2121
2753 2766
2753 3604
2753 3934
2753 4416
2753 4429
2753 4470
2753 4822
2753 5172
2756 73
2756 133
2756 472
2756 1687
2756 2370
2756 3410
2756 3503
2756 4031
2760 1106
2760 2370
2760 4691
2762 94
2762 4378
2762 5609
2766 1542
2766 1877
2766 2753
2766 3604
2766 4429
2766 4470
2766 5172
2772 271
2772 984
2772 1849
2772 2479
2772 5129
2772 5292
2777 89
2777 728
2777 788
2777 1462
2777 2721
2777 3075
2777 3634
2777 3751
2777 4043
2777 4491
2777 5276
2779 2846
2779 4620
2786 2225
2786 4377
2792 113
2792 330
2792 369
2792 473
2792 1072
2792 2394
2792 3313
2792 3955
2803 281
2803 648
2803 3007
2803 4338
2803 4549
2803 5740
2809 342
2809 400
2809 1338
2809 2473
2809 3024
2809 3820
2811 63
2811 1835
2811 1941
2811 2967
2811 5055
2813 1002
2813 1547
2813 2913
2813 3319
2813 3341
2813 3932
2813 5467
2816 22
2816 603
2816 691
2816 1439
2816 2451
2816 2933
2816 3966
2816 4718
2816 4866
2819 1350
2819 1614
2826 158
2826 1838
2826 1932
2826 2307
2826 2871
2826 3028
2826 3110
2826 3223
2826 3598
2826 3648
2826 3657
2826 4256
2826 4677
2826 5070
2827 1390
2827 1793
2827 1825
2827 2266
2827 4464
2828 972
2828 1953
2828 2403
2828 4113
2831 1238
2831 1912
2831 4294
2831 5445
2843 640
2843 901
2843 2556
2843 4065
2843 5482
2846 2779
2846 4620
2851 391
2851 2352
2851 2528
2851 2648
2851 3321
2856 84
2856 571
2856 2537
2856 4208
2856 5088
2856 5277
2862 588
2862 863
2862 1142
2862 2202
2862 3055
2862 3465
2862 4015
2862 4252
2862 4273
2871 1932
2871 2826
2871 3028
2871 3223
2871 3598
2871 3657
2871 4677
2872 353
2872 1684
2872 2151
2872 3696
2872 4137
2872 4268
2872 5194
2886 3391
2886 3581
2886 3985
2886 4053
2886 4093
2886 4598
2886 4817
2886 5540
2886 5679
2887 59
2887 115
2887 381
2887 420
2887 2073
2887 2224
2887 3008
2887 3051
2887 3160
2887 3804
2887 4129
2898 4
2898 1023
2898 1241
2898 1470
2898 1687
2898 2509
2898 2919
2898 3130
2898 3137
2898 3852
2898 4375
2898 4965
2898 5236
2898 5320
2898 5514
2908 252
2908 4965
2913 1002
2913 1547
2913 2813
2913 3319
2913 3341
2913 3932
2913 5467
2914 44
2914 841
2914 931
2914 1004
2914 1172
2914 1693
2914 2624
2914 4108
2916 1246
2916 3369
2916 3614
2916 4147
2918 3902
2918 4143
2918 4193
2918 5354
2919 4
2919 2898
2919 4375
2919 5236
2919 5320
2921 2631
2921 4801
2921 5064
2923 707
2923 1280
2923 2365
2923 3951
2931 412
2931 692
2931 1408
2931 1461
2931 2624
2931 4433
2931 5711
2933 22
2933 603
2933 691
2933 1439
2933 2451
2933 2816
2933 3966
2933 4718
2933 4866
2935 2216
2935 2424
2935 3115
2935 3522
2935 4003
2935 4157
2937 301
2937 310
2937 366
2937 1456
2937 1872
2937 2195
2937 3893
2937 4134
2937 5512
2943 54
2943 3053
2943 3145
2943 4038
2943 4540
2943 4611
2943 5369
2961 422
2961 804
2961 1576
2961 5401
2967 63
2967 647
2967 1216
2967 1284
2967 1594
2967 1835
2967 1941
2967 2811
2967 3193
2967 4234
2967 5055
2969 294
2969 1036
2969 1500
2969 1970
2969 2540
2969 2656
2969 3610
2969 4622
2995 23
2995 3253
3007 281
3007 648
3007 2803
3007 4338
3007 4549
3007 5740
3008 59
3008 115
3008 381
3008 420
3008 2073
3008 2224
3008 2887
3008 3051
3008 3160
3008 3804
3008 4129
3014 68
3014 475
3014 737
3014 1124
3014 1260
3014 1715
3014 4098
3014 5043
3014 5372
3018 767
3018 1452
3018 3027
3018 3054
3018 3503
3024 342
3024 400
3024 1338
3024 2473
3024 2809
3024 3820
3027 767
3027 1452
3027 3018
3027 3054
3027 3503
3028 1932
3028 2826
3028 2871
3028 3223
3028 3598
3028 3657
3028 4677
3029 115
3029 420
3029 787
3029 2374
3029 4326
3029 5614
3032 216
3032 372
3032 5431
3033 229
3033 336
3033 1325
3033 1357
3033 1373
3033 1644
3033 1848
3033 3621
3033 3852
3033 4156
3033 4186
3033 5025
3033 5033
3033 5557
3034 3260
3034 4219
3036 15
3036 203
3036 276
3036 393
3036 472
3036 500
3036 978
3036 1001
3036 1112
3036 1566
3036 1732
3036 1733
3036 1884
3036 2495
3036 2595
3036 3075
3036 3104
3036 3621
3036 3628
3036 3633
3036 4278
3036 4299
3036 4873
3036 4874
3036 5069
3036 5207
3036 5631
3037 831
3037 2334
3037 3185
3037 3286
3041 194
3041 862
3041 1128
3041 1454
3041 1505
3041 1779
3041 2254
3041 3573
3041 4077
3041 4252
3041 4841
3041 4849
3041 5063
3041 5696
3043 500
3043 1488
3043 4743
3043 5712
3044 2144
3044 2398
3044 2463
3044 4645
3044 4880
3044 5225
3047 484
3047 620
3047 1817
3047 3342
3047 3469
3047 3666
3047 4746
3047 4826
3047 4832
3047 5411
3051 59
3051 115
3051 381
3051 420
3051 2073
3051 2224
3051 2887
3051 3008
3051 3160
3051 3804
3051 4129
3053 2943
3053 3145
3053 4540
3054 767
3054 1452
3054 3018
3054 3027
3054 3503
3055 588
3055 863
3055 1142
3055 2202
3055 2862
3055 3465
3055 4015
3055 4252
3055 4273
3066 316
3066 2483
3066 3088
3070 235
3070 734
3070 1596
3070 2523
3070 5150
3070 5202
3071 1304
3071 2084
3071 3446
3071 3817
3071 4955
3074 1220
3074 1662
3074 3128
3074 5603
3075 89
3075 500
3075 728
3075 788
3075 1001
3075 1462
3075 1566
3075 2721
3075 2777
3075 3036
3075 3621
3075 3634
3075 3751
3075 4043
3075 4491
3075 5276
3081 2310
3081 3308
3081 3379
3087 1519
3087 3532
3087 4219
3088 316
3088 2483
3088 3066
3091 462
3091 1006
3091 2121
3091 5118
3102 396
3102 3198
3102 3827
3104 15
3104 203
3104 472
3104 1112
3104 1732
3104 1733
3104 1884
3104 2495
3104 2595
3104 3036
3104 3628
3104 3633
3104 4299
3104 4873
3104 4874
3104 5069
3104 5207
3104 5631
3108 1187
3108 2510
3110 158
3110 1838
3110 2307
3110 2826
3110 3648
3110 4256
3110 5070
3115 2216
3115 2424
3115 2935
3115 3522
3115 4003
3115 4157
3117 3217
3117 3588
3117 4049
3119 851
3119 2213
3119 2645
3119 3439
3119 4706
3119 5438
3128 1220
3128 1662
3128 3074
3128 5603
3130 1241
3130 1470
3130 1687
3130 2509
3130 2898
3132 1078
3132 5365
3137 1023
3137 1960
3137 2642
3137 2898
3137 3301
3137 3852
3137 4280
3137 4589
3137 4965
3137 5225
3137 5514
3140 479
3140 1114
3140 3865
3140 4255
3145 2943
3145 3053
3145 4540
3150 1687
3150 1841
3150 2643
3150 3410
3150 3745
3150 3940
3155 19
3155 228
3155 612
3155 931
3155 1007
3155 2435
3155 2598
3155 2721
3155 5122
3160 59
3160 115
3160 381
3160 420
3160 2073
3160 2224
3160 2887
3160 3008
3160 3051
3160 3804
3160 4129
3163 4102
3163 4862
3165 1
3165 547
3165 1880
3165 4514
3165 5518
3167 107
3167 1127
3167 3659
3167 3825
3167 4061
3173 17
3173 924
3173 1051
3173 4665
3173 5627
3179 758
3179 3301
3179 5596
3181 1772
3181 2297
3181 3622
3181 5125
3185 831
3185 2334
3185 3037
3185 3286
3193 647
3193 1216
3193 1284
3193 1594
3193 2967
3193 3894
3193 4234
3193 4269
3193 4330
3193 5488
3198 396
3198 3102
3198 3827
3217 3117
3217 3588
3217 4049
3223 1932
3223 2826
3223 2871
3223 3028
3223 3598
3223 3657
3223 4677
3224 570
3224 927
3224 1648
3224 1841
3224 1970
3224 3370
3224 4051
3224 4154
3224 5073
3224 5661
3251 829
3251 1256
3251 1615
3251 1814
3251 2295
3251 2361
3251 4932
3251 5158
3253 23
3253 2995
3260 3034
3260 4219
3266 893
3266 1315
3266 2028
3266 3680
3266 4422
3266 5324
3269 575
3269 5420
3275 4860
3275 4924
3275 5291
3278 905
3278 3392
3278 3393
3278 4414
3278 5467
3282 990
3282 1827
3282 2669
3282 3763
3282 5450
3285 2403
3285 5550
3286 831
3286 2334
3286 3037
3286 3185
3296 675
3296 1328
3296 1840
3296 4282
3296 5545
3300 2295
3300 2397
3300 3827
3300 5694
3301 758
3301 1960
3301 2642
3301 3137
3301 3179
3301 4280
3301 4589
3301 5225
3301 5596
3308 2310
3308 3081
3308 3379
3313 113
3313 330
3313 369
3313 473
3313 1072
3313 2394
3313 2792
3313 3955
3314 546
3314 4616
3319 1002
3319 1547
3319 2813
3319 2913
3319 3341
3319 3932
3319 5467
3320 1706
3320 4473
3321 391
3321 2352
3321 2528
3321 2648
3321 2851
3322 624
3322 1983
3322 3699
3322 4439
3322 4819
3326 147
3326 4447
3326 5205
3326 5602
3328 1566
3328 4042
3341 1002
3341 1547
3341 2813
3341 2913
3341 3319
3341 3932
3341 5467
3342 484
3342 620
3342 1817
3342 3047
3342 3469
3342 3666
3342 4746
3342 4826
3342 4832
3342 5411
3350 639
3350 2606
3350 3427
3350 3741
3352 2227
3352 3933
3352 5606
3353 279
3353 1839
3353 2268
3353 3488
3353 4031
3355 304
3355 4200
3355 4660
3355 4697
3355 5087
3362 292
3362 1107
3362 3761
3363 808
3363 1042
3363 1095
3363 2400
3364 1384
3364 3869
3364 4555
3366 2432
3366 2611
3366 4100
3366 5258
3369 692
3369 767
3369 1246
3369 2090
3369 2916
3369 3409
3369 3463
3369 3614
3369 3704
3369 4147
3369 4794
3369 5668
3370 570
3370 927
3370 1648
3370 1841
3370 1970
3370 3224
3370 4051
3370 4154
3370 5073
3370 5661
3379 2310
3379 3081
3379 3308
3390 553
3390 826
3390 931
3390 1323
3390 1783
3390 3499
3390 5382
3391 2886
3391 3581
3391 3985
3391 4053
3391 4093
3391 4598
3391 4817
3391 5540
3391 5679
3392 905
3392 3278
3392 3393
3392 4414
3392 5467
3393 905
3393 3278
3393 3392
3393 4414
3393 5467
3394 797
3394 3827
3394 4072
3403 83
3403 770
3403 804
3403 1922
3403 4288
3404 237
3404 260
3404 315
3404 1249
3404 2155
3404 2187
3404 2230
3404 3408
3404 3854
3404 3884
3404 4154
3404 5073
3404 5083
3404 5162
3404 5248
3405 664
3405 1114
3405 2063
3405 3861
3405 3970
3405 3986
3405 4831
3408 237
3408 260
3408 1249
3408 2187
3408 3404
3408 5073
3408 5083
3409 692
3409 3369
3409 3463
3409 3704
3410 472
3410 555
3410 658
3410 1043
3410 1548
3410 1687
3410 1841
3410 2090
3410 2643
3410 2756
3410 3150
3410 3503
3410 3745
3410 3940
3410 4031
3427 639
3427 2606
3427 3350
3427 3741
3439 851
3439 2213
3439 2645
3439 3119
3439 4706
3439 5438
3446 1304
3446 2084
3446 3071
3446 3817
3446 4955
3460 2295
3460 4548
3463 692
3463 3369
3463 3409
3463 3704
3465 588
3465 863
3465 1142
3465 2202
3465 2862
3465 3055
3465 4015
3465 4252
3465 4273
3469 484
3469 620
3469 1817
3469 3047
3469 3342
3469 3666
3469 4746
3469 4826
3469 4832
3469 5411
3473 1158
3473 2170
3473 4044
3474 714
3474 1106
3474 2643
3474 2752
3474 4251
3474 5274
3484 637
3484 758
3484 1337
3484 4037
3488 216
3488 279
3488 691
3488 841
3488 1839
3488 1920
3488 2268
3488 3353
3488 4031
3488 4856
3499 553
3499 661
3499 826
3499 931
3499 1323
3499 1717
3499 1783
3499 3390
3499 3875
3499 4515
3499 4806
3499 5128
3499 5382
3503 472
3503 767
3503 1452
3503 2756
3503 3018
3503 3027
3503 3054
3503 3410
3503 4031
3521 204
3521 2193
3521 2258
3521 5082
3522 2216
3522 2424
3522 2935
3522 3115
3522 4003
3522 4157
3532 1519
3532 3087
3532 4219
3534 496
3534 566
3534 1196
3534 1460
3534 2236
3534 2620
3534 4311
3544 785
3544 2310
3544 3855
3544 4531
3545 2299
3545 2577
3545 5610
3557 134
3557 1156
3557 1752
3561 168
3561 1932
3565 1842
3565 4095
3565 4267
3565 4537
3565 4691
3565 5464
3573 194
3573 862
3573 1128
3573 1454
3573 1505
3573 1779
3573 2254
3573 3041
3573 4077
3573 4252
3573 4841
3573 4849
3573 5063
3573 5696
3581 2886
3581 3391
3581 3985
3581 4053
3581 4093
3581 4598
3581 4817
3581 5540
3581 5679
3588 3117
3588 3217
3588 4049
3598 1932
3598 2826
3598 2871
3598 3028
3598 3223
3598 3657
3598 4677
3604 1542
3604 1877
3604 2753
3604 2766
3604 4429
3604 4470
3604 5172
3610 294
3610 1036
3610 1500
3610 1970
3610 2540
3610 2656
3610 2969
3610 4622
3614 1246
3614 2916
3614 3369
3614 4147
3621 500
3621 1001
3621 1357
3621 1566
3621 3033
3621 3036
3621 3075
3621 3852
3621 4186
3622 1772
3622 2297
3622 3181
3622 5125
3628 15
3628 203
3628 472
3628 1112
3628 1732
3628 1733
3628 1884
3628 2495
3628 2595
3628 3036
3628 3104
3628 3633
3628 4299
3628 4873
3628 4874
3628 5069
3628 5207
3628 5631
3633 15
3633 203
3633 472
3633 1112
3633 1732
3633 1733
3633 1884
3633 2495
3633 2595
3633 3036
3633 3104
3633 3628
3633 4299
3633 4873
3633 4874
3633 5069
3633 5207
3633 5631
3634 89
3634 728
3634 788
3634 1462
3634 2721
3634 2777
3634 3075
3634 3751
3634 4043
3634 4491
3634 5276
3638 275
3638 367
3638 1298
3638 1643
3638 1649
3638 1895
3638 5303
3647 445
3647 599
3647 2332
3647 4444
3647 4971
3648 158
3648 1838
3648 2307
3648 2826
3648 3110
3648 4256
3648 5070
3657 1932
3657 2826
3657 2871
3657 3028
3657 3223
3657 3598
3657 4677
3659 107
3659 1127
3659 3167
3659 3825
3659 4061
3666 484
3666 620
3666 1817
3666 3047
3666 3342
3666 3469
3666 4746
3666 4826
3666 4832
3666 5411
3671 593
3671 2051
3671 4062
3671 4933
3671 5015
3671 5498
3680 893
3680 1315
3680 2028
3680 3266
3680 4422
3680 5324
3685 141
3685 2314
3685 2633
3685 4024
3685 4939
3695 1161
3695 1174
3695 2480
3695 5278
3695 5371
3696 353
3696 1684
3696 2151
3696 2872
3696 4137
3696 4268
3696 5194
3699 1983
3699 3322
3699 4439
3699 4819
3704 577
3704 692
3704 767
3704 1588
3704 2090
3704 3369
3704 3409
3704 3463
3704 4794
3704 5668
3711 102
3711 3719
3716 644
3716 2275
3719 102
3719 3711
3741 639
3741 2606
3741 3350
3741 3427
3745 1687
3745 1841
3745 2643
3745 3150
3745 3410
3745 3940
3751 89
3751 728
3751 788
3751 1462
3751 2721
3751 2777
3751 3075
3751 3634
3751 4043
3751 4491
3751 5276
3758 5242
3758 5734
3761 292
3761 1107
3761 3362
3762 4270
3762 5424
3763 313
3763 902
3763 990
3763 1827
3763 2459
3763 2669
3763 3282
3763 4286
3763 5180
3763 5450
3777 226
3777 435
3777 624
3777 1067
3777 1750
3777 4287
3777 4511
3777 5009
3804 59
3804 115
3804 381
3804 420
3804 2073
3804 2224
3804 2887
3804 3008
3804 3051
3804 3160
3804 4129
3806 2446
3806 4295
3806 4649
3806 5574
3807 1145
3807 2308
3807 5284
3817 1304
3817 1984
3817 2084
3817 2228
3817 3071
3817 3446
3817 4925
3817 4955
3817 5022
3820 342
3820 400
3820 1338
3820 2473
3820 2809
3820 3024
3824 1211
3824 2471
3824 4884
3825 107
3825 1127
3825 3167
3825 3659
3825 4061
3827 396
3827 797
3827 2295
3827 2397
3827 3102
3827 3198
3827 3300
3827 3394
3827 4072
3827 5694
3842 754
3842 5044
3850 2626
3850 4579
3850 5235
3852 1023
3852 1357
3852 2898
3852 3033
3852 3137
3852 3621
3852 4186
3852 4965
3852 5514
3854 315
3854 2155
3854 2230
3854 3404
3854 3884
3854 4154
3854 5162
3854 5248
3855 785
3855 2310
3855 3544
3855 4531
3857 8
3857 582
3857 594
3857 5441
3861 664
3861 1114
3861 2063
3861 3405
3861 3970
3861 3986
3861 4831
3865 479
3865 1114
3865 3140
3865 4255
3869 1384
3869 3364
3869 4555
3872 1619
3872 5160
3875 661
3875 1717
3875 3499
3875 4515
3875 4806
3875 5128
3882 656
3882 4242
3882 4632
3884 315
3884 2155
3884 2230
3884 3404
3884 3854
3884 4154
3884 5162
3884 5248
3893 301
3893 310
3893 366
3893 1456
3893 1872
3893 2195
3893 2937
3893 4134
3893 5512
3894 647
3894 3193
3894 4269
3894 4330
3894 5488
3896 372
3896 1038
3896 1103
3896 2129
3896 4467
3902 2918
3902 4143
3902 4193
3902 5354
3903 5351
3919 85
3919 1213
3919 2501
3919 5379
3920 205
3920 1188
3920 2154
3920 2652
3932 1002
3932 1547
3932 2813
3932 2913
3932 3319
3932 3341
3932 5467
3933 2227
3933 3352
3933 5606
3934 276
3934 545
3934 2121
3934 2753
3934 4416
3934 4822
3938 1438
3938 1906
3938 2192
3938 3958
3938 4039
3938 4355
3938 4568
3938 4894
3939 1066
3939 1840
3939 5161
3940 1687
3940 1841
3940 2643
3940 3150
3940 3410
3940 3745
3951 707
3951 1280
3951 2365
3951 2923
3955 113
3955 330
3955 369
3955 473
3955 1072
3955 2394
3955 2792
3955 3313
3958 1438
3958 1906
3958 2192
3958 3938
3958 4039
3958 4355
3958 4568
3958 4894
3964 2563
3964 4363
3964 4600
3966 22
3966 603
3966 691
3966 1439
3966 2451
3966 2816
3966 2933
3966 4718
3966 4866
3970 664
3970 1114
3970 2063
3970 3405
3970 3861
3970 3986
3970 4831
3975 249
3975 583
3975 1380
3975 4617
3985 2886
3985 3391
3985 3581
3985 4053
3985 4093
3985 4598
3985 4817
3985 5540
3985 5679
3986 664
3986 1114
3986 2063
3986 3405
3986 3861
3986 3970
3986 4831
3994 1524
3994 4562
3994 4625
3994 5075
3994 5437
3995 2312
3995 5191
4000 1606
4000 4619
4000 5519
4003 2216
4003 2424
4003 2935
4003 3115
4003 3522
4003 4157
4015 588
4015 863
4015 1142
4015 2202
4015 2862
4015 3055
4015 3465
4015 4252
4015 4273
4020 855
4020 2073
4020 4021
4020 4129
4021 855
4021 2073
4021 4020
4021 4129
4024 141
4024 2314
4024 2633
4024 3685
4024 4939
4026 335
4026 726
4026 909
4026 1559
4026 2109
4026 5149
4026 5409
4028 545
4028 2587
4028 2683
4028 4447
4031 279
4031 472
4031 1839
4031 2268
4031 2756
4031 3353
4031 3410
4031 3488
4031 3503
4037 637
4037 758
4037 1337
4037 3484
4038 54
4038 2943
4038 4611
4038 5369
4039 1438
4039 1906
4039 2192
4039 3938
4039 3958
4039 4355
4039 4568
4039 4894
4042 1566
4042 3328
4043 89
4043 728
4043 788
4043 1462
4043 2721
4043 2777
4043 3075
4043 3634
4043 3751
4043 4491
4043 5276
4044 1158
4044 2170
4044 3473
4049 3117
4049 3217
4049 3588
4051 570
4051 927
4051 1648
4051 1841
4051 1970
4051 3224
4051 3370
4051 4154
4051 5073
4051 5661
4053 2886
4053 3391
4053 3581
4053 3985
4053 4093
4053 4598
4053 4817
4053 5540
4053 5679
4061 107
4061 1127
4061 1636
4061 3167
4061 3659
4061 3825
4061 5132
4062 211
4062 243
4062 593
4062 608
4062 632
4062 714
4062 715
4062 810
4062 1409
4062 1769
4062 2051
4062 3671
4062 4398
4062 4643
4062 4797
4062 4933
4062 4970
4062 5015
4062 5396
4062 5498
4062 5670
4065 640
4065 901
4065 2556
4065 2843
4065 5482
4072 797
4072 3394
4072 3827
4075 577
4077 194
4077 862
4077 1128
4077 1454
4077 1505
4077 1779
4077 2254
4077 3041
4077 3573
4077 4252
4077 4841
4077 4849
4077 5063
4077 5696
4079 5130
4079 5383
4081 1070
4081 4184
4081 4750
4081 4981
4081 5049
4093 2886
4093 3391
4093 3581
4093 3985
4093 4053
4093 4598
4093 4817
4093 5540
4093 5679
4095 1842
4095 3565
4095 4267
4095 4537
4095 4691
4095 5464
4098 68
4098 475
4098 737
4098 1124
4098 1260
4098 1715
4098 3014
4098 5043
4098 5372
4100 828
4100 2432
4100 2611
4100 2709
4100 3366
4100 4183
4100 4885
4100 5258
4102 3163
4102 4862
4108 44
4108 841
4108 931
4108 1004
4108 1172
4108 1693
4108 2624
4108 2914
4113 110
4113 972
4113 1953
4113 2403
4113 2828
4113 5069
4113 5111
4129 59
4129 115
4129 381
4129 420
4129 855
4129 2073
4129 2224
4129 2887
4129 3008
4129 3051
4129 3160
4129 3804
4129 4020
4129 4021
4132 64
4132 386
4132 1477
4132 2093
4132 2630
4132 5635
4132 5718
4134 301
4134 310
4134 366
4134 1456
4134 1872
4134 2195
4134 2937
4134 3893
4134 5512
4137 353
4137 1684
4137 2151
4137 2872
4137 3696
4137 4268
4137 5194
4143 2918
4143 3902
4143 4193
4143 5354
4147 1246
4147 2916
4147 3369
4147 3614
4154 315
4154 570
4154 927
4154 1648
4154 1841
4154 1970
4154 2155
4154 2230
4154 3224
4154 3370
4154 3404
4154 3854
4154 3884
4154 4051
4154 5073
4154 5162
4154 5248
4154 5661
4156 229
4156 1357
4156 1373
4156 1848
4156 3033
4157 2216
4157 2424
4157 2935
4157 3115
4157 3522
4157 4003
4166 1914
4166 2585
4168 972
4168 4665
4168 4790
4168 4791
4168 5599
4172 1548
4172 4679
4172 4883
4176 352
4176 1671
4176 4222
4176 4486
4176 5018
4176 5064
4176 5686
4183 828
4183 2709
4183 4100
4183 4885
4184 1070
4184 4081
4184 4750
4184 4981
4184 5049
4186 226
4186 1009
4186 1345
4186 1357
4186 1823
4186 2094
4186 3033
4186 3621
4186 3852
4186 4713
4186 5133
4186 5413
4186 5557
4187 1939
4187 2630
4187 2674
4193 2918
4193 3902
4193 4143
4193 5354
4200 304
4200 3355
4200 4660
4200 4697
4200 5087
4208 84
4208 571
4208 2537
4208 2856
4208 5088
4208 5277
4212 375
4212 2557
4212 2636
4212 4880
4212 5677
4219 1519
4219 3034
4219 3087
4219 3260
4219 3532
4222 4176
4222 5686
4226 907
4226 2349
4234 647
4234 1216
4234 1284
4234 1594
4234 2967
4234 3193
4242 656
4242 3882
4242 4632
4250 780
4250 1120
4250 2398
4250 2466
4250 5572
4251 714
4251 1106
4251 2643
4251 2752
4251 3474
4251 5274
4252 194
4252 404
4252 588
4252 862
4252 863
4252 1128
4252 1142
4252 1454
4252 1505
4252 1779
4252 2202
4252 2254
4252 2862
4252 3041
4252 3055
4252 3465
4252 3573
4252 4015
4252 4077
4252 4273
4252 4841
4252 4849
4252 5063
4252 5696
4253 875
4253 1164
4253 2380
4253 5613
4255 479
4255 1114
4255 3140
4255 3865
4256 158
4256 1838
4256 2307
4256 2826
4256 3110
4256 3648
4256 5070
4262 1395
4262 5080
4267 1842
4267 3565
4267 4095
4267 4537
4267 4691
4267 5464
4268 353
4268 1684
4268 2151
4268 2872
4268 3696
4268 4137
4268 5194
4269 647
4269 3193
4269 3894
4269 4330
4269 5488
4270 3762
4270 5424
4271 343
4271 2215
4273 588
4273 863
4273 1142
4273 2202
4273 2862
4273 3055
4273 3465
4273 4015
4273 4252
4277 813
4277 4855
4277 5328
4277 5401
4278 276
4278 393
4278 978
4278 3036
4280 1960
4280 2642
4280 3137
4280 3301
4280 4589
4280 5225
4282 675
4282 1328
4282 1840
4282 3296
4282 5545
4286 313
4286 902
4286 2459
4286 3763
4286 5180
4287 1750
4287 3777
4287 4511
4288 83
4288 770
4288 804
4288 1922
4288 3403
4294 1238
4294 1912
4294 2831
4294 5445
4295 2446
4295 3806
4295 4649
4295 5574
4296 2324
4296 4535
4296 5205
4296 5229
4299 15
4299 203
4299 472
4299 1112
4299 1732
4299 1733
4299 1884
4299 2495
4299 2595
4299 3036
4299 3104
4299 3628
4299 3633
4299 4873
4299 4874
4299 5069
4299 5207
4299 5631
4302 752
4302 1638
4302 2719
4302 4351
4302 4369
4311 496
4311 566
4311 1196
4311 1460
4311 2236
4311 2620
4311 3534
4313 732
4313 1026
4313 1346
4313 2747
4313 4870
4318 2435
4318 5091
4326 115
4326 226
4326 420
4326 787
4326 2091
4326 2374
4326 3029
4326 5192
4326 5614
4330 341
4330 647
4330 1978
4330 2616
4330 3193
4330 3894
4330 4269
4330 5488
4338 281
4338 648
4338 2803
4338 3007
4338 4549
4338 5740
4346 610
4346 2065
4346 2311
4346 4436
4346 5370
4351 752
4351 1638
4351 2719
4351 4302
4351 4369
4353 1062
4353 2631
4353 4374
4353 4907
4355 1438
4355 1906
4355 2192
4355 3938
4355 3958
4355 4039
4355 4568
4355 4894
4357 1119
4357 1755
4357 5134
4357 5503
4363 2563
4363 3964
4363 4600
4367 702
4367 761
4367 1704
4367 2505
4367 5109
4369 752
4369 1638
4369 2719
4369 4302
4369 4351
4374 1062
4374 2631
4374 4353
4374 4907
4375 4
4375 2898
4375 2919
4375 5236
4375 5320
4377 2225
4377 2786
4378 94
4378 2762
4378 5609
4387 5634
4388 109
4388 2032
4388 2070
4388 2498
4398 211
4398 593
4398 632
4398 810
4398 2051
4398 4062
4404 1001
4404 1275
4404 4838
4404 4954
4414 905
4414 3278
4414 3392
4414 3393
4414 5467
4416 276
4416 545
4416 2121
4416 2753
4416 3934
4416 4822
4422 893
4422 1315
4422 2028
4422 3266
4422 3680
4422 5324
4429 1542
4429 1877
4429 2753
4429 2766
4429 3604
4429 4470
4429 5172
4432 64
4432 519
4432 1286
4432 1521
4432 4870
4433 412
4433 692
4433 1408
4433 1461
4433 2624
4433 2931
4433 5711
4436 610
4436 2065
4436 2311
4436 4346
4436 5370
4439 624
4439 1005
4439 1376
4439 1755
4439 1983
4439 3322
4439 3699
4439 4819
4442 1221
4442 2219
4442 5028
4444 445
4444 599
4444 2332
4444 3647
4444 4971
4447 147
4447 545
4447 2587
4447 2683
4447 3326
4447 4028
4447 5205
4447 5602
4451 1370
4451 5481
4464 1390
4464 1793
4464 1825
4464 2266
4464 2827
4467 372
4467 1038
4467 1103
4467 2129
4467 3896
4470 1542
4470 1877
4470 2753
4470 2766
4470 3604
4470 4429
4470 5172
4473 1706
4473 3320
4486 352
4486 4176
4486 5064
4491 89
4491 728
4491 788
4491 1462
4491 2721
4491 2777
4491 3075
4491 3634
4491 3751
4491 4043
4491 5276
4495 860
4495 5099
4503 1425
4503 5506
4511 1750
4511 3777
4511 4287
4512 62
4512 398
4512 1780
4512 1957
4512 2334
4512 4522
4512 5355
4514 1
4514 547
4514 1880
4514 3165
4514 5518
4515 661
4515 1717
4515 3499
4515 3875
4515 4806
4515 5128
4522 62
4522 398
4522 1780
4522 1957
4522 2334
4522 4512
4522 5355
4531 785
4531 2310
4531 3544
4531 3855
4535 2324
4535 4296
4535 5205
4535 5229
4537 1842
4537 3565
4537 4095
4537 4267
4537 4691
4537 5464
4540 2943
4540 3053
4540 3145
4541 1666
4541 5124
4548 2295
4548 3460
4549 281
4549 648
4549 2803
4549 3007
4549 4338
4549 5740
4555 1384
4555 3364
4555 3869
4562 1524
4562 3994
4562 4625
4562 5075
4562 5437
4563 703
4563 829
4563 1296
4563 1694
4563 1760
4563 2692
4563 5532
4563 5594
4568 1438
4568 1906
4568 2192
4568 3938
4568 3958
4568 4039
4568 4355
4568 4894
4579 2626
4579 3850
4579 5235
4589 1960
4589 2642
4589 3137
4589 3301
4589 4280
4589 5225
4598 2886
4598 3391
4598 3581
4598 3985
4598 4053
4598 4093
4598 4817
4598 5540
4598 5679
4600 2563
4600 3964
4600 4363
4611 54
4611 2943
4611 4038
4611 5369
4616 546
4616 3314
4617 249
4617 583
4617 1380
4617 3975
4619 1606
4619 4000
4619 5519
4620 2779
4620 2846
4622 294
4622 1036
4622 1500
4622 1970
4622 2540
4622 2656
4622 2969
4622 3610
4623 185
4623 508
4623 2081
4623 5085
4625 1524
4625 3994
4625 4562
4625 5075
4625 5437
4629 1534
4629 2159
4632 656
4632 3882
4632 4242
4638 888
4638 1039
4638 1311
4638 1630
4638 1831
4638 2333
4638 5304
4643 243
4643 608
4643 714
4643 715
4643 1409
4643 1769
4643 4062
4643 4797
4643 4970
4643 5015
4643 5396
4643 5670
4644 262
4644 4911
4644 5168
4644 5222
4644 5262
4645 2144
4645 2398
4645 2463
4645 3044
4645 4880
4645 5225
4649 2446
4649 3806
4649 4295
4649 5574
4660 304
4660 3355
4660 4200
4660 4697
4660 5087
4665 17
4665 924
4665 972
4665 1051
4665 3173
4665 4168
4665 4790
4665 4791
4665 5599
4665 5627
4677 1932
4677 2826
4677 2871
4677 3028
4677 3223
4677 3598
4677 3657
4679 1548
4679 4172
4679 4883
4691 1106
4691 1842
4691 2370
4691 2760
4691 3565
4691 4095
4691 4267
4691 4537
4691 5464
4697 304
4697 3355
4697 4200
4697 4660
4697 5087
4706 851
4706 2213
4706 2645
4706 3119
4706 3439
4706 5438
4713 1823
4713 4186
4713 5133
4713 5413
4718 22
4718 603
4718 691
4718 1439
4718 2451
4718 2816
4718 2933
4718 3966
4718 4866
4743 500
4743 1488
4743 3043
4743 5712
4746 484
4746 620
4746 1817
4746 3047
4746 3342
4746 3469
4746 3666
4746 4826
4746 4832
4746 5411
4747 1223
4747 1357
4747 1488
4747 2087
4747 2643
4747 2665
4747 4752
4747 4791
4747 5318
4750 1070
4750 4081
4750 4184
4750 4981
4750 5049
4752 1223
4752 1357
4752 1488
4752 2087
4752 2643
4752 2665
4752 4747
4752 4791
4752 5318
4762 5277
4775 1211
4775 2471
4790 972
4790 4168
4790 4665
4790 4791
4790 5599
4791 972
4791 1223
4791 1357
4791 1488
4791 2087
4791 2643
4791 2665
4791 4168
4791 4665
4791 4747
4791 4752
4791 4790
4791 5318
4791 5599
4794 767
4794 2090
4794 3369
4794 3704
4794 5668
4797 243
4797 608
4797 714
4797 715
4797 1409
4797 1769
4797 4062
4797 4643
4797 4970
4797 5015
4797 5396
4797 5670
4801 2631
4801 2921
4801 5064
4806 661
4806 1717
4806 3499
4806 3875
4806 4515
4806 5128
4817 2886
4817 3391
4817 3581
4817 3985
4817 4053
4817 4093
4817 4598
4817 5540
4817 5679
4819 1983
4819 3322
4819 3699
4819 4439
4822 276
4822 545
4822 2121
4822 2753
4822 3934
4822 4416
4826 484
4826 620
4826 1817
4826 3047
4826 3342
4826 3469
4826 3666
4826 4746
4826 4832
4826 5411
4831 664
4831 1114
4831 2063
4831 3405
4831 3861
4831 3970
4831 3986
4832 484
4832 620
4832 1817
4832 3047
4832 3342
4832 3469
4832 3666
4832 4746
4832 4826
4832 5411
4838 1001
4838 1275
4838 4404
4838 4954
4841 194
4841 862
4841 1128
4841 1454
4841 1505
4841 1779
4841 2254
4841 3041
4841 3573
4841 4077
4841 4252
4841 4849
4841 5063
4841 5696
4849 194
4849 862
4849 1128
4849 1454
4849 1505
4849 1779
4849 2254
4849 3041
4849 3573
4849 4077
4849 4252
4849 4841
4849 5063
4849 5696
4855 813
4855 4277
4855 5328
4855 5401
4856 216
4856 691
4856 841
4856 1920
4856 3488
4860 3275
4860 4924
4860 5291
4862 3163
4862 4102
4866 22
4866 603
4866 691
4866 1439
4866 2451
4866 2816
4866 2933
4866 3966
4866 4718
4870 64
4870 519
4870 732
4870 1026
4870 1286
4870 1346
4870 1521
4870 2747
4870 4313
4870 4432
4873 15
4873 203
4873 472
4873 1112
4873 1732
4873 1733
4873 1884
4873 2495
4873 2595
4873 3036
4873 3104
4873 3628
4873 3633
4873 4299
4873 4874
4873 5069
4873 5207
4873 5631
4874 15
4874 203
4874 472
4874 1112
4874 1732
4874 1733
4874 1884
4874 2495
4874 2595
4874 3036
4874 3104
4874 3628
4874 3633
4874 4299
4874 4873
4874 5069
4874 5207
4874 5631
4880 375
4880 2144
4880 2398
4880 2463
4880 2557
4880 2636
4880 3044
4880 4212
4880 4645
4880 5225
4880 5677
4883 1548
4883 4172
4883 4679
4884 1211
4884 2471
4884 3824
4885 828
4885 2709
4885 4100
4885 4183
4893 1562
4894 1438
4894 1906
4894 2192
4894 3938
4894 3958
4894 4039
4894 4355
4894 4568
4896 2050
4896 5380
4907 1062
4907 2631
4907 4353
4907 4374
4911 262
4911 4644
4911 5168
4911 5222
4911 5262
4920 1537
4920 4975
4920 5042
4920 5583
4924 3275
4924 4860
4924 5291
4925 1984
4925 2228
4925 3817
4925 5022
4932 829
4932 1256
4932 1615
4932 1814
4932 2295
4932 2361
4932 3251
4932 5158
4933 593
4933 2051
4933 3671
4933 4062
4933 5015
4933 5498
4937 646
4937 2430
4939 141
4939 2314
4939 2633
4939 3685
4939 4024
4942 7
4942 1762
4942 5568
4951 1696
4954 1001
4954 1275
4954 4404
4954 4838
4955 1304
4955 2084
4955 3071
4955 3446
4955 3817
4959 607
4959 1464
4965 252
4965 1023
4965 2898
4965 2908
4965 3137
4965 3852
4965 5514
4970 243
4970 608
4970 714
4970 715
4970 1409
4970 1769
4970 4062
4970 4643
4970 4797
4970 5015
4970 5396
4970 5670
4971 445
4971 599
4971 2332
4971 3647
4971 4444
4975 1537
4975 4920
4975 5042
4975 5583
4981 1070
4981 4081
4981 4184
4981 4750
4981 5049
4984 2680
5004 429
5004 2319
5004 5038
5004 5378
5009 226
5009 435
5009 624
5009 1067
5009 3777
5015 243
5015 593
5015 608
5015 714
5015 715
5015 1409
5015 1769
5015 2051
5015 3671
5015 4062
5015 4643
5015 4797
5015 4933
5015 4970
5015 5396
5015 5498
5015 5670
5016 5152
5018 1671
5018 4176
5022 1984
5022 2228
5022 3817
5022 4925
5025 336
5025 1325
5025 1644
5025 3033
5025 5033
5028 1221
5028 2219
5028 4442
5032 707
5032 974
5032 1027
5032 1088
5032 2533
5033 336
5033 1325
5033 1644
5033 3033
5033 5025
5038 429
5038 2319
5038 5004
5038 5378
5042 1537
5042 4920
5042 4975
5042 5583
5043 68
5043 475
5043 737
5043 1124
5043 1260
5043 1715
5043 3014
5043 4098
5043 5372
5044 754
5044 3842
5049 1070
5049 4081
5049 4184
5049 4750
5049 4981
5051 463
5051 5528
5055 63
5055 1835
5055 1941
5055 2811
5055 2967
5063 194
5063 862
5063 1128
5063 1454
5063 1505
5063 1779
5063 2254
5063 3041
5063 3573
5063 4077
5063 4252
5063 4841
5063 4849
5063 5696
5064 352
5064 591
5064 640
5064 2631
5064 2921
5064 4176
5064 4486
5064 4801
5064 5509
5069 15
5069 110
5069 203
5069 472
5069 1112
5069 1732
5069 1733
5069 1884
5069 2495
5069 2595
5069 3036
5069 3104
5069 3628
5069 3633
5069 4113
5069 4299
5069 4873
5069 4874
5069 5111
5069 5207
5069 5631
5070 158
5070 1838
5070 2307
5070 2826
5070 3110
5070 3648
5070 4256
5073 237
5073 260
5073 570
5073 927
5073 1249
5073 1648
5073 1841
5073 1970
5073 2187
5073 3224
5073 3370
5073 3404
5073 3408
5073 4051
5073 4154
5073 5083
5073 5661
5075 1524
5075 3994
5075 4562
5075 4625
5075 5437
5080 1395
5080 4262
5082 204
5082 2193
5082 2258
5082 3521
5083 237
5083 260
5083 1249
5083 2187
5083 3404
5083 3408
5083 5073
5085 185
5085 508
5085 2081
5085 4623
5086 1536
5086 2171
5086 5127
5087 304
5087 3355
5087 4200
5087 4660
5087 4697
5088 84
5088 571
5088 2537
5088 2856
5088 4208
5088 5277
5091 2435
5091 4318
5099 860
5099 4495
5109 702
5109 761
5109 1704
5109 2505
5109 4367
5111 110
5111 4113
5111 5069
5118 462
5118 1006
5118 2121
5118 3091
5122 19
5122 228
5122 612
5122 931
5122 1007
5122 2435
5122 2598
5122 2721
5122 3155
5124 1666
5124 4541
5125 1772
5125 2297
5125 3181
5125 3622
5127 1536
5127 2171
5127 5086
5128 661
5128 1717
5128 3499
5128 3875
5128 4515
5128 4806
5129 271
5129 984
5129 1849
5129 2479
5129 2772
5129 5292
5130 4079
5130 5383
5132 1636
5132 4061
5133 616
5133 1044
5133 1823
5133 1969
5133 2523
5133 4186
5133 4713
5133 5413
5134 1119
5134 1755
5134 4357
5134 5503
5149 335
5149 726
5149 909
5149 1559
5149 2109
5149 4026
5149 5409
5150 235
5150 734
5150 1596
5150 2523
5150 3070
5150 5202
5151 401
5151 859
5151 973
5151 1967
5152 5016
5158 829
5158 1256
5158 1615
5158 1814
5158 2295
5158 2361
5158 3251
5158 4932
5160 1619
5160 3872
5161 1066
5161 1840
5161 3939
5162 315
5162 2155
5162 2230
5162 3404
5162 3854
5162 3884
5162 4154
5162 5248
5163 312
5163 1013
5163 1365
5163 1415
5168 262
5168 4644
5168 4911
5168 5222
5168 5262
5172 1542
5172 1877
5172 2753
5172 2766
5172 3604
5172 4429
5172 4470
5180 313
5180 902
5180 2459
5180 3763
5180 4286
5191 2312
5191 3995
5192 226
5192 2091
5192 4326
5194 353
5194 1684
5194 2151
5194 2872
5194 3696
5194 4137
5194 4268
5202 235
5202 734
5202 1596
5202 2523
5202 3070
5202 5150
5205 147
5205 2324
5205 3326
5205 4296
5205 4447
5205 4535
5205 5229
5205 5602
5206 1566
5206 1738
5206 2431
5206 2670
5206 5462
5207 15
5207 203
5207 472
5207 1112
5207 1732
5207 1733
5207 1884
5207 2495
5207 2595
5207 3036
5207 3104
5207 3628
5207 3633
5207 4299
5207 4873
5207 4874
5207 5069
5207 5631
5222 262
5222 4644
5222 4911
5222 5168
5222 5262
5225 1960
5225 2144
5225 2398
5225 2463
5225 2642
5225 3044
5225 3137
5225 3301
5225 4280
5225 4589
5225 4645
5225 4880
5227 141
5227 182
5227 916
5227 2633
5229 2324
5229 4296
5229 4535
5229 5205
5235 2626
5235 3850
5235 4579
5236 4
5236 2898
5236 2919
5236 4375
5236 5320
5242 3758
5242 5734
5245 1381
5245 1960
5245 2635
5248 315
5248 2155
5248 2230
5248 3404
5248 3854
5248 3884
5248 4154
5248 5162
5258 2432
5258 2611
5258 3366
5258 4100
5262 262
5262 4644
5262 4911
5262 5168
5262 5222
5274 714
5274 1106
5274 2643
5274 2752
5274 3474
5274 4251
5276 89
5276 728
5276 788
5276 1462
5276 2721
5276 2777
5276 3075
5276 3634
5276 3751
5276 4043
5276 4491
5277 84
5277 571
5277 2537
5277 2856
5277 4208
5277 4762
5277 5088
5278 1161
5278 1174
5278 2480
5278 3695
5278 5371
5284 1145
5284 2308
5284 3807
5291 3275
5291 4860
5291 4924
5292 271
5292 984
5292 1849
5292 2479
5292 2772
5292 5129
5303 275
5303 367
5303 1298
5303 1643
5303 1649
5303 1895
5303 3638
5304 888
5304 1039
5304 1311
5304 1630
5304 1831
5304 2333
5304 4638
5313 545
5313 889
5313 1146
5313 1498
5313 1529
5318 1223
5318 1357
5318 1488
5318 2087
5318 2643
5318 2665
5318 4747
5318 4752
5318 4791
5320 4
5320 2898
5320 2919
5320 4375
5320 5236
5324 893
5324 1315
5324 2028
5324 3266
5324 3680
5324 4422
5328 813
5328 4277
5328 4855
5328 5401
5334 53
5334 1940
5334 2566
5334 5750
5346 1723
5346 2677
5351 3903
5354 2918
5354 3902
5354 4143
5354 4193
5355 62
5355 398
5355 1780
5355 1957
5355 2334
5355 4512
5355 4522
5365 1078
5365 3132
5369 54
5369 2943
5369 4038
5369 4611
5370 610
5370 2065
5370 2311
5370 4346
5370 4436
5371 1161
5371 1174
5371 2480
5371 3695
5371 5278
5372 68
5372 475
5372 737
5372 1124
5372 1260
5372 1715
5372 3014
5372 4098
5372 5043
5373 1271
5373 2447
5378 429
5378 2319
5378 5004
5378 5038
5379 85
5379 1213
5379 2501
5379 3919
5380 2050
5380 4896
5381 1326
5381 1767
5381 5412
5381 5473
5382 553
5382 826
5382 931
5382 1323
5382 1783
5382 3390
5382 3499
5383 4079
5383 5130
5387 137
5387 347
5387 590
5387 5728
5396 243
5396 608
5396 714
5396 715
5396 1409
5396 1769
5396 4062
5396 4643
5396 4797
5396 4970
5396 5015
5396 5670
5401 422
5401 804
5401 813
5401 1576
5401 2961
5401 4277
5401 4855
5401 5328
5409 335
5409 726
5409 909
5409 1559
5409 2109
5409 4026
5409 5149
5411 484
5411 620
5411 1817
5411 3047
5411 3342
5411 3469
5411 3666
5411 4746
5411 4826
5411 4832
5412 1326
5412 1767
5412 5381
5412 5473
5413 1823
5413 4186
5413 4713
5413 5133
5420 575
5420 3269
5424 3762
5424 4270
5431 216
5431 372
5431 3032
5432 2117
5432 2594
5432 5585
5437 1524
5437 3994
5437 4562
5437 4625
5437 5075
5438 851
5438 2213
5438 2645
5438 3119
5438 3439
5438 4706
5441 8
5441 582
5441 594
5441 3857
5445 1238
5445 1912
5445 2831
5445 4294
5446 776
5446 2365
5446 2398
5450 990
5450 1827
5450 2669
5450 3282
5450 3763
5462 1566
5462 1738
5462 2431
5462 2670
5462 5206
5464 1842
5464 3565
5464 4095
5464 4267
5464 4537
5464 4691
5467 905
5467 1002
5467 1547
5467 2813
5467 2913
5467 3278
5467 3319
5467 3341
5467 3392
5467 3393
5467 3932
5467 4414
5473 1326
5473 1767
5473 5381
5473 5412
5481 1370
5481 4451
5482 640
5482 901
5482 2556
5482 2843
5482 4065
5488 341
5488 647
5488 1978
5488 2616
5488 3193
5488 3894
5488 4269
5488 4330
5498 593
5498 2051
5498 3671
5498 4062
5498 4933
5498 5015
5503 1119
5503 1755
5503 4357
5503 5134
5506 1425
5506 4503
5509 591
5509 640
5509 5064
5512 301
5512 310
5512 366
5512 1456
5512 1872
5512 2195
5512 2937
5512 3893
5512 4134
5514 1023
5514 2898
5514 3137
5514 3852
5514 4965
5518 1
5518 547
5518 1880
5518 3165
5518 4514
5519 1606
5519 4000
5519 4619
5528 463
5528 5051
5532 703
5532 829
5532 1296
5532 1694
5532 1760
5532 2692
5532 4563
5532 5594
5540 2886
5540 3391
5540 3581
5540 3985
5540 4053
5540 4093
5540 4598
5540 4817
5540 5679
5545 675
5545 1328
5545 1840
5545 3296
5545 4282
5550 2403
5550 3285
5557 1357
5557 3033
5557 4186
5568 7
5568 1762
5568 4942
5572 780
5572 1120
5572 2398
5572 2466
5572 4250
5574 2446
5574 3806
5574 4295
5574 4649
5583 1537
5583 4920
5583 4975
5583 5042
5585 2117
5585 2594
5585 5432
5594 703
5594 829
5594 1296
5594 1694
5594 1760
5594 2692
5594 4563
5594 5532
5596 758
5596 3179
5596 3301
5599 551
5599 972
5599 1055
5599 4168
5599 4665
5599 4790
5599 4791
5602 147
5602 3326
5602 4447
5602 5205
5603 1220
5603 1662
5603 3074
5603 3128
5606 2227
5606 3352
5606 3933
5609 94
5609 2762
5609 4378
5610 2299
5610 2577
5610 3545
5613 875
5613 1164
5613 2380
5613 4253
5614 85
5614 115
5614 420
5614 624
5614 716
5614 787
5614 2075
5614 2374
5614 3029
5614 4326
5627 17
5627 924
5627 1051
5627 3173
5627 4665
5631 15
5631 203
5631 472
5631 1112
5631 1732
5631 1733
5631 1884
5631 2495
5631 2595
5631 3036
5631 3104
5631 3628
5631 3633
5631 4299
5631 4873
5631 4874
5631 5069
5631 5207
5634 4387
5635 64
5635 386
5635 1477
5635 2093
5635 2630
5635 4132
5635 5718
5661 570
5661 927
5661 1648
5661 1841
5661 1970
5661 3224
5661 3370
5661 4051
5661 4154
5661 5073
5668 767
5668 2090
5668 3369
5668 3704
5668 4794
5670 243
5670 608
5670 714
5670 715
5670 1409
5670 1769
5670 4062
5670 4643
5670 4797
5670 4970
5670 5015
5670 5396
5677 375
5677 2557
5677 2636
5677 4212
5677 4880
5679 2886
5679 3391
5679 3581
5679 3985
5679 4053
5679 4093
5679 4598
5679 4817
5679 5540
5686 4176
5686 4222
5694 61
5694 2295
5694 2381
5694 2397
5694 3300
5694 3827
5696 194
5696 862
5696 1128
5696 1454
5696 1505
5696 1779
5696 2254
5696 3041
5696 3573
5696 4077
5696 4252
5696 4841
5696 4849
5696 5063
5711 412
5711 692
5711 1408
5711 1461
5711 2624
5711 2931
5711 4433
5712 500
5712 1488
5712 3043
5712 4743
5718 64
5718 386
5718 1477
5718 2093
5718 2630
5718 4132
5718 5635
5728 137
5728 347
5728 590
5728 5387
5732 31
5732 434
5732 1133
5732 1380
5732 2586
5734 3758
5734 5242
5740 281
5740 648
5740 2803
5740 3007
5740 4338
5740 4549
5747 1846
5747 2289
5747 2744
5750 53
5750 1940
5750 2566
5750 5334
