3 202
3 2898
3 4865
3 4965
4 1708
4 2260
4 2823
4 2898
4 2919
4 4375
10 758
10 1082
10 3301
10 4802
13 670
13 2377
13 3298
13 3414
13 4719
16 1702
16 4503
16 5506
19 69
19 228
19 612
19 931
19 2435
19 2598
19 2721
19 3155
19 5122
20 141
20 941
20 2458
20 4024
20 4377
20 4822
20 4939
21 249
21 583
21 1310
21 4408
23 436
23 1410
23 2714
23 3630
23 5433
29 919
29 920
29 2137
29 3551
29 5729
30 945
30 1453
30 3560
30 3776
38 627
38 3494
38 5064
48 1334
48 3777
53 2416
53 2566
53 3646
53 5766
54 1121
54 1680
54 2015
54 4071
61 3652
61 3797
61 4104
61 5364
63 852
63 2018
63 4129
63 5055
64 208
64 1262
64 1286
64 1477
64 2630
64 3648
64 4132
64 4478
64 4870
64 5635
64 5718
66 943
66 1104
66 1423
66 1846
66 2168
66 2744
66 3236
66 5263
66 5577
66 5578
66 5747
69 19
69 228
69 612
69 931
69 2435
69 2598
69 2721
69 3155
69 5122
74 2117
74 4816
77 630
77 2609
77 3034
77 3260
77 4818
77 5026
83 115
83 420
83 683
83 1633
83 2322
83 3216
90 678
90 2612
90 2852
90 3165
90 3458
90 3752
90 5238
102 3553
102 3719
102 5006
106 264
106 4182
109 2032
109 2070
109 2498
109 2568
109 4388
109 4597
110 4037
110 5006
113 473
113 712
113 1072
113 2608
113 2792
113 3313
113 3955
114 2155
114 2855
114 3036
114 5324
115 83
115 420
115 683
115 1633
115 2249
115 2322
115 2374
115 3216
115 5541
115 5614
141 20
141 182
141 916
141 941
141 2004
141 2458
141 2633
141 4024
141 4377
141 4822
141 4939
141 5227
142 341
142 1978
142 2616
142 4330
142 5488
145 783
145 2028
145 2580
145 2760
156 758
156 1234
156 1347
156 1553
156 3213
163 894
163 1668
163 1914
163 4588
175 1307
175 3330
175 3732
175 3806
175 4295
175 4649
175 5258
177 946
177 1219
177 1981
177 2683
182 141
182 916
182 2004
182 2633
182 5227
184 1793
184 1825
184 2266
184 3645
184 4464
185 508
185 2081
185 4623
185 5085
186 619
186 969
186 1381
186 1572
186 1960
186 3214
186 3610
186 4996
186 5061
189 427
189 1633
189 4738
189 5134
191 227
191 691
191 841
191 4856
194 530
194 536
194 862
194 1128
194 1454
194 1779
194 3573
194 4252
194 4841
194 4849
197 561
197 1229
197 3038
197 3485
197 3631
197 4563
200 281
200 1336
200 1435
200 2321
200 3053
200 3188
200 4549
200 4814
202 3
202 2898
202 4865
202 4965
204 257
204 386
204 1047
204 2193
204 2258
204 2924
204 2941
204 3027
204 3430
204 3538
204 4653
204 4942
204 5082
204 5272
204 5282
204 5468
204 5485
204 5496
204 5695
205 673
205 694
205 3101
205 3552
205 3920
208 64
208 1262
208 1477
208 2630
208 4132
208 5635
208 5718
209 1338
209 2826
209 3289
209 3474
209 3648
209 5196
211 593
211 810
211 2833
211 2880
211 4797
211 5460
211 5498
211 5558
213 1493
213 1716
213 3862
213 4011
215 1279
215 1548
215 4172
215 4679
216 283
216 2295
216 3032
216 3270
216 4899
216 5064
216 5195
216 5431
217 2462
217 3238
217 5064
218 226
218 871
218 1067
218 1152
218 2096
218 2629
218 3777
218 4123
218 4335
222 2858
222 4186
222 4713
222 5133
226 218
226 1067
226 1968
226 1971
226 2091
226 2096
226 2629
226 3777
226 4123
226 4795
226 5192
227 191
227 691
227 841
227 1001
227 1856
227 4096
227 4404
227 4856
228 19
228 69
228 612
228 931
228 2435
228 2598
228 2721
228 3155
228 5122
230 2160
230 4149
230 4766
233 972
233 999
233 2114
233 3208
235 2444
235 3072
236 1168
236 2245
236 4220
236 4722
237 531
237 597
237 1739
237 2998
237 3147
237 3404
241 1738
241 1829
241 2431
241 4737
244 616
244 994
244 1969
244 4864
249 21
249 583
249 1310
249 4408
252 2908
252 3735
252 4965
252 5666
256 1681
256 2691
256 3173
256 5342
257 204
257 1047
257 3027
257 5282
260 513
260 597
260 1602
260 5083
262 2894
262 4911
262 5168
262 5262
264 106
264 4182
265 559
265 1114
265 1801
265 3865
265 5268
267 657
267 3018
267 3108
267 5342
269 1059
269 3094
269 3119
269 5438
272 542
272 2890
272 3340
272 5733
275 367
275 1298
275 1643
275 1649
275 3638
275 4748
275 5303
276 545
276 1081
276 1500
276 1970
276 2037
276 2167
276 2540
276 2654
276 2691
276 2753
276 2797
276 3934
276 4416
276 4583
276 4822
276 5712
281 200
281 1336
281 1435
281 2321
281 3053
281 3188
281 4549
281 4814
283 216
283 3032
283 5195
283 5431
285 743
285 4405
285 4601
285 4982
290 555
290 681
290 875
290 1841
290 3410
304 779
304 2041
304 4754
312 1365
312 2278
312 3670
312 4538
313 409
313 951
313 1640
313 2814
313 4285
320 1903
320 3496
323 984
323 1582
323 2066
323 2270
323 2597
323 3582
340 1446
340 2027
340 5205
340 5211
340 5321
340 5710
341 142
341 1978
341 2616
341 4330
341 5488
344 622
344 5035
357 2266
357 2268
357 2398
357 2891
357 5020
358 623
358 1473
360 1433
360 3511
360 4570
361 1085
361 3571
367 275
367 1298
367 1643
367 1649
367 3638
367 4748
367 5303
372 1038
372 1041
372 1258
372 2129
372 2959
382 823
382 1900
382 2534
382 4180
382 5427
382 5551
386 204
386 4942
386 5272
386 5485
391 688
391 2007
391 2141
391 2393
391 2851
391 4936
391 5672
393 1730
393 3868
393 4139
393 5331
396 1252
396 3198
396 3827
396 5342
404 910
404 962
404 2239
404 2926
406 689
406 1216
406 3193
406 5092
409 313
409 951
409 1640
409 2814
409 4285
420 83
420 115
420 683
420 1633
420 2322
420 3216
423 2179
423 3739
427 189
427 1633
427 3305
427 4738
427 5134
434 502
434 583
434 679
434 1111
434 1179
434 5732
435 1892
435 2056
435 2159
435 4629
436 23
436 1410
436 2714
436 3630
436 5433
444 1591
444 2280
444 3608
445 923
445 1155
445 1448
445 1463
445 4971
455 2016
455 2460
455 3488
455 3830
457 1712
457 4354
457 4476
457 4767
457 5314
457 5497
457 5687
462 1006
462 2120
462 3091
462 3570
472 714
472 3227
472 3422
472 4408
472 4874
472 5069
473 113
473 712
473 1072
473 2608
473 2792
473 3313
473 3955
492 566
492 935
492 1196
492 1460
492 2236
492 2252
492 3151
497 563
497 4688
500 562
500 3043
500 4743
500 5712
501 624
501 1257
501 1376
501 2374
501 3003
501 5188
502 434
502 583
502 679
502 1111
502 1179
502 5732
504 702
504 761
504 1704
504 2061
504 2505
504 2560
504 3195
504 3949
504 4181
504 4367
504 5109
504 5568
508 185
508 2081
508 4623
508 5085
513 260
513 597
513 1602
513 5083
530 194
530 536
530 862
530 1128
530 1454
530 1779
530 3573
530 4252
530 4841
530 4849
531 237
531 597
531 1739
531 2998
531 3147
531 3404
536 194
536 530
536 862
536 1128
536 1454
536 1779
536 3573
536 4252
536 4841
536 4849
539 2760
539 5358
539 5624
542 272
542 2890
542 3340
542 5733
545 276
545 1769
545 2247
545 2343
545 2644
545 2691
545 2753
545 3553
545 3742
545 3864
545 3934
545 3948
545 4416
545 4822
546 1263
546 1990
546 3233
546 3403
554 965
554 966
554 2174
554 3163
554 4102
554 4741
555 290
555 583
555 681
555 875
555 1841
555 2060
555 2370
555 2756
555 3410
559 265
559 1114
559 1801
559 3865
559 5268
561 197
561 1229
561 3038
561 3485
561 3631
561 4563
562 500
562 3043
562 4743
562 5712
563 497
563 4688
564 2165
564 5764
566 492
566 935
566 1196
566 1460
566 2236
566 2252
566 3151
569 1337
569 1673
569 2762
569 2807
570 573
570 1962
570 3404
570 3488
570 3589
570 5073
571 1841
571 2602
571 2856
571 3708
573 570
573 1962
573 3404
573 3488
573 3589
573 5073
577 1577
577 3892
583 21
583 249
583 434
583 502
583 555
583 679
583 1111
583 1179
583 1310
583 2060
583 2370
583 2756
583 4408
583 5732
588 863
588 3055
588 3463
588 3465
588 4035
588 4252
588 4273
588 4849
588 4868
593 211
593 810
593 2833
593 2880
593 4797
593 5460
593 5498
593 5558
597 237
597 260
597 513
597 531
597 1602
597 1739
597 2998
597 3147
597 3404
597 5083
598 984
598 4230
598 4355
598 4480
598 5652
605 1372
605 1785
605 3379
605 5069
607 1464
607 4959
610 2065
610 3010
610 4436
610 4861
610 5370
610 5426
610 5571
612 19
612 69
612 228
612 931
612 2435
612 2598
612 2721
612 3155
612 5122
616 244
616 994
616 1046
616 1488
616 1693
616 1969
616 2051
616 2218
616 2457
616 2822
616 3572
616 4864
616 5208
619 186
619 969
619 1381
619 1572
619 1628
619 2563
619 3214
619 4510
619 5322
620 1989
620 2261
620 3047
620 3342
620 3469
620 4900
622 344
622 5035
623 358
623 1473
624 501
624 1246
624 1376
624 1755
624 2140
624 3003
624 3658
624 5188
624 5500
624 5614
627 38
627 3494
627 5064
630 77
630 2609
630 3034
630 3260
630 4818
630 5026
632 1667
632 2295
632 3504
632 3664
632 3686
632 4046
632 4298
632 4337
632 4572
632 4825
634 2342
634 2344
635 1118
635 3857
635 4031
635 4199
638 2032
638 4652
638 5075
638 5660
639 2606
639 3350
639 3741
639 4103
640 707
640 1027
640 1088
640 1702
640 2533
644 2275
644 3716
647 1216
647 1284
647 1722
647 3193
647 5140
650 2891
650 3777
650 4537
650 5074
653 841
653 1004
653 1446
653 2914
653 3416
653 3641
653 4108
656 2861
656 4632
657 267
657 3018
657 3108
657 5342
661 1566
661 1717
661 3499
661 3661
661 3875
661 4390
661 4806
661 5128
661 5134
664 1114
664 2063
664 3861
664 3970
664 3986
666 2597
666 2805
666 4543
666 5342
670 13
670 2377
670 3298
670 3414
670 4719
672 3604
672 3621
672 4470
672 5230
673 205
673 694
673 3101
673 3920
676 2410
676 3137
676 3553
676 5223
678 90
678 2612
678 2852
678 3165
678 3458
678 3752
678 5238
679 434
679 502
679 583
679 1111
679 1179
679 5732
681 290
681 555
681 875
681 1841
681 3410
682 1636
682 3283
683 83
683 115
683 420
683 1633
683 2322
683 3216
687 3275
687 4727
688 391
688 2007
688 2393
689 406
689 1216
689 3193
689 5092
691 191
691 227
691 841
691 4856
692 3747
692 5416
692 5507
692 5669
694 205
694 673
694 3101
694 3552
694 3920
702 504
702 761
702 1704
702 2505
702 4367
702 5109
707 640
707 1027
707 1088
707 1702
707 2533
707 2683
707 2959
707 3470
707 4447
710 2023
710 2683
710 3931
712 113
712 473
712 1072
712 2608
712 2792
712 3313
712 3955
714 472
714 866
714 1970
714 2643
714 3095
714 3227
714 3422
714 3474
714 4082
714 4251
714 4408
714 4874
714 5069
718 2104
718 2117
718 2281
718 2706
718 3734
718 5232
728 1462
728 2051
728 3634
728 5133
730 1367
730 3777
732 3621
732 3950
732 4313
732 4870
732 5246
737 1550
737 2630
737 3217
737 3590
743 285
743 4405
743 4601
743 4982
749 925
749 3288
749 4691
749 4797
749 5307
749 5531
758 10
758 156
758 1082
758 1234
758 1337
758 1347
758 1553
758 3213
758 3301
758 3484
758 3637
758 4037
758 4802
761 504
761 702
761 1704
761 2505
761 4367
761 5109
767 1797
767 1856
767 2051
767 2105
767 3027
767 3054
767 3219
767 3369
767 3503
767 3663
767 3704
767 4794
767 5136
767 5441
767 5668
767 5716
775 1670
775 3725
779 304
779 2041
779 4754
783 145
783 2028
783 2580
783 2760
785 951
785 1452
785 2117
785 2903
785 3855
785 4163
808 1042
808 1698
808 2400
808 3363
808 3601
808 4247
810 211
810 593
810 4797
810 5460
810 5558
819 1439
819 1444
819 2414
819 3290
819 3766
819 3966
819 4030
819 4718
819 4749
823 382
823 1900
823 2534
823 4180
823 5427
823 5551
825 3617
825 5130
825 5383
826 895
826 1618
826 3499
826 3614
826 5226
826 5371
828 2722
828 3355
828 5134
828 5653
830 1023
830 1327
830 2141
830 2942
830 3176
830 4550
830 4912
831 2334
831 3037
831 3185
831 3286
831 3795
833 1114
833 3621
833 3748
841 191
841 227
841 653
841 691
841 1004
841 1326
841 1446
841 1767
841 2914
841 3416
841 3641
841 3643
841 4108
841 4163
841 4432
841 4856
841 5134
841 5412
847 1119
847 1234
847 1750
847 1755
847 2653
847 3777
847 4357
852 63
852 2018
852 4129
852 5055
855 2073
855 2097
855 4021
855 5712
862 194
862 530
862 536
862 1128
862 1454
862 1779
862 3573
862 4252
862 4841
862 4849
863 588
863 3055
863 3463
863 3465
863 4035
863 4252
863 4273
863 4849
863 4868
866 714
866 1970
866 2643
866 3095
866 3474
866 4082
866 4251
871 218
871 1067
871 1152
871 4335
875 290
875 555
875 681
875 1841
875 3410
876 3000
876 3001
876 4896
876 5138
877 1302
877 4089
878 2430
878 4937
881 983
881 2028
881 3705
886 2759
886 4810
888 1132
888 1630
888 2144
888 2898
888 3921
888 4988
888 5304
891 1176
891 3609
891 5528
893 986
893 4495
894 163
894 1668
894 1914
894 4588
895 826
895 1618
895 3499
895 3614
895 5226
895 5371
905 1236
905 3583
905 3904
905 4414
907 2349
907 2984
908 1757
908 2051
908 3464
908 4276
910 404
910 962
910 2239
910 2926
916 141
916 182
916 1350
916 2004
916 2036
916 2633
916 2858
916 4059
916 5227
919 29
919 920
919 2137
919 3551
919 5729
920 29
920 919
920 2137
920 3551
920 5729
923 445
923 1155
923 1448
923 1463
923 4971
924 2180
924 3244
924 4756
924 5100
925 749
925 3288
925 4691
925 4797
925 5307
925 5531
926 930
926 1115
926 1357
926 3852
926 4186
926 4190
926 5025
930 926
930 1115
930 1357
930 3852
930 4186
930 4190
930 5025
931 19
931 69
931 228
931 612
931 1120
931 1452
931 1569
931 2199
931 2435
931 2598
931 2721
931 3155
931 5122
933 1286
933 3824
933 4204
933 4775
933 5554
935 492
935 566
935 1196
935 1460
935 2236
935 2252
935 3151
936 1949
936 2348
936 2507
936 3284
936 4820
936 5088
937 1011
937 2471
937 4432
937 4775
937 5554
939 2200
939 2380
939 4253
939 5613
940 953
940 1246
940 2961
940 3380
940 4277
940 4845
940 5015
940 5274
940 5401
941 20
941 141
941 2458
941 4024
941 4939
943 66
943 1423
943 1846
943 2744
943 5263
943 5577
943 5578
943 5747
945 30
945 1453
945 3560
945 3776
946 177
946 1219
946 1981
946 2683
951 313
951 409
951 785
951 1452
951 1640
951 2117
951 2814
951 2903
951 3855
951 4163
951 4285
953 940
953 2961
953 3380
953 4845
953 5015
953 5274
953 5401
958 2718
958 4548
962 404
962 910
962 2239
962 2926
965 554
965 966
965 2174
965 3163
965 4102
965 4741
966 554
966 965
966 2174
966 3163
966 4102
966 4741
968 1683
968 2012
968 3783
968 4515
969 186
969 619
969 1381
969 1572
969 3214
972 233
972 999
972 2114
972 2462
972 3208
972 3777
972 4113
972 5493
975 2128
975 2172
975 2305
975 2306
975 3777
975 4462
975 4667
975 4721
975 4736
975 5134
977 2251
977 3450
977 3565
977 4556
977 5005
977 5464
982 1636
982 3130
982 3201
982 3242
983 881
983 2028
983 3705
984 323
984 598
984 2066
984 2270
984 3408
984 3866
984 4230
984 4355
984 4480
984 5652
986 893
986 2289
986 4495
991 3211
991 4929
994 244
994 616
994 1969
994 4864
999 233
999 972
999 2114
999 3208
1001 227
1001 1856
1001 4096
1001 4404
1004 653
1004 841
1004 1446
1004 2914
1004 3416
1004 3641
1004 4108
1006 462
1006 2120
1006 3091
1006 3570
1008 2631
1008 3652
1008 5531
1009 2094
1009 2882
1009 3472
1009 4186
1011 937
1011 2471
1011 4432
1011 4775
1011 5554
1015 1686
1015 2699
1023 830
1023 1301
1023 1327
1023 1526
1023 2141
1023 2395
1023 2942
1023 3176
1023 4550
1023 4912
1023 5542
1027 640
1027 707
1027 1088
1027 1702
1027 2533
1038 372
1038 1041
1038 1258
1038 2129
1038 2959
1041 372
1041 1038
1041 1258
1041 2129
1041 2959
1042 808
1042 1698
1042 2400
1042 3363
1042 3601
1042 4247
1045 1535
1045 3189
1045 4302
1045 5485
1046 616
1046 2457
1046 2822
1046 3572
1047 204
1047 257
1047 1725
1047 3027
1047 5263
1047 5282
1047 5359
1049 1076
1049 1750
1049 3777
1049 5211
1055 1058
1055 1299
1055 4480
1055 4984
1058 1055
1058 1299
1058 4480
1058 4984
1059 269
1059 3094
1059 3119
1059 5438
1067 218
1067 226
1067 871
1067 1152
1067 2096
1067 2629
1067 3777
1067 4123
1067 4335
1072 113
1072 473
1072 712
1072 2608
1072 2792
1072 3313
1072 3955
1076 1049
1076 1750
1076 3777
1076 5211
1078 1428
1078 3132
1081 276
1081 1500
1081 1970
1081 2167
1081 2540
1081 5712
1082 10
1082 758
1082 3301
1082 4802
1085 361
1085 3571
1088 640
1088 707
1088 1027
1088 1702
1088 2533
1104 66
1104 1846
1104 2168
1104 3236
1111 434
1111 502
1111 583
1111 679
1111 1179
1111 5732
1113 1617
1113 4555
1114 265
1114 559
1114 664
1114 833
1114 1801
1114 2033
1114 2063
1114 2309
1114 2471
1114 3610
1114 3621
1114 3748
1114 3861
1114 3865
1114 3970
1114 3986
1114 5268
1114 5447
1115 926
1115 930
1115 1357
1115 3852
1115 4186
1115 4190
1115 5025
1118 635
1118 3857
1118 4031
1118 4199
1119 847
1119 1234
1119 1755
1119 4357
1120 931
1120 1452
1120 1569
1120 2199
1121 54
1121 1680
1121 2015
1121 4071
1123 3373
1123 5195
1128 194
1128 530
1128 536
1128 862
1128 1454
1128 1779
1128 3573
1128 4252
1128 4841
1128 4849
1132 888
1132 1630
1132 2144
1132 2898
1132 3921
1132 4988
1132 5304
1152 218
1152 871
1152 1067
1152 4335
1155 445
1155 923
1155 1448
1155 1463
1155 4971
1161 1174
1161 2480
1161 3429
1161 3447
1161 3950
1161 5278
1168 236
1168 2245
1168 4220
1168 4722
1174 1161
1174 2480
1174 3429
1174 3447
1174 3950
1174 5278
1176 891
1176 3609
1176 5528
1179 434
1179 502
1179 583
1179 679
1179 1111
1179 5732
1196 492
1196 566
1196 935
1196 1460
1196 2236
1196 2252
1196 3151
1216 406
1216 647
1216 689
1216 1284
1216 1722
1216 3193
1216 5092
1216 5140
1218 1657
1218 5581
1219 177
1219 946
1219 1981
1219 2683
1229 197
1229 561
1229 3038
1229 3485
1229 3631
1229 4563
1234 156
1234 758
1234 847
1234 1119
1234 1347
1234 1553
1234 1755
1234 3213
1234 4357
1235 1757
1235 1769
1235 4183
1235 5342
1236 905
1236 3583
1236 3904
1236 4414
1241 1639
1241 1677
1241 1953
1241 2354
1241 2403
1241 2462
1241 3550
1241 3800
1241 4021
1241 4467
1241 4708
1241 4757
1241 5655
1241 5672
1242 1736
1242 1932
1242 2428
1242 2595
1242 2826
1242 3657
1242 3852
1246 624
1246 940
1246 1755
1246 2797
1246 2916
1246 3614
1246 3658
1246 4277
1246 4585
1246 5015
1246 5401
1246 5614
1250 1616
1250 3556
1250 4972
1250 5613
1251 1566
1251 2707
1251 2922
1251 5763
1252 396
1252 3198
1252 3827
1252 5342
1256 1687
1256 3030
1256 3251
1256 3648
1256 4668
1256 5065
1257 501
1257 1376
1257 2374
1258 372
1258 1038
1258 1041
1258 2129
1258 2959
1258 3410
1258 3503
1258 4031
1261 1788
1261 4239
1261 4928
1261 5031
1261 5512
1261 5626
1262 64
1262 208
1262 1477
1262 2630
1262 4132
1262 5635
1262 5718
1263 546
1263 1990
1263 3233
1263 3403
1268 1548
1268 2090
1268 2983
1268 4172
1270 2447
1270 3799
1279 215
1279 1548
1279 4172
1279 4679
1280 2916
1280 3218
1280 3704
1280 3951
1284 647
1284 1216
1284 1722
1284 3193
1284 5140
1286 64
1286 933
1286 3648
1286 3824
1286 4204
1286 4478
1286 4775
1286 4870
1286 5554
1288 1473
1288 2607
1288 2891
1288 3425
1288 5151
1290 1576
1290 2242
1290 2606
1290 4391
1293 2215
1293 4271
1293 5524
1298 275
1298 367
1298 1643
1298 1649
1298 3638
1298 4748
1298 5303
1299 1055
1299 1058
1299 4480
1299 4984
1301 1023
1301 1526
1301 2395
1301 5542
1302 877
1302 4089
1304 1362
1304 1408
1304 1714
1304 3817
1304 3953
1304 4955
1304 5288
1304 5735
1305 2676
1305 5134
1305 5203
1307 175
1307 3330
1307 3732
1307 5258
1310 21
1310 249
1310 583
1310 4408
1326 841
1326 1767
1326 3643
1326 4163
1326 4432
1326 5134
1326 5412
1327 830
1327 1023
1327 2141
1327 2942
1327 3176
1327 4550
1327 4912
1328 1450
1328 2713
1328 2866
1328 3717
1329 1571
1329 3218
1329 3730
1329 4497
1329 5444
1334 48
1334 3777
1336 200
1336 281
1336 1435
1336 2321
1336 3053
1336 3188
1336 4549
1336 4814
1337 569
1337 758
1337 1673
1337 2762
1337 2807
1337 3484
1337 3637
1337 4037
1338 209
1338 2826
1338 3289
1338 3474
1338 3648
1338 5196
1341 1436
1341 2295
1341 3827
1347 156
1347 758
1347 1234
1347 1553
1347 3213
1350 916
1350 2036
1350 2858
1350 4059
1357 926
1357 930
1357 1115
1357 1488
1357 1761
1357 1848
1357 2051
1357 2643
1357 3033
1357 3507
1357 3611
1357 3621
1357 3852
1357 4186
1357 4190
1357 4752
1357 4791
1357 4792
1357 4961
1357 5025
1357 5557
1357 5560
1362 1304
1362 1714
1362 3817
1362 3953
1362 4955
1363 2229
1363 2290
1363 2648
1363 5713
1365 312
1365 2278
1365 3670
1365 4538
1367 730
1367 3777
1372 605
1372 1785
1372 3379
1372 5069
1376 501
1376 624
1376 1257
1376 1755
1376 2140
1376 2374
1376 3003
1376 5188
1376 5500
1381 186
1381 619
1381 969
1381 1572
1381 3214
1397 1450
1397 1499
1397 3122
1397 5215
1408 1304
1408 5288
1408 5735
1410 23
1410 436
1410 2714
1410 3630
1410 5433
1423 66
1423 943
1423 1846
1423 5263
1428 1078
1428 3132
1432 1996
1432 2016
1432 4437
1433 360
1433 3511
1433 4570
1435 200
1435 281
1435 1336
1435 2321
1435 3053
1435 3188
1435 4549
1435 4814
1436 1341
1436 2295
1436 3827
1438 1873
1438 2054
1438 2182
1438 2192
1438 3512
1438 4136
1438 4568
1438 4894
1439 819
1439 1444
1439 2414
1439 3290
1439 3766
1439 3966
1439 4030
1439 4718
1439 4749
1443 1452
1443 1790
1443 1936
1443 2594
1444 819
1444 1439
1444 2414
1444 3290
1444 3766
1444 3966
1444 4030
1444 4718
1444 4749
1446 340
1446 653
1446 841
1446 1004
1446 2027
1446 2914
1446 3416
1446 3641
1446 4108
1446 5205
1446 5211
1446 5321
1446 5710
1448 445
1448 923
1448 1155
1448 1463
1448 4971
1450 1328
1450 1397
1450 1499
1450 2713
1450 2866
1450 3122
1450 3717
1450 5215
1452 785
1452 931
1452 951
1452 1120
1452 1443
1452 1515
1452 1569
1452 1790
1452 1936
1452 2117
1452 2199
1452 2594
1452 2658
1452 2903
1452 3190
1452 3409
1452 3463
1452 3648
1452 3855
1452 4163
1452 5242
1452 5485
1452 5734
1453 30
1453 945
1453 3560
1453 3776
1454 194
1454 530
1454 536
1454 862
1454 1128
1454 1779
1454 3573
1454 4252
1454 4841
1454 4849
1460 492
1460 566
1460 935
1460 1196
1460 2236
1460 2252
1460 3151
1462 728
1462 2051
1462 3634
1462 5133
1463 445
1463 923
1463 1155
1463 1448
1463 4971
1464 607
1464 4959
1469 2152
1469 3392
1469 3950
1469 4361
1473 358
1473 623
1473 1288
1473 2607
1473 2891
1473 3425
1473 5151
1477 64
1477 208
1477 1262
1477 2630
1477 4132
1477 5635
1477 5718
1488 616
1488 1357
1488 1693
1488 2051
1488 2218
1488 2643
1488 4752
1488 4791
1488 5208
1493 213
1493 1716
1493 3862
1493 4011
1496 2171
1496 2732
1496 3600
1496 4345
1496 4531
1496 4827
1496 5237
1496 5539
1499 1397
1499 1450
1499 3122
1499 5215
1500 276
1500 1081
1500 1970
1500 2167
1500 2540
1500 5712
1507 1691
1507 2424
1507 3115
1507 4003
1507 4813
1507 5139
1515 1452
1515 2658
1515 3409
1515 3463
1515 3648
1526 1023
1526 1301
1526 2395
1526 5542
1535 1045
1535 3189
1535 4302
1535 5485
1539 3762
1539 5424
1548 215
1548 1268
1548 1279
1548 2090
1548 2983
1548 4172
1548 4679
1550 737
1550 2630
1550 3217
1550 3590
1553 156
1553 758
1553 1234
1553 1347
1553 3213
1562 2943
1562 3053
1562 3801
1562 3937
1566 661
1566 1251
1566 2707
1566 2922
1566 3661
1566 4390
1566 5134
1566 5763
1569 931
1569 1120
1569 1452
1569 2199
1571 1329
1571 3218
1571 3730
1571 4497
1571 5444
1572 186
1572 619
1572 969
1572 1381
1572 3214
1576 1290
1576 2242
1576 2606
1576 4391
1577 577
1577 3892
1582 323
1582 2270
1582 2597
1582 3582
1589 2197
1589 3704
1591 444
1591 2280
1591 3608
1602 260
1602 513
1602 597
1602 5083
1606 1861
1606 2893
1606 4619
1606 5519
1616 1250
1616 3556
1616 4972
1616 5613
1617 1113
1617 4555
1618 826
1618 895
1618 3499
1618 3614
1618 5226
1618 5371
1619 3872
1619 4823
1619 5160
1625 2414
1625 5144
1628 619
1628 2563
1628 4510
1628 5322
1630 888
1630 1132
1630 2144
1630 2898
1630 3921
1630 4988
1630 5304
1633 83
1633 115
1633 189
1633 420
1633 427
1633 683
1633 2322
1633 3216
1633 4738
1633 5134
1636 682
1636 982
1636 3130
1636 3201
1636 3242
1636 3283
1639 1241
1639 3550
1639 3800
1639 4021
1639 4708
1639 4757
1640 313
1640 409
1640 951
1640 2814
1640 4285
1643 275
1643 367
1643 1298
1643 1649
1643 3638
1643 4748
1643 5303
1649 275
1649 367
1649 1298
1649 1643
1649 3638
1649 4748
1649 5303
1655 2034
1655 4176
1655 4222
1655 5639
1657 1218
1657 5581
1662 2390
1662 3073
1662 3128
1662 5708
1663 3460
1663 4041
1666 2578
1666 2580
1666 4541
1666 4794
1667 632
1667 3504
1667 3686
1667 4572
1668 163
1668 894
1668 1914
1668 4588
1670 775
1670 3725
1673 569
1673 1337
1673 2762
1673 2807
1677 1241
1677 2354
1680 54
1680 1121
1680 2015
1680 4071
1681 256
1681 2691
1681 3173
1681 5342
1683 968
1683 2012
1683 3783
1683 4515
1684 2151
1684 2564
1684 2872
1684 3696
1684 4268
1685 1897
1685 5500
1686 1015
1686 2699
1687 1256
1687 3030
1687 3251
1687 3648
1687 4668
1687 5065
1691 1507
1691 2424
1691 3115
1691 4003
1691 4813
1691 5139
1693 616
1693 1488
1693 2051
1693 2218
1693 5208
1698 808
1698 1042
1698 2400
1698 3363
1698 3601
1698 4247
1702 16
1702 640
1702 707
1702 1027
1702 1088
1702 2533
1702 4503
1702 5506
1704 504
1704 702
1704 761
1704 2505
1704 4367
1704 5109
1706 3320
1706 4473
1708 4
1708 2260
1708 2823
1708 2898
1708 2919
1708 4375
1712 457
1712 4354
1712 4476
1712 4767
1712 5314
1712 5497
1712 5687
1713 3095
1713 3952
1713 4065
1713 4947
1713 5482
1714 1304
1714 1362
1714 3817
1714 3953
1714 4955
1715 1965
1715 3911
1715 5134
1715 5506
1716 213
1716 1493
1716 3862
1716 4011
1717 661
1717 3499
1717 3875
1717 4806
1717 5128
1722 647
1722 1216
1722 1284
1722 3193
1722 5140
1725 1047
1725 5263
1725 5359
1730 393
1730 3868
1730 4139
1730 5331
1731 3126
1731 3387
1731 5188
1731 5650
1736 1242
1736 1932
1736 2428
1736 2595
1736 2826
1736 3657
1736 3852
1738 241
1738 1829
1738 2431
1738 4737
1739 237
1739 531
1739 597
1739 2998
1739 3147
1739 3404
1744 1868
1744 2240
1744 3167
1744 3825
1750 847
1750 1049
1750 1076
1750 2653
1750 3777
1750 5211
1755 624
1755 847
1755 1119
1755 1234
1755 1246
1755 1376
1755 2140
1755 3658
1755 4357
1755 5500
1755 5614
1757 908
1757 1235
1757 1769
1757 2051
1757 3464
1757 4183
1757 4276
1757 5342
1761 1357
1761 1848
1761 3033
1761 4792
1761 4961
1761 5560
1767 841
1767 1326
1767 3643
1767 4163
1767 4432
1767 5134
1767 5412
1769 545
1769 1235
1769 1757
1769 2247
1769 3742
1769 3864
1769 3948
1769 4183
1769 5342
1772 2297
1772 3181
1772 3218
1772 5125
1776 2509
1776 2567
1776 2964
1776 3184
1777 3593
1777 4191
1779 194
1779 530
1779 536
1779 862
1779 1128
1779 1454
1779 3573
1779 4252
1779 4841
1779 4849
1785 605
1785 1372
1785 3379
1785 5069
1788 1261
1788 4239
1788 4928
1788 5031
1788 5512
1788 5626
1790 1443
1790 1452
1790 1936
1790 2594
1792 3291
1792 4816
1793 184
1793 1825
1793 2266
1793 3645
1793 4464
1797 767
1797 3027
1797 3663
1797 5136
1801 265
1801 559
1801 1114
1801 3865
1801 4442
1801 5173
1801 5268
1803 2630
1803 5070
1803 5485
1803 5534
1825 184
1825 1793
1825 2266
1825 3645
1825 4464
1826 2017
1826 3740
1826 4558
1829 241
1829 1738
1829 2431
1829 4737
1839 2268
1839 3002
1839 3488
1839 4183
1839 5065
1839 5710
1841 290
1841 555
1841 571
1841 681
1841 875
1841 2602
1841 2856
1841 3410
1841 3708
1846 66
1846 943
1846 1104
1846 1423
1846 2168
1846 2744
1846 3236
1846 5263
1846 5577
1846 5578
1846 5747
1848 1357
1848 1761
1848 3033
1848 4792
1848 4961
1848 5560
1856 227
1856 767
1856 1001
1856 3027
1856 3054
1856 3219
1856 3369
1856 3503
1856 4096
1856 4404
1857 1995
1857 2582
1857 2626
1857 3850
1861 1606
1861 2893
1861 4619
1861 5519
1868 1744
1868 2240
1868 3167
1868 3825
1873 1438
1873 2054
1873 2182
1873 2192
1873 3512
1873 4136
1873 4568
1873 4894
1887 3220
1887 4409
1892 435
1892 2056
1892 2159
1892 4629
1897 1685
1897 5500
1900 382
1900 823
1900 2534
1900 4180
1900 5427
1900 5551
1903 320
1903 3496
1914 163
1914 894
1914 1668
1914 4588
1932 1242
1932 1736
1932 2428
1932 2595
1932 2826
1932 3657
1932 3852
1936 1443
1936 1452
1936 1790
1936 2594
1949 936
1949 2348
1949 2507
1949 3284
1949 4820
1949 5088
1953 1241
1953 2403
1953 2462
1953 4467
1953 5655
1953 5672
1960 186
1960 3610
1960 4996
1960 5061
1962 570
1962 573
1962 3404
1962 3488
1962 3589
1962 5073
1965 1715
1965 3911
1965 5134
1965 5506
1968 226
1968 1971
1968 2091
1968 4795
1968 5192
1969 244
1969 616
1969 994
1969 4864
1970 276
1970 714
1970 866
1970 1081
1970 1500
1970 2167
1970 2540
1970 2643
1970 3095
1970 3474
1970 4082
1970 4251
1970 5712
1971 226
1971 1968
1971 2091
1971 4795
1971 5192
1976 2196
1976 3156
1976 4485
1976 5443
1978 142
1978 341
1978 2616
1978 4330
1978 5488
1981 177
1981 946
1981 1219
1981 2683
1984 2228
1984 3750
1984 4925
1984 5022
1984 5561
1989 620
1989 2261
1989 3047
1989 3342
1989 3469
1989 4900
1990 546
1990 1263
1990 3233
1990 3403
1995 1857
1995 2582
1995 2626
1995 3850
1996 1432
1996 2016
1996 4437
2004 141
2004 182
2004 916
2004 2633
2004 5227
2007 391
2007 688
2007 2393
2012 968
2012 1683
2012 3783
2012 4515
2015 54
2015 1121
2015 1680
2015 4071
2016 455
2016 1432
2016 1996
2016 2460
2016 3488
2016 3830
2016 4437
2017 1826
2017 3740
2017 4558
2018 63
2018 852
2018 4129
2018 5055
2019 2576
2019 3754
2019 3777
2023 710
2023 2683
2023 3931
2027 340
2027 1446
2027 5205
2027 5211
2027 5321
2027 5710
2028 145
2028 783
2028 881
2028 983
2028 2580
2028 2760
2028 3705
2032 109
2032 638
2032 2070
2032 2498
2032 2568
2032 4388
2032 4597
2032 4652
2032 5075
2032 5660
2033 1114
2033 2309
2033 2471
2033 3610
2033 3621
2033 5447
2034 1655
2034 4176
2034 4222
2034 5639
2036 916
2036 1350
2036 2858
2036 4059
2037 276
2037 2654
2037 2797
2037 4583
2041 304
2041 779
2041 4754
2046 2729
2046 2809
2046 3024
2046 3820
2046 5486
2046 5530
2051 616
2051 728
2051 767
2051 908
2051 1357
2051 1462
2051 1488
2051 1693
2051 1757
2051 2218
2051 2628
2051 3033
2051 3275
2051 3369
2051 3464
2051 3611
2051 3621
2051 3634
2051 3704
2051 3852
2051 4186
2051 4276
2051 4603
2051 4794
2051 5133
2051 5208
2051 5217
2051 5668
2054 1438
2054 1873
2054 2182
2054 2192
2054 3512
2054 4136
2054 4568
2054 4894
2056 435
2056 1892
2056 2159
2056 4629
2060 555
2060 583
2060 2370
2060 2756
2061 504
2061 2560
2061 3195
2061 3949
2061 4181
2061 5568
2063 664
2063 1114
2063 3861
2063 3970
2063 3986
2065 610
2065 3010
2065 4436
2065 4861
2065 5370
2065 5426
2065 5571
2066 323
2066 984
2066 2270
2066 3408
2066 3866
2070 109
2070 2032
2070 2498
2070 2568
2070 4388
2070 4597
2073 855
2073 2097
2073 2141
2073 3804
2073 4021
2073 5712
2081 185
2081 508
2081 4623
2081 5085
2090 1268
2090 1548
2090 2983
2090 4172
2091 226
2091 1968
2091 1971
2091 4795
2091 5192
2094 1009
2094 2882
2094 3472
2094 4186
2096 218
2096 226
2096 1067
2096 2629
2096 3777
2096 4123
2097 855
2097 2073
2097 2158
2097 2200
2097 4020
2097 4021
2097 4129
2097 5712
2104 718
2104 2117
2104 2281
2104 2706
2104 3734
2104 5232
2105 767
2105 3054
2105 5441
2105 5716
2106 2461
2106 3267
2114 233
2114 972
2114 999
2114 3208
2117 74
2117 718
2117 785
2117 951
2117 1452
2117 2104
2117 2281
2117 2706
2117 2903
2117 3734
2117 3855
2117 4163
2117 4816
2117 5232
2120 462
2120 1006
2120 3091
2120 3570
2128 975
2128 5134
2129 372
2129 1038
2129 1041
2129 1258
2129 2959
2137 29
2137 919
2137 920
2137 3551
2137 5729
2140 624
2140 1376
2140 1755
2140 5500
2141 391
2141 830
2141 1023
2141 1327
2141 2073
2141 2851
2141 2942
2141 3176
2141 3804
2141 4550
2141 4912
2141 4936
2141 5672
2144 888
2144 1132
2144 1630
2144 2201
2144 2268
2144 2636
2144 2796
2144 2898
2144 3781
2144 3921
2144 4284
2144 4880
2144 4988
2144 5304
2151 1684
2151 2564
2151 2872
2151 3696
2151 4268
2152 1469
2152 3392
2152 3950
2152 4361
2155 114
2155 2230
2155 2855
2155 3036
2155 3100
2155 4154
2155 4237
2155 5162
2155 5248
2155 5324
2158 2097
2158 2200
2158 4020
2158 4129
2159 435
2159 1892
2159 2056
2159 4629
2160 230
2160 4149
2160 4766
2165 564
2165 5764
2167 276
2167 1081
2167 1500
2167 1970
2167 2540
2167 5712
2168 66
2168 1104
2168 1846
2168 3236
2171 1496
2171 2732
2171 3600
2171 4345
2171 4531
2171 4827
2171 5237
2171 5539
2172 975
2172 2305
2172 2306
2172 3777
2172 4462
2172 4667
2172 4721
2172 4736
2172 5134
2174 554
2174 965
2174 966
2174 3163
2174 4102
2174 4741
2176 2854
2176 2891
2176 4489
2179 423
2179 3739
2180 924
2180 3244
2180 4756
2180 5100
2182 1438
2182 1873
2182 2054
2182 2192
2182 3512
2182 4136
2182 4568
2182 4894
2192 1438
2192 1873
2192 2054
2192 2182
2192 3512
2192 4136
2192 4568
2192 4894
2193 204
2193 2258
2193 4653
2193 5082
2193 5468
2193 5496
2196 1976
2196 3156
2196 4485
2196 5443
2197 1589
2197 3704
2199 931
2199 1120
2199 1452
2199 1569
2200 939
2200 2097
2200 2158
2200 2380
2200 4020
2200 4129
2200 4253
2200 5613
2201 2144
2201 2268
2201 2636
2201 2796
2201 3781
2201 4284
2201 4880
2215 1293
2215 4271
2215 5524
2218 616
2218 1488
2218 1693
2218 2051
2218 5208
2228 1984
2228 3750
2228 4925
2228 5022
2228 5561
2229 1363
2229 2290
2229 2648
2229 5713
2230 2155
2230 3100
2230 4154
2230 4237
2230 5162
2230 5248
2232 3388
2232 3991
2236 492
2236 566
2236 935
2236 1196
2236 1460
2236 2252
2236 3151
2239 404
2239 910
2239 962
2239 2926
2240 1744
2240 1868
2240 3167
2240 3825
2242 1290
2242 1576
2242 2606
2242 2745
2242 4391
2245 236
2245 1168
2245 4220
2245 4722
2247 545
2247 1769
2247 3742
2247 3864
2247 3948
2249 115
2249 2374
2249 5541
2249 5614
2251 977
2251 3450
2251 3565
2251 4556
2251 5005
2251 5464
2252 492
2252 566
2252 935
2252 1196
2252 1460
2252 2236
2252 3151
2258 204
2258 2193
2258 4653
2258 5082
2258 5468
2258 5496
2260 4
2260 1708
2260 2823
2260 2898
2260 2919
2260 4375
2261 620
2261 1989
2261 3047
2261 3342
2261 3469
2261 4900
2266 184
2266 357
2266 1793
2266 1825
2266 2268
2266 2398
2266 2891
2266 3645
2266 4464
2266 5020
2268 357
2268 1839
2268 2144
2268 2201
2268 2266
2268 2398
2268 2636
2268 2796
2268 2891
2268 3002
2268 3488
2268 3781
2268 4183
2268 4284
2268 4880
2268 5020
2268 5065
2268 5710
2270 323
2270 984
2270 1582
2270 2066
2270 2597
2270 3408
2270 3582
2270 3866
2275 644
2275 3716
2278 312
2278 1365
2278 3670
2278 4538
2280 444
2280 1591
2280 3608
2281 718
2281 2104
2281 2117
2281 2706
2281 3734
2281 5232
2289 986
2289 4495
2290 1363
2290 2229
2290 2648
2290 5713
2295 216
2295 632
2295 1341
2295 1436
2295 3270
2295 3460
2295 3664
2295 3827
2295 4046
2295 4163
2295 4298
2295 4337
2295 4825
2295 4899
2295 5064
2295 5181
2297 1772
2297 3181
2297 3218
2297 5125
2305 975
2305 2172
2305 2306
2305 3777
2305 4462
2305 4667
2305 4721
2305 4736
2305 5134
2306 975
2306 2172
2306 2305
2306 3777
2306 4462
2306 4667
2306 4721
2306 4736
2306 5134
2309 1114
2309 2033
2309 2471
2309 3610
2309 3621
2309 5447
2319 3707
2321 200
2321 281
2321 1336
2321 1435
2321 3053
2321 3188
2321 4549
2321 4814
2322 83
2322 115
2322 420
2322 683
2322 1633
2322 3216
2334 831
2334 3037
2334 3185
2334 3286
2334 3795
2342 634
2342 2344
2343 545
2343 2644
2343 3553
2343 4822
2344 634
2344 2342
2348 936
2348 1949
2348 2507
2348 3284
2348 4820
2348 5088
2349 907
2349 2984
2354 1241
2354 1677
2370 555
2370 583
2370 2060
2370 2756
2374 115
2374 501
2374 1257
2374 1376
2374 2249
2374 5541
2374 5614
2377 13
2377 670
2377 3298
2377 3414
2377 4719
2380 939
2380 2200
2380 4253
2380 5613
2387 3382
2387 3732
2387 5215
2387 5354
2387 5675
2389 2659
2389 5544
2390 1662
2390 3073
2390 3128
2390 5708
2393 391
2393 688
2393 2007
2395 1023
2395 1301
2395 1526
2395 5542
2398 357
2398 2266
2398 2268
2398 2891
2398 5020
2400 808
2400 1042
2400 1698
2400 3363
2400 3601
2400 4247
2403 1241
2403 1953
2403 2462
2403 4467
2403 5655
2403 5672
2410 676
2410 3137
2410 3553
2410 5223
2414 819
2414 1439
2414 1444
2414 1625
2414 3290
2414 3766
2414 3966
2414 4030
2414 4718
2414 4749
2414 5144
2416 53
2416 2566
2416 3646
2416 5766
2424 1507
2424 1691
2424 3115
2424 4003
2424 4813
2424 5139
2428 1242
2428 1736
2428 1932
2428 2595
2428 2826
2428 3657
2428 3852
2430 878
2430 4937
2431 241
2431 1738
2431 1829
2431 4737
2435 19
2435 69
2435 228
2435 612
2435 931
2435 2598
2435 2721
2435 3155
2435 4318
2435 5122
2435 5546
2440 3248
2444 235
2444 3072
2447 1270
2447 3799
2457 616
2457 1046
2457 2822
2457 3572
2458 20
2458 141
2458 941
2458 4024
2458 4377
2458 4822
2458 4939
2460 455
2460 2016
2460 3488
2460 3830
2461 2106
2461 3267
2462 217
2462 972
2462 1241
2462 1953
2462 2403
2462 3238
2462 3777
2462 4113
2462 4467
2462 5064
2462 5493
2462 5655
2462 5672
2471 937
2471 1011
2471 1114
2471 2033
2471 2309
2471 3610
2471 3621
2471 4432
2471 4775
2471 5447
2471 5554
2480 1161
2480 1174
2480 3429
2480 3447
2480 3950
2480 5278
2485 4699
2485 4941
2494 2520
2494 2886
2494 3391
2494 3466
2494 3581
2494 3755
2494 3985
2494 4093
2494 5679
2498 109
2498 2032
2498 2070
2498 2568
2498 4388
2498 4597
2505 504
2505 702
2505 761
2505 1704
2505 4367
2505 5109
2507 936
2507 1949
2507 2348
2507 3284
2507 4820
2507 5088
2509 1776
2509 2567
2509 2964
2509 3184
2520 2494
2520 2886
2520 3391
2520 3466
2520 3581
2520 3755
2520 3985
2520 4093
2520 5679
2521 2540
2521 2855
2521 3036
2521 3173
2521 3621
2521 3661
2531 5467
2533 640
2533 707
2533 1027
2533 1088
2533 1702
2534 382
2534 823
2534 1900
2534 4180
2534 5427
2534 5551
2540 276
2540 1081
2540 1500
2540 1970
2540 2167
2540 2521
2540 2855
2540 3036
2540 3173
2540 3621
2540 3661
2540 5712
2560 504
2560 2061
2560 3195
2560 3949
2560 4181
2560 5568
2563 619
2563 1628
2563 4510
2563 5322
2564 1684
2564 2151
2564 2872
2564 3696
2564 4268
2566 53
2566 2416
2566 3646
2566 5766
2567 1776
2567 2509
2567 2964
2567 3184
2568 109
2568 2032
2568 2070
2568 2498
2568 4388
2568 4597
2571 4217
2571 4848
2576 2019
2576 3754
2576 3777
2578 1666
2578 2580
2578 4541
2578 4794
2580 145
2580 783
2580 1666
2580 2028
2580 2578
2580 2760
2580 4541
2580 4794
2582 1857
2582 1995
2582 2626
2582 3850
2594 1443
2594 1452
2594 1790
2594 1936
2595 1242
2595 1736
2595 1932
2595 2428
2595 2826
2595 3657
2595 3852
2597 323
2597 666
2597 1582
2597 2270
2597 2805
2597 3582
2597 4543
2597 5342
2598 19
2598 69
2598 228
2598 612
2598 931
2598 2435
2598 2721
2598 3155
2598 5122
2602 571
2602 1841
2602 2856
2602 3708
2606 639
2606 1290
2606 1576
2606 2242
2606 2745
2606 3350
2606 3741
2606 4103
2606 4391
2607 1288
2607 1473
2607 2891
2607 3425
2607 5151
2608 113
2608 473
2608 712
2608 1072
2608 2792
2608 3313
2608 3955
2609 77
2609 630
2609 3034
2609 3260
2609 4818
2609 5026
2612 90
2612 678
2612 2852
2612 3165
2612 3458
2612 3752
2612 5238
2616 142
2616 341
2616 1978
2616 4330
2616 5488
2623 5422
2623 5656
2626 1857
2626 1995
2626 2582
2626 3850
2628 2051
2628 3275
2628 4603
2628 5217
2629 218
2629 226
2629 1067
2629 2096
2629 3777
2629 4123
2630 64
2630 208
2630 737
2630 1262
2630 1477
2630 1550
2630 1803
2630 3217
2630 3590
2630 4132
2630 5070
2630 5485
2630 5534
2630 5635
2630 5718
2631 1008
2631 3652
2631 5531
2633 141
2633 182
2633 916
2633 2004
2633 5227
2636 2144
2636 2201
2636 2268
2636 2796
2636 3781
2636 4284
2636 4880
2643 714
2643 866
2643 1357
2643 1488
2643 1970
2643 3095
2643 3474
2643 4082
2643 4251
2643 4752
2643 4791
2644 545
2644 2343
2644 3553
2644 4822
2648 1363
2648 2229
2648 2290
2648 5713
2653 847
2653 1750
2653 3777
2654 276
2654 2037
2654 2797
2654 4583
2658 1452
2658 1515
2658 3409
2658 3463
2658 3648
2659 2389
2659 5544
2676 1305
2676 5134
2676 5203
2683 177
2683 707
2683 710
2683 946
2683 1219
2683 1981
2683 2023
2683 2959
2683 3470
2683 3931
2683 4447
2691 256
2691 276
2691 545
2691 1681
2691 2753
2691 3173
2691 3934
2691 4416
2691 4822
2691 5342
2699 1015
2699 1686
2706 718
2706 2104
2706 2117
2706 2281
2706 3734
2706 5232
2707 1251
2707 1566
2707 2922
2707 5434
2707 5523
2707 5763
2709 3091
2709 3785
2709 4056
2709 5092
2709 5717
2713 1328
2713 1450
2713 2866
2713 3717
2714 23
2714 436
2714 1410
2714 2889
2714 3630
2714 5433
2714 5684
2718 958
2718 4548
2721 19
2721 69
2721 228
2721 612
2721 931
2721 2435
2721 2598
2721 3155
2721 5122
2722 828
2722 3355
2722 5134
2722 5653
2726 3291
2726 4816
2729 2046
2729 2809
2729 3024
2729 3820
2729 5486
2729 5530
2732 1496
2732 2171
2732 3600
2732 4345
2732 4531
2732 4827
2732 5237
2732 5539
2744 66
2744 943
2744 1846
2744 5747
2745 2242
2745 2606
2745 3302
2745 3558
2753 276
2753 545
2753 2691
2753 3934
2753 4416
2753 4822
2756 555
2756 583
2756 2060
2756 2370
2759 886
2759 4810
2760 145
2760 539
2760 783
2760 2028
2760 2580
2760 5358
2760 5624
2762 569
2762 1337
2762 1673
2762 2807
2792 113
2792 473
2792 712
2792 1072
2792 2608
2792 3313
2792 3955
2796 2144
2796 2201
2796 2268
2796 2636
2796 3781
2796 4284
2796 4880
2797 276
2797 1246
2797 2037
2797 2654
2797 2916
2797 3614
2797 4583
2797 4585
2805 666
2805 2597
2805 4543
2805 5342
2807 569
2807 1337
2807 1673
2807 2762
2809 2046
2809 2729
2809 3024
2809 3820
2809 5486
2809 5530
2814 313
2814 409
2814 951
2814 1640
2814 4285
2822 616
2822 1046
2822 2457
2822 3572
2823 4
2823 1708
2823 2260
2823 2898
2823 2919
2823 4375
2826 209
2826 1242
2826 1338
2826 1736
2826 1932
2826 2428
2826 2595
2826 3289
2826 3474
2826 3648
2826 3657
2826 3852
2826 5196
2833 211
2833 593
2833 2880
2833 5498
2851 391
2851 2141
2851 4936
2851 5672
2852 90
2852 678
2852 2612
2852 3165
2852 3458
2852 3752
2852 5238
2854 2176
2854 2891
2854 4489
2855 114
2855 2155
2855 2521
2855 2540
2855 3036
2855 3173
2855 3621
2855 3661
2855 4083
2855 4266
2855 5324
2855 5700
2856 571
2856 1841
2856 2602
2856 3708
2858 222
2858 916
2858 1350
2858 2036
2858 4059
2858 4186
2858 4713
2858 5133
2861 656
2861 4632
2866 1328
2866 1450
2866 2713
2866 3717
2872 1684
2872 2151
2872 2564
2872 3696
2872 4268
2880 211
2880 593
2880 2833
2880 5498
2882 1009
2882 2094
2882 3472
2882 4186
2886 2494
2886 2520
2886 3391
2886 3466
2886 3581
2886 3755
2886 3985
2886 4093
2886 5679
2889 2714
2889 5684
2890 272
2890 542
2890 3340
2890 5733
2891 357
2891 650
2891 1288
2891 1473
2891 2176
2891 2266
2891 2268
2891 2398
2891 2607
2891 2854
2891 3425
2891 3777
2891 4489
2891 4537
2891 5020
2891 5074
2891 5151
2893 1606
2893 1861
2893 4619
2893 5519
2894 262
2894 4911
2894 5168
2894 5262
2898 3
2898 4
2898 202
2898 888
2898 1132
2898 1630
2898 1708
2898 2144
2898 2260
2898 2823
2898 2919
2898 3921
2898 4375
2898 4865
2898 4965
2898 4988
2898 5304
2902 4993
2903 785
2903 951
2903 1452
2903 2117
2903 3855
2903 4163
2908 252
2908 3735
2908 4965
2908 5666
2914 653
2914 841
2914 1004
2914 1446
2914 3416
2914 3641
2914 4108
2916 1246
2916 1280
2916 2797
2916 2965
2916 3218
2916 3614
2916 3704
2916 3951
2916 4585
2916 5169
2916 5668
2919 4
2919 1708
2919 2260
2919 2823
2919 2898
2919 4375
2922 1251
2922 1566
2922 2707
2922 5763
2924 204
2924 2941
2924 3430
2924 3538
2924 5695
2926 404
2926 910
2926 962
2926 2239
2941 204
2941 2924
2941 3430
2941 3538
2941 5695
2942 830
2942 1023
2942 1327
2942 2141
2942 3176
2942 4550
2942 4912
2943 1562
2943 3053
2943 3801
2943 3937
2949 3130
2949 3569
2949 5285
2949 5657
2952 3850
2952 4459
2952 4633
2952 5737
2959 372
2959 707
2959 1038
2959 1041
2959 1258
2959 2129
2959 2683
2959 3470
2959 4447
2961 940
2961 953
2961 3380
2961 4845
2961 5015
2961 5274
2961 5401
2964 1776
2964 2509
2964 2567
2964 3184
2965 2916
2965 3704
2983 1268
2983 1548
2983 2090
2983 4172
2984 907
2984 2349
2998 237
2998 531
2998 597
2998 1739
2998 3147
2998 3404
3000 876
3000 3001
3000 4896
3000 5138
3001 876
3001 3000
3001 4896
3001 5138
3002 1839
3002 2268
3002 3488
3002 4183
3002 5065
3002 5710
3003 501
3003 624
3003 1376
3003 5188
3010 610
3010 2065
3010 4436
3010 4861
3010 5370
3010 5426
3010 5571
3018 267
3018 657
3018 3108
3018 5342
3024 2046
3024 2729
3024 2809
3024 3820
3024 5486
3024 5530
3027 204
3027 257
3027 767
3027 1047
3027 1797
3027 1856
3027 3054
3027 3219
3027 3369
3027 3503
3027 3663
3027 5136
3027 5282
3030 1256
3030 1687
3030 3251
3030 3648
3030 4668
3030 5065
3032 216
3032 283
3032 5195
3032 5431
3033 1357
3033 1761
3033 1848
3033 2051
3033 3507
3033 3611
3033 3621
3033 3852
3033 4186
3033 4792
3033 4961
3033 5557
3033 5560
3034 77
3034 630
3034 2609
3034 3260
3034 4818
3034 5026
3036 114
3036 2155
3036 2521
3036 2540
3036 2855
3036 3173
3036 3621
3036 3661
3036 5324
3037 831
3037 2334
3037 3185
3037 3286
3037 3795
3038 197
3038 561
3038 1229
3038 3485
3038 3631
3038 4563
3043 500
3043 562
3043 4743
3043 5712
3047 620
3047 1989
3047 2261
3047 3342
3047 3469
3047 4900
3053 200
3053 281
3053 1336
3053 1435
3053 1562
3053 2321
3053 2943
3053 3188
3053 3801
3053 3937
3053 4549
3053 4814
3054 767
3054 1856
3054 2105
3054 3027
3054 3219
3054 3369
3054 3503
3054 3596
3054 3726
3054 3948
3054 5070
3054 5441
3054 5716
3055 588
3055 863
3055 3463
3055 3465
3055 4035
3055 4252
3055 4273
3055 4849
3055 4868
3067 3479
3067 3613
3067 4023
3067 4328
3072 235
3072 2444
3073 1662
3073 2390
3073 3128
3073 5708
3091 462
3091 1006
3091 2120
3091 2709
3091 3570
3091 3785
3091 4056
3091 5092
3091 5717
3094 269
3094 1059
3094 3119
3094 5438
3095 714
3095 866
3095 1713
3095 1970
3095 2643
3095 3474
3095 3952
3095 4065
3095 4082
3095 4251
3095 4947
3095 5482
3100 2155
3100 2230
3100 4154
3100 4237
3100 5162
3100 5248
3101 205
3101 673
3101 694
3101 3920
3108 267
3108 657
3108 3018
3108 5342
3115 1507
3115 1691
3115 2424
3115 4003
3115 4813
3115 5139
3119 269
3119 1059
3119 3094
3119 5438
3122 1397
3122 1450
3122 1499
3122 5215
3126 1731
3126 3387
3126 5188
3126 5650
3128 1662
3128 2390
3128 3073
3128 5708
3130 982
3130 1636
3130 2949
3130 3201
3130 3242
3130 3569
3130 5285
3130 5657
3132 1078
3132 1428
3137 676
3137 2410
3137 3553
3137 5223
3147 237
3147 531
3147 597
3147 1739
3147 2998
3147 3404
3151 492
3151 566
3151 935
3151 1196
3151 1460
3151 2236
3151 2252
3155 19
3155 69
3155 228
3155 612
3155 931
3155 2435
3155 2598
3155 2721
3155 5122
3156 1976
3156 2196
3156 4485
3156 5443
3163 554
3163 965
3163 966
3163 2174
3163 4102
3163 4741
3165 90
3165 678
3165 2612
3165 2852
3165 3458
3165 3752
3165 5238
3167 1744
3167 1868
3167 2240
3167 3825
3173 256
3173 1681
3173 2521
3173 2540
3173 2691
3173 2855
3173 3036
3173 3621
3173 3661
3173 5342
3176 830
3176 1023
3176 1327
3176 2141
3176 2942
3176 4550
3176 4912
3181 1772
3181 2297
3181 3218
3181 5125
3184 1776
3184 2509
3184 2567
3184 2964
3185 831
3185 2334
3185 3037
3185 3286
3185 3795
3188 200
3188 281
3188 1336
3188 1435
3188 2321
3188 3053
3188 4549
3188 4814
3189 1045
3189 1535
3189 4302
3189 5485
3190 1452
3190 5242
3190 5485
3190 5734
3193 406
3193 647
3193 689
3193 1216
3193 1284
3193 1722
3193 5092
3193 5140
3195 504
3195 2061
3195 2560
3195 3949
3195 4181
3195 5568
3198 396
3198 1252
3198 3827
3198 5342
3201 982
3201 1636
3201 3130
3201 3242
3208 233
3208 972
3208 999
3208 2114
3211 991
3211 4929
3213 156
3213 758
3213 1234
3213 1347
3213 1553
3214 186
3214 619
3214 969
3214 1381
3214 1572
3216 83
3216 115
3216 420
3216 683
3216 1633
3216 2322
3217 737
3217 1550
3217 2630
3217 3590
3218 1280
3218 1329
3218 1571
3218 1772
3218 2297
3218 2916
3218 3181
3218 3704
3218 3730
3218 3951
3218 4497
3218 5125
3218 5169
3218 5444
3218 5668
3219 767
3219 1856
3219 3027
3219 3054
3219 3369
3219 3503
3220 1887
3220 4409
3224 4081
3224 4184
3224 4750
3224 4981
3224 5049
3227 472
3227 714
3227 3422
3227 4408
3227 4874
3227 5069
3233 546
3233 1263
3233 1990
3233 3403
3236 66
3236 1104
3236 1846
3236 2168
3238 217
3238 2462
3238 5064
3242 982
3242 1636
3242 3130
3242 3201
3244 924
3244 2180
3244 4756
3244 5100
3248 2440
3251 1256
3251 1687
3251 3030
3251 3648
3251 4668
3251 5065
3260 77
3260 630
3260 2609
3260 3034
3260 4818
3260 5026
3267 2106
3267 2461
3269 4458
3269 5420
3270 216
3270 2295
3270 4899
3270 5064
3273 3508
3273 4815
3273 5437
3273 5535
3273 5617
3274 3665
3274 3787
3274 4647
3274 4764
3275 687
3275 2051
3275 2628
3275 4603
3275 4727
3275 5217
3283 682
3283 1636
3284 936
3284 1949
3284 2348
3284 2507
3284 4820
3284 5088
3286 831
3286 2334
3286 3037
3286 3185
3286 3795
3288 749
3288 925
3288 4691
3288 4797
3288 5307
3288 5531
3289 209
3289 1338
3289 2826
3289 3474
3289 3648
3289 5196
3290 819
3290 1439
3290 1444
3290 2414
3290 3766
3290 3966
3290 4030
3290 4718
3290 4749
3291 1792
3291 2726
3291 4816
3298 13
3298 670
3298 2377
3298 3414
3298 4719
3301 10
3301 758
3301 1082
3301 4802
3302 2745
3302 3558
3305 427
3305 5134
3313 113
3313 473
3313 712
3313 1072
3313 2608
3313 2792
3313 3955
3320 1706
3320 4473
3330 175
3330 1307
3330 3732
3330 5258
3340 272
3340 542
3340 2890
3340 5733
3342 620
3342 1989
3342 2261
3342 3047
3342 3469
3342 4900
3350 639
3350 2606
3350 3741
3350 4103
3352 3434
3352 5606
3355 828
3355 2722
3355 5134
3355 5653
3363 808
3363 1042
3363 1698
3363 2400
3363 3601
3363 4247
3369 767
3369 1856
3369 2051
3369 3027
3369 3054
3369 3219
3369 3503
3369 3704
3369 4794
3369 5668
3373 1123
3373 5195
3379 605
3379 1372
3379 1785
3379 5069
3380 940
3380 953
3380 2961
3380 4845
3380 5015
3380 5274
3380 5401
3382 2387
3382 3732
3382 5215
3382 5354
3382 5675
3387 1731
3387 3126
3387 5188
3387 5650
3388 2232
3388 3991
3391 2494
3391 2520
3391 2886
3391 3466
3391 3581
3391 3755
3391 3985
3391 4093
3391 5679
3392 1469
3392 2152
3392 3950
3392 4361
3403 546
3403 1263
3403 1990
3403 3233
3404 237
3404 531
3404 570
3404 573
3404 597
3404 1739
3404 1962
3404 2998
3404 3147
3404 3488
3404 3589
3404 5073
3408 984
3408 2066
3408 2270
3408 3866
3409 1452
3409 1515
3409 2658
3409 3463
3409 3648
3410 290
3410 555
3410 681
3410 875
3410 1258
3410 1841
3410 3503
3410 4031
3414 13
3414 670
3414 2377
3414 3298
3414 4719
3416 653
3416 841
3416 1004
3416 1446
3416 2914
3416 3641
3416 4108
3422 472
3422 714
3422 3227
3422 4408
3422 4874
3422 5069
3425 1288
3425 1473
3425 2607
3425 2891
3425 5151
3429 1161
3429 1174
3429 2480
3429 3447
3429 3950
3429 5278
3430 204
3430 2924
3430 2941
3430 3538
3430 5695
3434 3352
3434 5606
3447 1161
3447 1174
3447 2480
3447 3429
3447 3950
3447 5278
3450 977
3450 2251
3450 3565
3450 4556
3450 5005
3450 5464
3458 90
3458 678
3458 2612
3458 2852
3458 3165
3458 3752
3458 5238
3460 1663
3460 2295
3460 4041
3460 4163
3460 5181
3463 588
3463 863
3463 1452
3463 1515
3463 2658
3463 3055
3463 3409
3463 3465
3463 3648
3463 4035
3463 4252
3463 4273
3463 4849
3463 4868
3464 908
3464 1757
3464 2051
3464 4276
3465 588
3465 863
3465 3055
3465 3463
3465 4035
3465 4252
3465 4273
3465 4849
3465 4868
3466 2494
3466 2520
3466 2886
3466 3391
3466 3581
3466 3755
3466 3985
3466 4093
3466 5679
3469 620
3469 1989
3469 2261
3469 3047
3469 3342
3469 4900
3470 707
3470 2683
3470 2959
3470 4447
3472 1009
3472 2094
3472 2882
3472 4186
3474 209
3474 714
3474 866
3474 1338
3474 1970
3474 2643
3474 2826
3474 3095
3474 3289
3474 3648
3474 4082
3474 4251
3474 5196
3479 3067
3479 3613
3479 4023
3479 4328
3484 758
3484 1337
3484 3637
3484 4037
3485 197
3485 561
3485 1229
3485 3038
3485 3631
3485 4563
3488 455
3488 570
3488 573
3488 1839
3488 1962
3488 2016
3488 2268
3488 2460
3488 3002
3488 3404
3488 3589
3488 3830
3488 4183
3488 5065
3488 5073
3488 5710
3494 38
3494 627
3494 5064
3496 320
3496 1903
3499 661
3499 826
3499 895
3499 1618
3499 1717
3499 3614
3499 3875
3499 4806
3499 5128
3499 5226
3499 5371
3503 767
3503 1258
3503 1856
3503 3027
3503 3054
3503 3219
3503 3369
3503 3410
3503 4031
3504 632
3504 1667
3504 3686
3504 4572
3507 1357
3507 3033
3507 4186
3507 5557
3508 3273
3508 4815
3508 5437
3508 5535
3508 5617
3511 360
3511 1433
3511 4570
3512 1438
3512 1873
3512 2054
3512 2182
3512 2192
3512 4136
3512 4568
3512 4894
3538 204
3538 2924
3538 2941
3538 3430
3538 5695
3550 1241
3550 1639
3550 3800
3550 4021
3550 4708
3550 4757
3551 29
3551 919
3551 920
3551 2137
3551 5729
3552 205
3552 694
3553 102
3553 545
3553 676
3553 2343
3553 2410
3553 2644
3553 3137
3553 3719
3553 4822
3553 5006
3553 5223
3556 1250
3556 1616
3556 4972
3556 5613
3558 2745
3558 3302
3560 30
3560 945
3560 1453
3560 3776
3565 977
3565 2251
3565 3450
3565 4556
3565 5005
3565 5464
3569 2949
3569 3130
3569 5285
3569 5657
3570 462
3570 1006
3570 2120
3570 3091
3571 361
3571 1085
3572 616
3572 1046
3572 2457
3572 2822
3573 194
3573 530
3573 536
3573 862
3573 1128
3573 1454
3573 1779
3573 4252
3573 4841
3573 4849
3581 2494
3581 2520
3581 2886
3581 3391
3581 3466
3581 3755
3581 3985
3581 4093
3581 5679
3582 323
3582 1582
3582 2270
3582 2597
3583 905
3583 1236
3583 3904
3583 4414
3589 570
3589 573
3589 1962
3589 3404
3589 3488
3589 5073
3590 737
3590 1550
3590 2630
3590 3217
3593 1777
3593 4191
3596 3054
3596 3726
3596 3948
3596 5070
3600 1496
3600 2171
3600 2732
3600 4345
3600 4531
3600 4827
3600 5237
3600 5539
3601 808
3601 1042
3601 1698
3601 2400
3601 3363
3601 4247
3604 672
3604 3621
3604 4470
3604 5230
3608 444
3608 1591
3608 2280
3609 891
3609 1176
3609 5528
3610 186
3610 1114
3610 1960
3610 2033
3610 2309
3610 2471
3610 3621
3610 4996
3610 5061
3610 5447
3611 1357
3611 2051
3611 3033
3611 3621
3611 3852
3611 4186
3613 3067
3613 3479
3613 4023
3613 4328
3614 826
3614 895
3614 1246
3614 1618
3614 2797
3614 2916
3614 3499
3614 4585
3614 5226
3614 5371
3617 825
3617 5130
3617 5383
3621 672
3621 732
3621 833
3621 1114
3621 1357
3621 2033
3621 2051
3621 2309
3621 2471
3621 2521
3621 2540
3621 2855
3621 3033
3621 3036
3621 3173
3621 3604
3621 3610
3621 3611
3621 3661
3621 3748
3621 3852
3621 3950
3621 4186
3621 4313
3621 4470
3621 4870
3621 5230
3621 5246
3621 5447
3630 23
3630 436
3630 1410
3630 2714
3630 5433
3631 197
3631 561
3631 1229
3631 3038
3631 3485
3631 4563
3634 728
3634 1462
3634 2051
3634 5133
3637 758
3637 1337
3637 3484
3637 4037
3638 275
3638 367
3638 1298
3638 1643
3638 1649
3638 4748
3638 5303
3641 653
3641 841
3641 1004
3641 1446
3641 2914
3641 3416
3641 4108
3643 841
3643 1326
3643 1767
3643 4163
3643 4432
3643 5134
3643 5412
3645 184
3645 1793
3645 1825
3645 2266
3645 4464
3646 53
3646 2416
3646 2566
3646 5766
3648 64
3648 209
3648 1256
3648 1286
3648 1338
3648 1452
3648 1515
3648 1687
3648 2658
3648 2826
3648 3030
3648 3251
3648 3289
3648 3409
3648 3463
3648 3474
3648 4478
3648 4668
3648 4870
3648 5065
3648 5196
3652 61
3652 1008
3652 2631
3652 3797
3652 4104
3652 5364
3652 5531
3657 1242
3657 1736
3657 1932
3657 2428
3657 2595
3657 2826
3657 3852
3658 624
3658 1246
3658 1755
3658 5614
3661 661
3661 1566
3661 2521
3661 2540
3661 2855
3661 3036
3661 3173
3661 3621
3661 4390
3661 5134
3663 767
3663 1797
3663 3027
3663 5136
3664 632
3664 2295
3664 4046
3664 4298
3664 4337
3664 4825
3665 3274
3665 3787
3665 4647
3665 4764
3670 312
3670 1365
3670 2278
3670 4538
3686 632
3686 1667
3686 3504
3686 4572
3696 1684
3696 2151
3696 2564
3696 2872
3696 4268
3704 767
3704 1280
3704 1589
3704 2051
3704 2197
3704 2916
3704 2965
3704 3218
3704 3369
3704 3951
3704 4794
3704 5169
3704 5668
3705 881
3705 983
3705 2028
3707 2319
3708 571
3708 1841
3708 2602
3708 2856
3716 644
3716 2275
3717 1328
3717 1450
3717 2713
3717 2866
3719 102
3719 3553
3719 5006
3725 775
3725 1670
3726 3054
3726 3596
3726 3948
3726 5070
3730 1329
3730 1571
3730 3218
3730 4497
3730 5444
3732 175
3732 1307
3732 2387
3732 3330
3732 3382
3732 5215
3732 5258
3732 5354
3732 5675
3734 718
3734 2104
3734 2117
3734 2281
3734 2706
3734 5232
3735 252
3735 2908
3735 4965
3735 5666
3739 423
3739 2179
3740 1826
3740 2017
3740 4558
3741 639
3741 2606
3741 3350
3741 4103
3742 545
3742 1769
3742 2247
3742 3864
3742 3948
3746 3827
3746 4072
3747 692
3747 5416
3747 5507
3747 5669
3748 833
3748 1114
3748 3621
3750 1984
3750 2228
3750 4925
3750 5022
3750 5561
3752 90
3752 678
3752 2612
3752 2852
3752 3165
3752 3458
3752 5238
3754 2019
3754 2576
3754 3777
3755 2494
3755 2520
3755 2886
3755 3391
3755 3466
3755 3581
3755 3985
3755 4093
3755 5679
3762 1539
3762 5424
3766 819
3766 1439
3766 1444
3766 2414
3766 3290
3766 3966
3766 4030
3766 4718
3766 4749
3776 30
3776 945
3776 1453
3776 3560
3777 48
3777 218
3777 226
3777 650
3777 730
3777 847
3777 972
3777 975
3777 1049
3777 1067
3777 1076
3777 1334
3777 1367
3777 1750
3777 2019
3777 2096
3777 2172
3777 2305
3777 2306
3777 2462
3777 2576
3777 2629
3777 2653
3777 2891
3777 3754
3777 4113
3777 4123
3777 4462
3777 4537
3777 4667
3777 4721
3777 4736
3777 5074
3777 5134
3777 5211
3777 5493
3781 2144
3781 2201
3781 2268
3781 2636
3781 2796
3781 4284
3781 4880
3783 968
3783 1683
3783 2012
3783 4515
3785 2709
3785 3091
3785 4056
3785 5092
3785 5717
3787 3274
3787 3665
3787 4647
3787 4764
3795 831
3795 2334
3795 3037
3795 3185
3795 3286
3797 61
3797 3652
3797 4104
3797 5364
3799 1270
3799 2447
3800 1241
3800 1639
3800 3550
3800 4021
3800 4708
3800 4757
3801 1562
3801 2943
3801 3053
3801 3937
3804 2073
3804 2141
3806 175
3806 4295
3806 4649
3817 1304
3817 1362
3817 1714
3817 3953
3817 4955
3820 2046
3820 2729
3820 2809
3820 3024
3820 5486
3820 5530
3824 933
3824 1286
3824 4204
3824 4775
3824 5554
3825 1744
3825 1868
3825 2240
3825 3167
3827 396
3827 1252
3827 1341
3827 1436
3827 2295
3827 3198
3827 3746
3827 4072
3827 5342
3830 455
3830 2016
3830 2460
3830 3488
3850 1857
3850 1995
3850 2582
3850 2626
3850 2952
3850 4459
3850 4633
3850 5737
3852 926
3852 930
3852 1115
3852 1242
3852 1357
3852 1736
3852 1932
3852 2051
3852 2428
3852 2595
3852 2826
3852 3033
3852 3611
3852 3621
3852 3657
3852 4186
3852 4190
3852 5025
3855 785
3855 951
3855 1452
3855 2117
3855 2903
3855 4163
3857 635
3857 1118
3857 4031
3857 4199
3861 664
3861 1114
3861 2063
3861 3970
3861 3986
3862 213
3862 1493
3862 1716
3862 4011
3864 545
3864 1769
3864 2247
3864 3742
3864 3948
3865 265
3865 559
3865 1114
3865 1801
3865 5268
3866 984
3866 2066
3866 2270
3866 3408
3868 393
3868 1730
3868 4139
3868 5331
3872 1619
3872 4823
3872 5160
3875 661
3875 1717
3875 3499
3875 4806
3875 5128
3892 577
3892 1577
3904 905
3904 1236
3904 3583
3904 4414
3911 1715
3911 1965
3911 5134
3911 5506
3920 205
3920 673
3920 694
3920 3101
3921 888
3921 1132
3921 1630
3921 2144
3921 2898
3921 4988
3921 5304
3931 710
3931 2023
3931 2683
3934 276
3934 545
3934 2691
3934 2753
3934 4416
3934 4822
3937 1562
3937 2943
3937 3053
3937 3801
3948 545
3948 1769
3948 2247
3948 3054
3948 3596
3948 3726
3948 3742
3948 3864
3948 5070
3949 504
3949 2061
3949 2560
3949 3195
3949 4181
3949 5568
3950 732
3950 1161
3950 1174
3950 1469
3950 2152
3950 2480
3950 3392
3950 3429
3950 3447
3950 3621
3950 4313
3950 4361
3950 4870
3950 5246
3950 5278
3951 1280
3951 2916
3951 3218
3951 3704
3952 1713
3952 3095
3952 4065
3952 4947
3952 5482
3953 1304
3953 1362
3953 1714
3953 3817
3953 4955
3955 113
3955 473
3955 712
3955 1072
3955 2608
3955 2792
3955 3313
3966 819
3966 1439
3966 1444
3966 2414
3966 3290
3966 3766
3966 4030
3966 4718
3966 4749
3970 664
3970 1114
3970 2063
3970 3861
3970 3986
3985 2494
3985 2520
3985 2886
3985 3391
3985 3466
3985 3581
3985 3755
3985 4093
3985 5679
3986 664
3986 1114
3986 2063
3986 3861
3986 3970
3991 2232
3991 3388
4003 1507
4003 1691
4003 2424
4003 3115
4003 4813
4003 5139
4011 213
4011 1493
4011 1716
4011 3862
4020 2097
4020 2158
4020 2200
4020 4129
4021 855
4021 1241
4021 1639
4021 2073
4021 2097
4021 3550
4021 3800
4021 4708
4021 4757
4021 5712
4023 3067
4023 3479
4023 3613
4023 4328
4024 20
4024 141
4024 941
4024 2458
4024 4939
4030 819
4030 1439
4030 1444
4030 2414
4030 3290
4030 3766
4030 3966
4030 4718
4030 4749
4031 635
4031 1118
4031 1258
4031 3410
4031 3503
4031 3857
4031 4199
4035 588
4035 863
4035 3055
4035 3463
4035 3465
4035 4252
4035 4273
4035 4849
4035 4868
4037 110
4037 758
4037 1337
4037 3484
4037 3637
4037 5006
4041 1663
4041 3460
4046 632
4046 2295
4046 3664
4046 4298
4046 4337
4046 4825
4056 2709
4056 3091
4056 3785
4056 5092
4056 5717
4059 916
4059 1350
4059 2036
4059 2858
4065 1713
4065 3095
4065 3952
4065 4947
4065 5482
4071 54
4071 1121
4071 1680
4071 2015
4072 3746
4072 3827
4081 3224
4081 4184
4081 4750
4081 4981
4081 5049
4082 714
4082 866
4082 1970
4082 2643
4082 3095
4082 3474
4082 4251
4083 2855
4083 4266
4083 5324
4083 5700
4089 877
4089 1302
4093 2494
4093 2520
4093 2886
4093 3391
4093 3466
4093 3581
4093 3755
4093 3985
4093 5679
4096 227
4096 1001
4096 1856
4096 4404
4102 554
4102 965
4102 966
4102 2174
4102 3163
4102 4741
4103 639
4103 2606
4103 3350
4103 3741
4104 61
4104 3652
4104 3797
4104 5364
4108 653
4108 841
4108 1004
4108 1446
4108 2914
4108 3416
4108 3641
4113 972
4113 2462
4113 3777
4113 5493
4123 218
4123 226
4123 1067
4123 2096
4123 2629
4123 3777
4129 63
4129 852
4129 2018
4129 2097
4129 2158
4129 2200
4129 4020
4129 5055
4132 64
4132 208
4132 1262
4132 1477
4132 2630
4132 5635
4132 5718
4136 1438
4136 1873
4136 2054
4136 2182
4136 2192
4136 3512
4136 4568
4136 4894
4139 393
4139 1730
4139 3868
4139 5331
4149 230
4149 2160
4149 4766
4154 2155
4154 2230
4154 3100
4154 4237
4154 5162
4154 5248
4163 785
4163 841
4163 951
4163 1326
4163 1452
4163 1767
4163 2117
4163 2295
4163 2903
4163 3460
4163 3643
4163 3855
4163 4432
4163 5134
4163 5181
4163 5412
4172 215
4172 1268
4172 1279
4172 1548
4172 2090
4172 2983
4172 4679
4176 1655
4176 2034
4176 4222
4176 5639
4180 382
4180 823
4180 1900
4180 2534
4180 5427
4180 5551
4181 504
4181 2061
4181 2560
4181 3195
4181 3949
4181 5568
4182 106
4182 264
4183 1235
4183 1757
4183 1769
4183 1839
4183 2268
4183 3002
4183 3488
4183 4411
4183 5065
4183 5342
4183 5351
4183 5710
4184 3224
4184 4081
4184 4750
4184 4981
4184 5049
4186 222
4186 926
4186 930
4186 1009
4186 1115
4186 1357
4186 2051
4186 2094
4186 2858
4186 2882
4186 3033
4186 3472
4186 3507
4186 3611
4186 3621
4186 3852
4186 4190
4186 4713
4186 5025
4186 5133
4186 5557
4190 926
4190 930
4190 1115
4190 1357
4190 3852
4190 4186
4190 5025
4191 1777
4191 3593
4199 635
4199 1118
4199 3857
4199 4031
4204 933
4204 1286
4204 3824
4204 4775
4204 5554
4217 2571
4217 4848
4220 236
4220 1168
4220 2245
4220 4722
4222 1655
4222 2034
4222 4176
4222 5639
4230 598
4230 984
4230 4355
4230 4480
4230 5652
4237 2155
4237 2230
4237 3100
4237 4154
4237 5162
4237 5248
4239 1261
4239 1788
4239 4928
4239 5031
4239 5512
4239 5626
4247 808
4247 1042
4247 1698
4247 2400
4247 3363
4247 3601
4251 714
4251 866
4251 1970
4251 2643
4251 3095
4251 3474
4251 4082
4252 194
4252 530
4252 536
4252 588
4252 862
4252 863
4252 1128
4252 1454
4252 1779
4252 3055
4252 3463
4252 3465
4252 3573
4252 4035
4252 4273
4252 4841
4252 4849
4252 4868
4253 939
4253 2200
4253 2380
4253 5613
4266 2855
4266 4083
4266 5324
4266 5700
4268 1684
4268 2151
4268 2564
4268 2872
4268 3696
4271 1293
4271 2215
4271 5524
4273 588
4273 863
4273 3055
4273 3463
4273 3465
4273 4035
4273 4252
4273 4849
4273 4868
4276 908
4276 1757
4276 2051
4276 3464
4277 940
4277 1246
4277 5015
4277 5401
4284 2144
4284 2201
4284 2268
4284 2636
4284 2796
4284 3781
4284 4880
4285 313
4285 409
4285 951
4285 1640
4285 2814
4295 175
4295 3806
4295 4649
4298 632
4298 2295
4298 3664
4298 4046
4298 4337
4298 4825
4302 1045
4302 1535
4302 3189
4302 5485
4313 732
4313 3621
4313 3950
4313 4870
4313 5246
4318 2435
4318 5546
4328 3067
4328 3479
4328 3613
4328 4023
4330 142
4330 341
4330 1978
4330 2616
4330 5488
4335 218
4335 871
4335 1067
4335 1152
4337 632
4337 2295
4337 3664
4337 4046
4337 4298
4337 4825
4345 1496
4345 2171
4345 2732
4345 3600
4345 4531
4345 4827
4345 5237
4345 5539
4354 457
4354 1712
4354 4476
4354 4767
4354 5314
4354 5497
4354 5687
4355 598
4355 984
4355 4230
4355 4480
4355 5652
4357 847
4357 1119
4357 1234
4357 1755
4361 1469
4361 2152
4361 3392
4361 3950
4367 504
4367 702
4367 761
4367 1704
4367 2505
4367 5109
4375 4
4375 1708
4375 2260
4375 2823
4375 2898
4375 2919
4377 20
4377 141
4377 2458
4377 4822
4388 109
4388 2032
4388 2070
4388 2498
4388 2568
4388 4597
4390 661
4390 1566
4390 3661
4390 5134
4391 1290
4391 1576
4391 2242
4391 2606
4396 5011
4396 5471
4404 227
4404 1001
4404 1856
4404 4096
4405 285
4405 743
4405 4601
4405 4982
4408 21
4408 249
4408 472
4408 583
4408 714
4408 1310
4408 3227
4408 3422
4408 4874
4408 5069
4409 1887
4409 3220
4411 4183
4411 5351
4414 905
4414 1236
4414 3583
4414 3904
4416 276
4416 545
4416 2691
4416 2753
4416 3934
4416 4822
4432 841
4432 937
4432 1011
4432 1326
4432 1767
4432 2471
4432 3643
4432 4163
4432 4775
4432 5134
4432 5412
4432 5554
4436 610
4436 2065
4436 3010
4436 4861
4436 5370
4436 5426
4436 5571
4437 1432
4437 1996
4437 2016
4442 1801
4442 5173
4447 707
4447 2683
4447 2959
4447 3470
4458 3269
4458 5420
4459 2952
4459 3850
4459 4633
4459 5737
4462 975
4462 2172
4462 2305
4462 2306
4462 3777
4462 4667
4462 4721
4462 4736
4462 5134
4464 184
4464 1793
4464 1825
4464 2266
4464 3645
4467 1241
4467 1953
4467 2403
4467 2462
4467 5655
4467 5672
4470 672
4470 3604
4470 3621
4470 5230
4473 1706
4473 3320
4476 457
4476 1712
4476 4354
4476 4767
4476 5314
4476 5497
4476 5687
4478 64
4478 1286
4478 3648
4478 4870
4480 598
4480 984
4480 1055
4480 1058
4480 1299
4480 4230
4480 4355
4480 4984
4480 5652
4485 1976
4485 2196
4485 3156
4485 5443
4489 2176
4489 2854
4489 2891
4495 893
4495 986
4495 2289
4497 1329
4497 1571
4497 3218
4497 3730
4497 5444
4503 16
4503 1702
4503 5506
4510 619
4510 1628
4510 2563
4510 5322
4515 968
4515 1683
4515 2012
4515 3783
4531 1496
4531 2171
4531 2732
4531 3600
4531 4345
4531 4827
4531 5237
4531 5539
4537 650
4537 2891
4537 3777
4537 5074
4538 312
4538 1365
4538 2278
4538 3670
4541 1666
4541 2578
4541 2580
4541 4794
4543 666
4543 2597
4543 2805
4543 5342
4548 958
4548 2718
4549 200
4549 281
4549 1336
4549 1435
4549 2321
4549 3053
4549 3188
4549 4814
4550 830
4550 1023
4550 1327
4550 2141
4550 2942
4550 3176
4550 4912
4555 1113
4555 1617
4556 977
4556 2251
4556 3450
4556 3565
4556 5005
4556 5464
4558 1826
4558 2017
4558 3740
4563 197
4563 561
4563 1229
4563 3038
4563 3485
4563 3631
4568 1438
4568 1873
4568 2054
4568 2182
4568 2192
4568 3512
4568 4136
4568 4894
4570 360
4570 1433
4570 3511
4572 632
4572 1667
4572 3504
4572 3686
4583 276
4583 2037
4583 2654
4583 2797
4585 1246
4585 2797
4585 2916
4585 3614
4588 163
4588 894
4588 1668
4588 1914
4597 109
4597 2032
4597 2070
4597 2498
4597 2568
4597 4388
4601 285
4601 743
4601 4405
4601 4982
4603 2051
4603 2628
4603 3275
4603 5217
4619 1606
4619 1861
4619 2893
4619 5519
4623 185
4623 508
4623 2081
4623 5085
4629 435
4629 1892
4629 2056
4629 2159
4632 656
4632 2861
4633 2952
4633 3850
4633 4459
4633 5737
4647 3274
4647 3665
4647 3787
4647 4764
4649 175
4649 3806
4649 4295
4652 638
4652 2032
4652 5075
4652 5660
4653 204
4653 2193
4653 2258
4653 5082
4653 5468
4653 5496
4667 975
4667 2172
4667 2305
4667 2306
4667 3777
4667 4462
4667 4721
4667 4736
4667 5134
4668 1256
4668 1687
4668 3030
4668 3251
4668 3648
4668 5065
4679 215
4679 1279
4679 1548
4679 4172
4688 497
4688 563
4691 749
4691 925
4691 3288
4691 4797
4691 5307
4691 5531
4699 2485
4699 4941
4708 1241
4708 1639
4708 3550
4708 3800
4708 4021
4708 4757
4713 222
4713 2858
4713 4186
4713 5133
4718 819
4718 1439
4718 1444
4718 2414
4718 3290
4718 3766
4718 3966
4718 4030
4718 4749
4719 13
4719 670
4719 2377
4719 3298
4719 3414
4721 975
4721 2172
4721 2305
4721 2306
4721 3777
4721 4462
4721 4667
4721 4736
4721 5134
4722 236
4722 1168
4722 2245
4722 4220
4727 687
4727 3275
4736 975
4736 2172
4736 2305
4736 2306
4736 3777
4736 4462
4736 4667
4736 4721
4736 5134
4737 241
4737 1738
4737 1829
4737 2431
4738 189
4738 427
4738 1633
4738 5134
4741 554
4741 965
4741 966
4741 2174
4741 3163
4741 4102
4743 500
4743 562
4743 3043
4743 5712
4748 275
4748 367
4748 1298
4748 1643
4748 1649
4748 3638
4748 5303
4749 819
4749 1439
4749 1444
4749 2414
4749 3290
4749 3766
4749 3966
4749 4030
4749 4718
4750 3224
4750 4081
4750 4184
4750 4981
4750 5049
4752 1357
4752 1488
4752 2643
4752 4791
4754 304
4754 779
4754 2041
4756 924
4756 2180
4756 3244
4756 5100
4757 1241
4757 1639
4757 3550
4757 3800
4757 4021
4757 4708
4764 3274
4764 3665
4764 3787
4764 4647
4766 230
4766 2160
4766 4149
4767 457
4767 1712
4767 4354
4767 4476
4767 5314
4767 5497
4767 5687
4775 933
4775 937
4775 1011
4775 1286
4775 2471
4775 3824
4775 4204
4775 4432
4775 5554
4791 1357
4791 1488
4791 2643
4791 4752
4792 1357
4792 1761
4792 1848
4792 3033
4792 4961
4792 5560
4794 767
4794 1666
4794 2051
4794 2578
4794 2580
4794 3369
4794 3704
4794 4541
4794 5668
4795 226
4795 1968
4795 1971
4795 2091
4795 5192
4797 211
4797 593
4797 749
4797 810
4797 925
4797 3288
4797 4691
4797 5307
4797 5460
4797 5531
4797 5558
4802 10
4802 758
4802 1082
4802 3301
4806 661
4806 1717
4806 3499
4806 3875
4806 5128
4810 886
4810 2759
4810 5607
4810 5727
4813 1507
4813 1691
4813 2424
4813 3115
4813 4003
4813 5139
4814 200
4814 281
4814 1336
4814 1435
4814 2321
4814 3053
4814 3188
4814 4549
4815 3273
4815 3508
4815 5437
4815 5535
4815 5617
4816 74
4816 1792
4816 2117
4816 2726
4816 3291
4818 77
4818 630
4818 2609
4818 3034
4818 3260
4818 5026
4820 936
4820 1949
4820 2348
4820 2507
4820 3284
4820 5088
4822 20
4822 141
4822 276
4822 545
4822 2343
4822 2458
4822 2644
4822 2691
4822 2753
4822 3553
4822 3934
4822 4377
4822 4416
4823 1619
4823 3872
4823 5160
4825 632
4825 2295
4825 3664
4825 4046
4825 4298
4825 4337
4827 1496
4827 2171
4827 2732
4827 3600
4827 4345
4827 4531
4827 5237
4827 5539
4841 194
4841 530
4841 536
4841 862
4841 1128
4841 1454
4841 1779
4841 3573
4841 4252
4841 4849
4845 940
4845 953
4845 2961
4845 3380
4845 5015
4845 5274
4845 5401
4848 2571
4848 4217
4849 194
4849 530
4849 536
4849 588
4849 862
4849 863
4849 1128
4849 1454
4849 1779
4849 3055
4849 3463
4849 3465
4849 3573
4849 4035
4849 4252
4849 4273
4849 4841
4849 4868
4856 191
4856 227
4856 691
4856 841
4861 610
4861 2065
4861 3010
4861 4436
4861 5370
4861 5426
4861 5571
4864 244
4864 616
4864 994
4864 1969
4865 3
4865 202
4865 2898
4865 4965
4868 588
4868 863
4868 3055
4868 3463
4868 3465
4868 4035
4868 4252
4868 4273
4868 4849
4870 64
4870 732
4870 1286
4870 3621
4870 3648
4870 3950
4870 4313
4870 4478
4870 5246
4874 472
4874 714
4874 3227
4874 3422
4874 4408
4874 5069
4880 2144
4880 2201
4880 2268
4880 2636
4880 2796
4880 3781
4880 4284
4894 1438
4894 1873
4894 2054
4894 2182
4894 2192
4894 3512
4894 4136
4894 4568
4896 876
4896 3000
4896 3001
4896 5138
4899 216
4899 2295
4899 3270
4899 5064
4900 620
4900 1989
4900 2261
4900 3047
4900 3342
4900 3469
4911 262
4911 2894
4911 5168
4911 5262
4912 830
4912 1023
4912 1327
4912 2141
4912 2942
4912 3176
4912 4550
4925 1984
4925 2228
4925 3750
4925 5022
4925 5561
4928 1261
4928 1788
4928 4239
4928 5031
4928 5512
4928 5626
4929 991
4929 3211
4936 391
4936 2141
4936 2851
4936 5672
4937 878
4937 2430
4939 20
4939 141
4939 941
4939 2458
4939 4024
4941 2485
4941 4699
4942 204
4942 386
4942 5272
4942 5485
4947 1713
4947 3095
4947 3952
4947 4065
4947 5482
4955 1304
4955 1362
4955 1714
4955 3817
4955 3953
4959 607
4959 1464
4961 1357
4961 1761
4961 1848
4961 3033
4961 4792
4961 5560
4965 3
4965 202
4965 252
4965 2898
4965 2908
4965 3735
4965 4865
4965 5666
4971 445
4971 923
4971 1155
4971 1448
4971 1463
4972 1250
4972 1616
4972 3556
4972 5613
4981 3224
4981 4081
4981 4184
4981 4750
4981 5049
4982 285
4982 743
4982 4405
4982 4601
4984 1055
4984 1058
4984 1299
4984 4480
4988 888
4988 1132
4988 1630
4988 2144
4988 2898
4988 3921
4988 5304
4993 2902
4996 186
4996 1960
4996 3610
4996 5061
5005 977
5005 2251
5005 3450
5005 3565
5005 4556
5005 5464
5006 102
5006 110
5006 3553
5006 3719
5006 4037
5011 4396
5011 5471
5015 940
5015 953
5015 1246
5015 2961
5015 3380
5015 4277
5015 4845
5015 5274
5015 5401
5020 357
5020 2266
5020 2268
5020 2398
5020 2891
5022 1984
5022 2228
5022 3750
5022 4925
5022 5561
5025 926
5025 930
5025 1115
5025 1357
5025 3852
5025 4186
5025 4190
5026 77
5026 630
5026 2609
5026 3034
5026 3260
5026 4818
5031 1261
5031 1788
5031 4239
5031 4928
5031 5512
5031 5626
5035 344
5035 622
5049 3224
5049 4081
5049 4184
5049 4750
5049 4981
5055 63
5055 852
5055 2018
5055 4129
5061 186
5061 1960
5061 3610
5061 4996
5064 38
5064 216
5064 217
5064 627
5064 2295
5064 2462
5064 3238
5064 3270
5064 3494
5064 4899
5065 1256
5065 1687
5065 1839
5065 2268
5065 3002
5065 3030
5065 3251
5065 3488
5065 3648
5065 4183
5065 4668
5065 5710
5069 472
5069 605
5069 714
5069 1372
5069 1785
5069 3227
5069 3379
5069 3422
5069 4408
5069 4874
5070 1803
5070 2630
5070 3054
5070 3596
5070 3726
5070 3948
5070 5485
5070 5534
5073 570
5073 573
5073 1962
5073 3404
5073 3488
5073 3589
5074 650
5074 2891
5074 3777
5074 4537
5075 638
5075 2032
5075 4652
5075 5660
5082 204
5082 2193
5082 2258
5082 4653
5082 5468
5082 5496
5083 260
5083 513
5083 597
5083 1602
5085 185
5085 508
5085 2081
5085 4623
5088 936
5088 1949
5088 2348
5088 2507
5088 3284
5088 4820
5092 406
5092 689
5092 1216
5092 2709
5092 3091
5092 3193
5092 3785
5092 4056
5092 5717
5100 924
5100 2180
5100 3244
5100 4756
5109 504
5109 702
5109 761
5109 1704
5109 2505
5109 4367
5122 19
5122 69
5122 228
5122 612
5122 931
5122 2435
5122 2598
5122 2721
5122 3155
5125 1772
5125 2297
5125 3181
5125 3218
5128 661
5128 1717
5128 3499
5128 3875
5128 4806
5130 825
5130 3617
5130 5383
5133 222
5133 728
5133 1462
5133 2051
5133 2858
5133 3634
5133 4186
5133 4713
5134 189
5134 427
5134 661
5134 828
5134 841
5134 975
5134 1305
5134 1326
5134 1566
5134 1633
5134 1715
5134 1767
5134 1965
5134 2128
5134 2172
5134 2305
5134 2306
5134 2676
5134 2722
5134 3305
5134 3355
5134 3643
5134 3661
5134 3777
5134 3911
5134 4163
5134 4390
5134 4432
5134 4462
5134 4667
5134 4721
5134 4736
5134 4738
5134 5203
5134 5412
5134 5506
5134 5653
5136 767
5136 1797
5136 3027
5136 3663
5138 876
5138 3000
5138 3001
5138 4896
5139 1507
5139 1691
5139 2424
5139 3115
5139 4003
5139 4813
5140 647
5140 1216
5140 1284
5140 1722
5140 3193
5144 1625
5144 2414
5151 1288
5151 1473
5151 2607
5151 2891
5151 3425
5160 1619
5160 3872
5160 4823
5162 2155
5162 2230
5162 3100
5162 4154
5162 4237
5162 5248
5168 262
5168 2894
5168 4911
5168 5262
5169 2916
5169 3218
5169 3704
5169 5668
5173 1801
5173 4442
5181 2295
5181 3460
5181 4163
5188 501
5188 624
5188 1376
5188 1731
5188 3003
5188 3126
5188 3387
5188 5650
5192 226
5192 1968
5192 1971
5192 2091
5192 4795
5195 216
5195 283
5195 1123
5195 3032
5195 3373
5195 5431
5196 209
5196 1338
5196 2826
5196 3289
5196 3474
5196 3648
5203 1305
5203 2676
5203 5134
5205 340
5205 1446
5205 2027
5205 5211
5205 5321
5205 5710
5208 616
5208 1488
5208 1693
5208 2051
5208 2218
5211 340
5211 1049
5211 1076
5211 1446
5211 1750
5211 2027
5211 3777
5211 5205
5211 5321
5211 5710
5215 1397
5215 1450
5215 1499
5215 2387
5215 3122
5215 3382
5215 3732
5215 5354
5215 5675
5217 2051
5217 2628
5217 3275
5217 4603
5223 676
5223 2410
5223 3137
5223 3553
5226 826
5226 895
5226 1618
5226 3499
5226 3614
5226 5371
5227 141
5227 182
5227 916
5227 2004
5227 2633
5230 672
5230 3604
5230 3621
5230 4470
5232 718
5232 2104
5232 2117
5232 2281
5232 2706
5232 3734
5237 1496
5237 2171
5237 2732
5237 3600
5237 4345
5237 4531
5237 4827
5237 5539
5238 90
5238 678
5238 2612
5238 2852
5238 3165
5238 3458
5238 3752
5242 1452
5242 3190
5242 5485
5242 5734
5246 732
5246 3621
5246 3950
5246 4313
5246 4870
5248 2155
5248 2230
5248 3100
5248 4154
5248 4237
5248 5162
5258 175
5258 1307
5258 3330
5258 3732
5262 262
5262 2894
5262 4911
5262 5168
5263 66
5263 943
5263 1047
5263 1423
5263 1725
5263 1846
5263 5359
5268 265
5268 559
5268 1114
5268 1801
5268 3865
5272 204
5272 386
5272 4942
5272 5485
5274 940
5274 953
5274 2961
5274 3380
5274 4845
5274 5015
5274 5401
5278 1161
5278 1174
5278 2480
5278 3429
5278 3447
5278 3950
5282 204
5282 257
5282 1047
5282 3027
5285 2949
5285 3130
5285 3569
5285 5657
5288 1304
5288 1408
5288 5735
5303 275
5303 367
5303 1298
5303 1643
5303 1649
5303 3638
5303 4748
5304 888
5304 1132
5304 1630
5304 2144
5304 2898
5304 3921
5304 4988
5307 749
5307 925
5307 3288
5307 4691
5307 4797
5307 5531
5314 457
5314 1712
5314 4354
5314 4476
5314 4767
5314 5497
5314 5687
5321 340
5321 1446
5321 2027
5321 5205
5321 5211
5321 5710
5322 619
5322 1628
5322 2563
5322 4510
5324 114
5324 2155
5324 2855
5324 3036
5324 4083
5324 4266
5324 5700
5331 393
5331 1730
5331 3868
5331 4139
5342 256
5342 267
5342 396
5342 657
5342 666
5342 1235
5342 1252
5342 1681
5342 1757
5342 1769
5342 2597
5342 2691
5342 2805
5342 3018
5342 3108
5342 3173
5342 3198
5342 3827
5342 4183
5342 4543
5351 4183
5351 4411
5354 2387
5354 3382
5354 3732
5354 5215
5354 5675
5358 539
5358 2760
5358 5624
5359 1047
5359 1725
5359 5263
5364 61
5364 3652
5364 3797
5364 4104
5370 610
5370 2065
5370 3010
5370 4436
5370 4861
5370 5426
5370 5571
5371 826
5371 895
5371 1618
5371 3499
5371 3614
5371 5226
5383 825
5383 3617
5383 5130
5401 940
5401 953
5401 1246
5401 2961
5401 3380
5401 4277
5401 4845
5401 5015
5401 5274
5412 841
5412 1326
5412 1767
5412 3643
5412 4163
5412 4432
5412 5134
5416 692
5416 3747
5416 5507
5416 5669
5420 3269
5420 4458
5422 2623
5422 5656
5424 1539
5424 3762
5426 610
5426 2065
5426 3010
5426 4436
5426 4861
5426 5370
5426 5571
5427 382
5427 823
5427 1900
5427 2534
5427 4180
5427 5551
5431 216
5431 283
5431 3032
5431 5195
5433 23
5433 436
5433 1410
5433 2714
5433 3630
5434 2707
5434 5523
5437 3273
5437 3508
5437 4815
5437 5535
5437 5617
5438 269
5438 1059
5438 3094
5438 3119
5441 767
5441 2105
5441 3054
5441 5716
5443 1976
5443 2196
5443 3156
5443 4485
5444 1329
5444 1571
5444 3218
5444 3730
5444 4497
5447 1114
5447 2033
5447 2309
5447 2471
5447 3610
5447 3621
5460 211
5460 593
5460 810
5460 4797
5460 5558
5464 977
5464 2251
5464 3450
5464 3565
5464 4556
5464 5005
5467 2531
5468 204
5468 2193
5468 2258
5468 4653
5468 5082
5468 5496
5471 4396
5471 5011
5482 1713
5482 3095
5482 3952
5482 4065
5482 4947
5485 204
5485 386
5485 1045
5485 1452
5485 1535
5485 1803
5485 2630
5485 3189
5485 3190
5485 4302
5485 4942
5485 5070
5485 5242
5485 5272
5485 5534
5485 5734
5486 2046
5486 2729
5486 2809
5486 3024
5486 3820
5486 5530
5488 142
5488 341
5488 1978
5488 2616
5488 4330
5493 972
5493 2462
5493 3777
5493 4113
5496 204
5496 2193
5496 2258
5496 4653
5496 5082
5496 5468
5497 457
5497 1712
5497 4354
5497 4476
5497 4767
5497 5314
5497 5687
5498 211
5498 593
5498 2833
5498 2880
5500 624
5500 1376
5500 1685
5500 1755
5500 1897
5500 2140
5506 16
5506 1702
5506 1715
5506 1965
5506 3911
5506 4503
5506 5134
5507 692
5507 3747
5507 5416
5507 5669
5512 1261
5512 1788
5512 4239
5512 4928
5512 5031
5512 5626
5519 1606
5519 1861
5519 2893
5519 4619
5523 2707
5523 5434
5524 1293
5524 2215
5524 4271
5528 891
5528 1176
5528 3609
5530 2046
5530 2729
5530 2809
5530 3024
5530 3820
5530 5486
5531 749
5531 925
5531 1008
5531 2631
5531 3288
5531 3652
5531 4691
5531 4797
5531 5307
5534 1803
5534 2630
5534 5070
5534 5485
5535 3273
5535 3508
5535 4815
5535 5437
5535 5617
5539 1496
5539 2171
5539 2732
5539 3600
5539 4345
5539 4531
5539 4827
5539 5237
5541 115
5541 2249
5541 2374
5541 5614
5542 1023
5542 1301
5542 1526
5542 2395
5544 2389
5544 2659
5546 2435
5546 4318
5551 382
5551 823
5551 1900
5551 2534
5551 4180
5551 5427
5554 933
5554 937
5554 1011
5554 1286
5554 2471
5554 3824
5554 4204
5554 4432
5554 4775
5557 1357
5557 3033
5557 3507
5557 4186
5558 211
5558 593
5558 810
5558 4797
5558 5460
5560 1357
5560 1761
5560 1848
5560 3033
5560 4792
5560 4961
5561 1984
5561 2228
5561 3750
5561 4925
5561 5022
5568 504
5568 2061
5568 2560
5568 3195
5568 3949
5568 4181
5571 610
5571 2065
5571 3010
5571 4436
5571 4861
5571 5370
5571 5426
5577 66
5577 943
5577 1846
5578 66
5578 943
5578 1846
5581 1218
5581 1657
5606 3352
5606 3434
5607 4810
5607 5727
5613 939
5613 1250
5613 1616
5613 2200
5613 2380
5613 3556
5613 4253
5613 4972
5614 115
5614 624
5614 1246
5614 1755
5614 2249
5614 2374
5614 3658
5614 5541
5617 3273
5617 3508
5617 4815
5617 5437
5617 5535
5624 539
5624 2760
5624 5358
5626 1261
5626 1788
5626 4239
5626 4928
5626 5031
5626 5512
5635 64
5635 208
5635 1262
5635 1477
5635 2630
5635 4132
5635 5718
5639 1655
5639 2034
5639 4176
5639 4222
5650 1731
5650 3126
5650 3387
5650 5188
5652 598
5652 984
5652 4230
5652 4355
5652 4480
5653 828
5653 2722
5653 3355
5653 5134
5655 1241
5655 1953
5655 2403
5655 2462
5655 4467
5655 5672
5656 2623
5656 5422
5657 2949
5657 3130
5657 3569
5657 5285
5660 638
5660 2032
5660 4652
5660 5075
5666 252
5666 2908
5666 3735
5666 4965
5668 767
5668 2051
5668 2916
5668 3218
5668 3369
5668 3704
5668 4794
5668 5169
5669 692
5669 3747
5669 5416
5669 5507
5672 391
5672 1241
5672 1953
5672 2141
5672 2403
5672 2462
5672 2851
5672 4467
5672 4936
5672 5655
5675 2387
5675 3382
5675 3732
5675 5215
5675 5354
5679 2494
5679 2520
5679 2886
5679 3391
5679 3466
5679 3581
5679 3755
5679 3985
5679 4093
5684 2714
5684 2889
5687 457
5687 1712
5687 4354
5687 4476
5687 4767
5687 5314
5687 5497
5695 204
5695 2924
5695 2941
5695 3430
5695 3538
5700 2855
5700 4083
5700 4266
5700 5324
5708 1662
5708 2390
5708 3073
5708 3128
5710 340
5710 1446
5710 1839
5710 2027
5710 2268
5710 3002
5710 3488
5710 4183
5710 5065
5710 5205
5710 5211
5710 5321
5712 276
5712 500
5712 562
5712 855
5712 1081
5712 1500
5712 1970
5712 2073
5712 2097
5712 2167
5712 2540
5712 3043
5712 4021
5712 4743
5713 1363
5713 2229
5713 2290
5713 2648
5716 767
5716 2105
5716 3054
5716 5441
5717 2709
5717 3091
5717 3785
5717 4056
5717 5092
5718 64
5718 208
5718 1262
5718 1477
5718 2630
5718 4132
5718 5635
5727 4810
5727 5607
5729 29
5729 919
5729 920
5729 2137
5729 3551
5732 434
5732 502
5732 583
5732 679
5732 1111
5732 1179
5733 272
5733 542
5733 2890
5733 3340
5734 1452
5734 3190
5734 5242
5734 5485
5735 1304
5735 1408
5735 5288
5737 2952
5737 3850
5737 4459
5737 4633
5747 66
5747 943
5747 1846
5747 2744
5763 1251
5763 1566
5763 2707
5763 2922
5764 564
5764 2165
5766 53
5766 2416
5766 2566
5766 3646
