1 2019
1 2576
1 3754
1 3777
2 2241
2 2902
2 4993
3 2242
3 2606
3 2745
4 2242
4 2606
4 4391
5 1290
5 1576
5 2242
5 2606
5 4391
6 2745
6 3302
6 3558
7 313
7 409
7 951
7 1640
7 2814
7 4285
8 313
8 951
8 4916
9 1250
9 1616
9 3556
9 4972
9 5613
10 937
10 1011
10 2471
10 3672
10 4432
10 4775
10 5554
11 64
11 1286
11 3648
11 4478
11 4870
12 2810
12 3672
12 3824
12 4884
13 905
13 1236
13 3583
13 3904
13 4414
14 1496
14 2171
14 2732
14 3600
14 4345
14 4531
14 4827
14 5237
14 5539
15 767
15 1856
15 2702
15 3027
15 3218
15 3369
15 3503
16 577
16 1577
16 3892
17 2105
17 3369
17 3892
17 5441
17 5715
18 361
18 1085
18 3571
19 2916
19 2965
19 3704
20 3369
20 3726
20 3892
20 3948
20 4145
21 2916
21 3218
21 3704
21 5169
21 5668
22 1246
22 2797
22 2916
22 3614
22 4585
23 692
23 1452
23 2658
23 3369
23 3409
23 3463
23 3648
24 767
24 2051
24 3369
24 3704
24 4794
24 5668
25 940
25 1246
25 4277
25 5015
25 5401
26 775
26 1670
26 3725
27 204
27 386
27 4942
27 5272
27 5485
28 1168
28 2245
28 4220
28 4722
29 891
29 1176
29 3609
29 5528
30 2144
30 2201
30 2268
30 2557
30 2636
30 4248
30 4284
30 4880
31 269
31 1059
31 3006
31 3094
31 3119
31 5438
32 687
32 3275
32 4727
33 1984
33 2228
33 3750
33 4925
33 5022
33 5561
34 276
34 2037
34 2654
34 2797
34 4583
35 1123
35 3373
35 5195
36 267
36 657
36 3018
36 3108
36 5342
37 358
37 623
37 1473
39 1357
39 2051
39 3033
39 3611
39 3621
39 3852
39 4186
40 1015
40 1686
40 2699
41 4
41 1708
41 2260
41 2823
41 2898
41 2919
41 4375
42 924
42 2180
42 3244
42 4756
42 5100
43 2097
43 2158
43 2200
43 4020
43 4129
44 1539
44 3762
44 5424
45 2176
45 2854
45 2891
45 4489
47 982
47 1636
47 3130
47 3201
47 3242
48 2709
48 3091
48 3785
48 5092
48 5717
49 396
49 1252
49 3198
49 3827
49 5342
51 462
51 1006
51 2120
51 3091
51 3570
52 1241
52 1639
52 3550
52 3800
52 4021
52 4708
52 4757
53 357
53 2266
53 2268
53 2398
53 2891
53 5020
54 2027
54 3505
54 3812
54 5205
54 5321
54 5710
55 1803
55 2630
55 5070
55 5485
55 5534
56 847
56 1119
56 1234
56 1755
56 4357
57 37
57 1515
57 1694
57 1727
57 2881
57 3354
57 4563
58 141
58 182
58 916
58 2004
58 2633
58 5227
59 661
59 1717
59 3499
59 3875
59 4806
59 5128
60 968
60 1683
60 2012
60 3783
60 4515
61 16
61 1702
61 4503
61 5506
62 3269
62 4458
62 5420
63 1432
63 1996
63 2016
63 4437
64 1241
64 1677
64 2354
65 1619
65 3594
65 3872
65 4823
65 5160
66 1045
66 1535
66 3189
66 4302
66 5485
67 276
67 2691
67 2753
67 3934
67 4416
67 4822
69 180
69 311
69 2003
69 2406
70 102
70 3553
70 3711
70 3719
70 5007
71 1305
71 2676
71 5134
71 5203
72 2440
72 3248
72 3586
73 189
73 427
73 4738
73 5134
74 877
74 1302
74 4089
75 877
75 1302
75 4089
76 500
76 562
76 3043
76 4743
76 5712
77 344
77 622
77 5035
78 1078
78 1428
78 3132
79 888
79 1132
79 1630
79 2144
79 2898
79 3921
79 4988
79 5304
80 1008
80 2631
80 3652
80 5531
81 1270
81 2447
81 3799
82 186
82 1960
82 3610
82 4996
82 5061
83 3746
83 3827
83 4072
84 878
84 2430
84 4937
85 1329
85 1571
85 3218
85 3730
85 4497
85 5444
86 916
86 1350
86 2036
86 2858
86 4059
87 1589
87 2197
87 3704
88 1589
88 2197
88 3704
89 975
89 2172
89 2305
89 2306
89 3777
89 4462
89 4667
89 4721
89 4736
89 5134
90 682
90 1636
90 3283
91 216
91 2295
91 3270
91 4899
91 5064
92 557
92 1434
92 1784
92 2309
92 2826
92 5070
92 5447
93 184
93 1793
93 1825
93 2266
93 3645
93 4464
94 610
94 2065
94 3010
94 4436
94 4861
94 5370
94 5426
94 5571
95 211
95 593
95 810
95 4797
95 5460
95 5558
96 211
96 593
96 2833
96 2880
96 5498
97 48
97 1334
97 3777
98 235
98 2444
98 3072
99 427
99 3305
99 5134
100 624
100 1246
100 1755
100 3658
100 5614
101 855
101 2073
101 2097
101 4021
101 5712
102 2073
102 2141
102 3804
103 61
103 3652
103 3797
103 4104
103 5364
104 1744
104 1868
104 2240
104 3167
104 3825
105 1801
105 1810
105 4442
106 191
106 227
106 691
106 841
106 4856
107 831
107 2334
107 3037
107 3185
107 3286
107 3795
108 732
108 3621
108 3950
108 4313
108 4870
108 5246
109 545
109 2343
109 2644
109 3553
109 4822
110 545
110 1769
110 2247
110 3742
110 3864
110 3948
111 1713
111 3095
111 3952
111 4065
111 4947
111 5482
112 826
112 895
112 1618
112 3499
112 3614
112 5226
112 5371
113 640
113 707
113 1027
113 1088
113 1702
113 2533
113 5558
114 434
114 502
114 679
114 1111
114 1380
114 5732
115 53
115 2416
115 2566
115 3646
115 5766
116 407
116 2985
116 4553
116 4930
116 5316
117 828
117 2722
117 3355
117 5134
117 5653
118 217
118 2462
118 3238
118 5064
119 504
119 702
119 761
119 1704
119 2505
119 4367
119 5109
121 710
121 2023
121 2683
121 3931
122 177
122 946
122 1219
122 1981
122 2683
123 23
123 436
123 1410
123 2714
123 3630
123 5433
124 316
124 3066
124 3468
125 285
125 743
125 4405
125 4601
125 4982
126 666
126 2597
126 2805
126 4543
126 5342
127 1658
127 2885
127 3963
127 3978
127 4400
128 404
128 910
128 962
128 2239
128 2926
129 1357
129 3033
129 3507
129 4186
129 5557
130 926
130 930
130 1115
130 1357
130 3852
130 4186
130 4190
130 5025
131 588
131 863
131 3055
131 3463
131 3465
131 4035
131 4252
131 4273
131 4849
131 4868
132 20
132 141
132 941
132 2458
132 4024
132 4939
133 20
133 141
133 2458
133 4377
133 4822
134 457
134 1712
134 4354
134 4476
134 4767
134 5314
134 5497
134 5687
135 1113
135 1617
135 4555
136 141
136 182
136 916
136 2004
136 2633
136 5227
137 254
137 939
137 2380
137 4253
137 5613
138 444
138 1591
138 2280
138 3608
139 730
139 1367
139 3777
140 728
140 1462
140 2051
140 3634
140 5133
141 975
141 2128
141 5134
142 1235
142 1757
142 1769
142 4183
142 5342
143 252
143 2908
143 3735
143 4965
143 5666
144 406
144 689
144 1216
144 3193
144 5092
145 876
145 3000
145 4624
145 4896
145 5138
146 661
146 1566
146 3661
146 4390
146 5134
147 241
147 1738
147 1829
147 2431
147 4737
148 226
148 1909
148 1968
148 1971
148 2091
148 4795
148 5192
149 215
149 1279
149 1548
149 4172
149 4679
150 1357
150 1761
150 1848
150 3033
150 4792
150 4961
150 5560
151 1826
151 2017
151 3740
151 4558
152 1001
152 1856
152 4096
152 4404
152 4838
153 638
153 2032
153 4652
153 5075
153 5660
154 109
154 2032
154 2070
154 2498
154 2568
154 4388
154 4597
155 1772
155 2297
155 3181
155 3218
155 5125
156 850
156 3273
156 3508
156 5437
156 5617
157 632
157 2295
157 3664
157 4046
157 4298
157 4337
157 4825
158 262
158 2894
158 4911
158 5168
158 5262
159 1887
159 3220
159 4409
160 1857
160 1995
160 2582
160 2626
160 3850
161 785
161 951
161 1452
161 2117
161 2903
161 3855
161 4163
162 984
162 2066
162 2270
162 2339
162 3408
163 501
163 1257
163 1376
163 2374
164 1049
164 1076
164 1750
164 3777
164 5211
165 1655
165 2034
165 4176
165 4222
165 5639
166 135
166 323
166 2270
166 2597
166 3582
167 632
167 1667
167 3504
167 3686
167 4572
168 114
168 1389
168 2155
168 2855
168 3036
169 825
169 5130
169 5383
170 2046
170 2729
170 2809
170 3024
170 3820
170 5486
170 5530
171 847
171 1750
171 2653
171 3777
172 676
172 2410
172 3137
172 3553
172 5223
173 393
173 1730
173 3868
173 4139
173 5331
174 492
174 566
174 935
174 1196
174 1460
174 2236
174 2252
174 3151
175 21
175 249
175 583
175 1310
175 4408
176 616
176 1046
176 2457
176 2822
176 3572
177 1357
177 1488
177 2643
177 4752
177 4791
178 2194
178 3874
178 4088
179 2521
179 2540
179 2855
179 3036
179 3173
179 3621
179 3661
179 4183
180 907
180 2349
180 2984
181 63
181 852
181 2967
181 4129
181 5055
182 1576
182 2344
182 3610
183 1161
183 1174
183 2480
183 3429
183 3447
183 3950
183 5278
184 635
184 1118
184 3857
184 4031
184 4199
185 115
185 2249
185 2374
185 5541
185 5614
186 940
186 953
186 2961
186 3380
186 4845
186 5015
186 5274
186 5401
187 222
187 2906
187 4186
187 4713
187 5133
188 619
188 1628
188 2563
188 4510
188 5322
189 1009
189 2094
189 2882
189 3472
189 4186
190 874
190 1116
190 1988
191 2387
191 3382
191 3732
191 5215
191 5354
191 5675
192 1261
192 1788
192 4239
192 4928
192 5031
192 5512
192 5626
194 2494
194 2520
194 2886
194 3391
194 3466
194 3581
194 3755
194 3985
194 4093
194 5679
195 1352
195 1508
195 5215
196 2707
196 5434
196 5523
197 571
197 585
197 1841
197 2602
197 2856
197 3708
198 213
198 1493
198 1716
198 3862
198 4011
200 265
200 559
200 1114
200 1801
200 3865
201 230
201 2160
201 4149
201 4766
202 644
202 2275
202 3716
203 546
203 1263
203 1990
203 3403
204 546
204 1263
204 1990
204 3233
204 3403
205 2435
205 4318
205 5546
206 607
206 1464
206 4959
207 1777
207 3593
207 4191
208 603
208 819
208 1439
208 1444
208 2414
208 2816
208 3290
208 3766
208 3966
208 4030
208 4718
209 1625
209 1705
209 2414
210 240
210 983
210 1315
210 2028
211 163
211 894
211 1272
211 1668
211 1914
211 4575
212 1562
212 2943
212 3053
212 3801
212 3937
213 1023
213 1301
213 1526
213 2395
213 5542
214 218
214 871
214 1067
214 1152
214 4335
215 3067
215 3479
215 3613
215 4023
215 4328
216 4396
216 5011
216 5471
217 216
217 283
217 3032
217 5195
217 5431
218 841
218 1326
218 1767
218 3643
218 4163
218 4432
218 5134
218 5412
219 2155
219 2230
219 3100
219 4154
219 4237
219 5162
219 5248
220 19
220 69
220 228
220 612
220 931
220 2435
220 2598
220 2721
220 3155
220 5122
221 38
221 627
221 3494
221 5064
222 707
222 2683
222 2959
222 3470
222 4447
223 616
223 1488
223 1693
223 2051
223 2218
223 5208
224 639
224 2606
224 3350
224 3741
224 4103
225 1839
225 2268
225 3002
225 3488
225 4183
225 5065
225 5710
226 598
226 984
226 1769
226 4230
226 4480
226 5652
227 3274
227 3665
227 3787
227 4647
227 4764
228 758
228 1337
228 3484
228 3637
228 4037
229 2051
229 2628
229 3275
229 4603
229 5217
230 156
230 758
230 1234
230 1347
230 1553
230 3213
231 202
231 1908
231 2066
231 2157
231 2800
231 5514
231 5725
232 323
232 984
232 2066
233 986
233 4171
233 4495
234 893
234 4495
234 5609
235 382
235 823
235 3087
235 3318
235 5551
236 10
236 758
236 1082
236 3301
236 4802
237 278
237 1651
237 1652
237 1653
237 4494
238 29
238 919
238 920
238 2137
238 3551
238 5729
239 1280
239 2916
239 3218
239 3704
239 3951
240 3224
240 4081
240 4184
240 4750
240 4981
240 5049
241 272
241 542
241 2890
241 3340
241 5733
242 435
242 1892
242 2056
242 2159
242 4629
243 175
243 3806
243 4295
243 4649
244 472
244 714
244 3227
244 3422
244 4408
244 4874
244 5069
245 1706
245 3320
245 4473
246 570
246 1962
246 3404
246 3488
246 3589
247 570
247 573
247 1962
247 3404
247 3488
247 3589
247 5073
248 260
248 513
248 597
248 1602
248 5083
249 233
249 972
249 999
249 2114
249 3208
251 692
251 3747
251 5416
251 5507
251 5669
252 886
252 2759
252 4810
253 320
253 1903
253 4810
254 4810
254 5607
254 5727
255 497
255 563
255 4688
256 320
256 1903
256 3496
257 1009
257 2243
257 3111
258 501
258 624
258 1376
258 3003
258 5188
259 276
259 1081
259 1500
259 1970
259 2167
259 2540
259 5712
260 1731
260 3126
260 3387
260 5188
260 5650
261 624
261 1376
261 1755
261 2140
261 5500
262 1328
262 1450
262 2713
262 2866
262 3717
263 2531
263 3293
263 5467
264 209
264 1338
264 2826
264 3289
264 3474
264 3648
264 5196
265 175
265 1307
265 3330
265 3732
265 5258
266 106
266 264
266 4182
267 280
267 469
267 616
267 1810
267 5133
268 204
268 2924
268 2941
268 3430
268 3538
268 5695
269 656
269 2861
269 4632
270 1666
270 2578
270 2580
270 4541
270 4794
271 569
271 1673
271 2762
271 2807
272 287
272 605
272 1372
272 3379
272 3711
273 972
273 2462
273 3777
273 4113
273 5493
274 833
274 1114
274 3621
274 3748
274 5406
276 110
276 4037
276 5006
277 204
277 257
277 1047
277 3027
277 5282
278 1251
278 1566
278 2707
278 2922
278 5763
279 977
279 2251
279 3450
279 3565
279 4095
279 4556
279 5005
279 5464
280 54
280 1121
280 1680
280 2015
280 4071
281 1452
281 3190
281 5485
281 5734
282 825
282 3617
282 5130
282 5383
283 1657
283 5160
283 5678
284 1268
284 1548
284 2090
284 2983
284 4172
285 218
285 226
285 1067
285 2096
285 2629
285 3777
285 4123
286 1469
286 2152
286 3392
286 3950
286 4361
287 1242
287 1736
287 1932
287 2428
287 2595
287 2826
287 3657
287 3852
288 672
288 3604
288 3621
288 4470
288 5230
289 90
289 678
289 2612
289 2852
289 3165
289 3458
289 3752
289 5238
290 30
290 945
290 1453
290 3560
290 3776
291 3
291 1006
291 1267
291 1776
291 2027
292 767
292 1797
292 3027
292 3663
292 5136
293 504
293 1920
293 2051
293 3899
293 3949
293 5568
294 737
294 1550
294 2630
294 3217
294 3590
295 1473
295 2607
295 2891
295 4537
295 4791
295 5151
296 455
296 2016
296 2460
296 3488
296 3830
297 653
297 841
297 1004
297 1446
297 2914
297 3416
297 3641
297 4108
297 5297
298 936
298 1949
298 2507
298 3284
298 4820
298 5088
298 5277
299 1304
299 1408
299 5288
299 5735
300 66
300 1104
300 1846
300 2168
300 3236
301 66
301 943
301 1423
301 1846
302 1047
302 1725
302 5359
303 66
303 943
303 1846
303 5578
304 66
304 943
304 1846
304 5747
305 66
305 943
305 1846
305 5577
306 391
306 688
306 2007
306 2393
307 391
307 2141
307 2851
307 4936
307 5672
308 304
308 779
308 2041
308 4754
309 2295
309 3460
309 4163
309 5181
310 2485
310 4699
310 4941
311 2623
311 5422
311 5656
313 200
313 281
313 1336
313 1435
313 2321
313 3053
313 3188
313 4549
313 4814
314 205
314 694
314 3552
315 275
315 367
315 1298
315 1643
315 1649
315 3638
315 4748
315 5303
316 1685
316 1897
316 5500
317 142
317 341
317 1978
317 2616
317 4330
317 5488
318 1363
318 2229
318 2290
318 2648
318 5713
319 908
319 1757
319 2051
319 3464
319 4276
320 1293
320 2215
320 4271
320 5524
321 1606
321 1861
321 2893
321 4619
321 5519
322 256
322 1681
322 2691
322 3173
322 5342
323 25
323 83
323 115
323 420
323 683
323 770
323 1633
323 3216
325 185
325 508
325 2081
325 4623
325 5085
326 187
326 3388
326 3991
327 187
327 3388
327 3991
328 2714
328 2889
328 5684
329 4183
329 4411
329 5351
330 445
330 923
330 1155
330 1448
330 1463
330 4971
331 1256
331 1687
331 3030
331 3251
331 3648
331 4668
331 5065
332 808
332 1042
332 1698
332 2400
332 3363
332 3601
332 4247
333 289
333 555
333 681
333 875
333 1841
333 3410
333 4765
334 1438
334 1873
334 2054
334 2182
334 2192
334 3512
334 4136
334 4568
334 4894
335 2389
335 3124
335 5544
336 2726
336 3291
336 4816
337 74
337 2117
337 4816
338 1792
338 3291
338 4816
339 201
339 1507
339 1691
339 2424
339 4003
340 1304
340 1362
340 1714
340 3817
340 3953
340 4955
341 650
341 2891
341 3777
341 4537
341 5074
342 555
342 583
342 2060
342 2370
342 2756
343 618
343 1723
343 3652
343 4382
343 5079
344 427
344 4031
344 5602
345 1220
345 1662
345 3074
345 3128
345 5708
346 1443
346 1452
346 1790
346 1936
346 2594
347 1341
347 1436
347 2295
347 3827
347 5694
348 714
348 866
348 1970
348 2643
348 3095
348 3474
348 4082
348 4251
349 312
349 1365
349 2278
349 3670
349 4538
350 77
350 630
350 2609
350 3034
350 3260
350 4818
350 5026
352 423
352 2179
352 3739
353 372
353 1038
353 1041
353 1258
353 2129
353 2959
354 2952
354 3850
354 4459
354 4633
354 5737
355 830
355 1023
355 1327
355 2141
355 2942
355 3176
355 4550
355 4912
356 145
356 783
356 2028
356 2580
356 2760
357 194
357 530
357 536
357 862
357 1128
357 1454
357 1779
357 3573
357 4252
357 4841
357 4849
358 991
358 3211
358 4929
359 554
359 965
359 966
359 2174
359 3163
359 4102
359 4741
360 205
360 673
360 694
360 3101
360 3920
361 204
361 2193
361 2258
361 4653
361 5082
361 5468
361 5496
362 2540
362 2855
362 4028
362 4266
362 5700
363 3
363 202
363 2898
363 4865
363 4965
364 2319
364 3707
365 1976
365 2006
365 2196
365 3156
365 3172
365 4485
366 1684
366 2151
366 2564
366 2872
366 3696
366 4268
367 620
367 1989
367 2261
367 3047
367 3342
367 3469
367 4900
368 237
368 531
368 597
368 1739
368 2998
368 3147
368 3404
369 1058
369 4480
369 4984
370 931
370 1120
370 1452
370 1569
370 2199
371 186
371 619
371 969
371 1381
371 1572
371 3214
372 64
372 208
372 1262
372 1477
372 2630
372 4132
372 5635
372 5718
373 106
373 264
373 4182
374 714
374 749
374 925
374 3288
374 4691
374 4797
374 5307
374 5531
375 360
375 1433
375 3511
375 4570
376 113
376 473
376 712
376 1072
376 2608
376 2792
376 3313
376 3955
377 1241
377 1953
377 2403
377 2462
377 4467
377 5655
377 5672
378 3352
378 3434
378 5606
379 664
379 1114
379 2063
379 3861
379 3970
379 3986
380 647
380 1216
380 1284
380 1722
380 2967
380 3193
380 5140
381 134
381 913
381 2183
381 3130
381 3499
381 3557
382 216
382 539
382 2760
382 5358
382 5624
383 1258
383 3410
383 3503
383 4031
384 958
384 2718
384 4548
