1 1696
1 4951
7 64
7 313
7 902
7 1793
7 2459
7 5180
8 313
8 1626
8 2814
8 3714
8 4656
10 64
10 1211
10 2471
10 5433
11 307
11 902
11 2994
11 4870
11 5211
12 64
12 1211
12 1301
12 2471
13 905
13 976
13 3278
13 3392
13 4414
13 5467
17 8
17 582
17 3857
17 5441
19 577
19 4075
25 813
25 2709
25 4183
25 4855
25 5401
27 7
27 1647
27 1762
27 4942
27 5568
30 654
30 1381
30 1595
30 4212
30 4673
30 4880
30 5677
31 2645
31 2646
31 3061
31 3119
31 4076
31 4706
32 317
32 1265
32 2527
32 3143
32 3254
35 292
35 716
35 3761
35 5694
41 2235
41 2898
41 2919
41 4375
41 5013
41 5320
42 760
42 924
42 1138
42 3610
42 4548
42 5076
42 5121
42 5364
43 59
43 381
43 395
43 711
43 2073
43 2141
43 2224
43 2887
43 3008
43 3051
43 3160
43 3550
43 3804
43 4129
44 769
44 4270
44 5062
45 1395
45 4262
45 5080
49 396
49 3102
49 3198
49 3827
51 462
51 494
51 549
51 1006
51 5118
53 1805
53 1845
53 1986
53 2463
53 3674
53 4880
53 5080
54 1806
54 1874
54 4013
54 4050
54 4535
54 4978
55 699
55 2630
55 4187
55 4517
56 1405
56 3016
56 3184
56 3667
56 4289
56 4791
56 4913
57 829
57 1760
57 1959
57 5183
57 5250
57 5527
58 141
58 182
58 916
58 1540
58 2633
58 5227
59 661
59 890
59 968
59 1321
59 1717
59 3875
59 4515
61 1008
61 1425
61 2210
61 3923
61 5113
62 575
62 3269
62 5420
65 1619
65 4188
65 5160
66 752
66 1638
66 2719
66 4302
66 4351
66 4369
67 139
67 545
67 1468
68 1932
68 2717
68 3561
69 576
69 1403
69 2169
69 4057
69 4413
76 528
76 714
76 3043
76 4743
76 4880
77 2709
77 2920
77 5599
78 1078
78 4427
78 4773
79 799
79 888
79 1039
79 1311
79 2333
79 4758
79 5304
81 1271
81 2447
81 5373
82 1960
82 2404
82 3543
82 3929
83 797
83 3394
83 3827
83 4072
84 646
84 2430
84 4937
90 1636
90 4061
90 5132
90 5580
91 591
91 640
91 1898
91 3399
91 5064
91 5509
93 1314
93 1825
93 2266
93 4464
93 5214
93 5677
94 1173
94 1343
94 2311
94 4346
94 5370
95 211
95 462
95 593
95 632
95 2509
95 4505
95 4643
96 73
96 810
96 1291
96 1295
96 1879
96 2503
96 3491
96 3671
96 4933
96 4938
96 5114
100 85
100 624
100 1467
100 2075
101 2073
101 3550
101 4020
101 4129
101 4639
103 61
103 3962
103 5694
104 107
104 1127
104 3167
104 3659
104 3825
104 4061
105 1221
105 2219
105 4442
105 5028
106 691
106 814
106 1312
106 1425
106 1920
106 4113
106 5293
108 732
108 1346
108 2747
108 2950
108 4313
108 4870
108 5300
110 809
110 889
110 1498
110 1529
110 4678
111 901
111 2335
111 2408
111 2556
111 4065
111 4744
111 5482
112 472
112 553
112 931
112 1323
112 4189
112 5226
112 5382
113 85
113 3701
113 4016
113 4761
113 4857
113 5254
114 31
114 434
114 1133
114 1380
114 2583
114 2586
114 5732
115 4985
115 5334
116 1671
116 4176
116 5018
116 5090
117 3355
117 4660
117 4697
122 946
122 1219
122 1981
122 2683
123 23
123 2995
123 3253
124 316
124 2483
126 666
126 1322
128 404
128 4252
129 1325
129 1357
129 3033
129 5557
130 336
130 1325
130 1644
130 3033
130 5025
130 5033
131 588
131 772
131 863
131 1142
131 1764
131 2202
131 2925
131 3055
131 3187
131 4015
131 4273
131 5260
131 5683
132 141
132 1092
132 2314
132 2633
132 3685
132 4024
132 4939
133 141
133 772
133 2080
133 2627
134 384
134 800
134 1543
134 1559
134 2109
134 5149
134 5409
135 309
135 840
135 1096
135 1157
135 1719
135 3869
135 3920
135 4943
136 141
136 182
136 916
136 1540
136 2633
136 5227
140 728
140 1462
140 2721
140 3075
140 4491
142 111
142 761
142 1355
142 2308
142 3042
143 2051
143 2908
143 4287
143 5620
144 3193
144 3894
144 4269
144 4330
144 5330
145 1483
145 2396
145 4896
145 5380
148 226
148 2091
148 4326
148 5192
149 4172
149 4679
149 4883
150 229
150 1357
150 1373
150 2702
150 3033
150 4156
152 333
152 453
152 741
152 2555
152 3206
152 3329
152 3488
152 5460
154 2032
154 3951
154 4388
155 1772
155 3181
155 4339
155 5125
155 5444
156 1227
156 4562
156 4625
156 5075
157 584
157 1950
157 2327
157 2475
157 3014
157 3489
157 3530
157 4098
157 4232
157 5043
157 5372
158 4644
158 5222
158 5262
158 5686
160 2626
160 3850
160 4579
160 5235
161 2310
161 4070
161 5296
162 794
162 5387
162 5728
163 1809
163 1983
163 2075
164 754
164 3842
164 4596
165 4085
165 4176
165 4222
165 5686
168 1282
168 1893
168 2724
170 127
170 342
170 2809
170 3820
170 4007
170 4526
171 380
171 1405
171 4408
172 1537
172 3112
172 3564
172 4410
172 4650
172 4975
172 5583
173 393
173 978
173 3036
173 3924
173 5156
174 368
174 1196
174 2324
174 4174
174 4366
174 5384
174 5521
175 583
175 2370
175 4734
175 5091
176 697
176 931
176 1570
176 2125
176 4082
176 4894
177 1001
177 2540
177 4557
177 4752
177 5511
179 383
179 3621
179 4047
179 4919
179 5095
179 5274
180 1497
180 2480
180 2575
180 3357
180 4226
180 4883
180 5364
181 63
181 1835
181 1941
181 3396
181 5055
183 1161
183 1174
183 2441
183 2480
183 3695
183 4085
183 5278
183 5371
185 787
185 1719
185 4326
185 4836
185 5614
186 365
186 420
186 711
186 1721
186 2589
187 1823
187 4186
187 4713
187 4720
187 5133
188 2563
188 3964
188 4363
188 4600
189 2882
189 4186
189 4358
191 43
191 2387
191 4193
191 5475
192 301
192 310
192 1456
192 1872
192 2195
192 2937
192 3309
192 3893
192 4142
192 5512
194 910
194 1557
194 2520
194 2783
194 3391
194 3985
194 4009
194 4053
194 4093
194 4560
194 4598
194 4669
194 5480
194 5679
200 18
200 1114
200 2599
200 2962
200 3865
201 668
201 882
201 2456
201 2617
201 4227
201 4402
201 4636
202 644
202 1379
202 2748
202 3264
202 3295
202 5211
206 607
206 1464
208 22
208 603
208 1439
208 2238
208 2451
208 2682
208 2816
208 2933
208 4440
208 4718
209 1370
209 3444
209 5481
210 553
210 881
210 893
210 2028
210 3266
210 3680
210 5275
211 992
211 1914
211 4166
215 463
215 1176
215 3058
217 372
217 3032
217 5431
219 1472
219 2155
219 2230
219 2315
219 3407
219 3888
219 3918
219 5107
219 5248
220 19
220 762
220 931
220 1899
220 1916
220 2316
220 2435
220 2598
220 2721
220 2946
220 3076
220 3155
220 4054
220 4417
220 4870
220 5122
220 5414
222 1392
222 2683
222 5401
223 242
223 829
223 1153
223 1256
223 1718
223 2295
223 3988
223 4403
223 5221
224 565
224 1489
224 2606
224 3427
224 4034
225 72
225 1153
225 1839
225 2721
225 3353
225 3488
225 4031
228 708
228 758
228 863
228 1337
228 4430
228 5041
232 111
232 2750
232 4030
232 4306
232 4894
235 1519
235 3087
235 3532
235 4219
236 663
236 1666
236 3301
236 3873
236 4280
236 4609
236 5596
237 694
237 1590
237 2340
237 3815
237 4677
239 2588
239 2737
239 4275
240 346
240 1070
240 4081
240 4184
241 990
241 1607
241 1827
241 2727
241 3763
241 5450
243 2446
243 3806
243 4295
243 4649
243 5574
244 203
244 472
244 751
244 969
244 1429
244 1884
244 2679
244 3036
244 3039
244 5069
244 5324
244 5335
246 597
246 927
246 1019
246 1648
246 1970
246 3171
246 3224
246 4154
246 5073
247 597
247 1648
247 1970
247 3171
247 3224
247 4154
247 5073
249 972
249 2800
249 4492
249 5386
249 5599
250 1175
250 1800
250 4036
259 1301
259 1590
259 2540
259 2543
259 3610
259 4518
259 4622
259 5274
262 472
262 1328
262 1840
262 3296
262 4282
262 5214
265 2432
265 3366
265 3621
265 5258
267 1221
267 1969
267 2367
267 2523
267 2672
267 3838
267 5133
269 656
269 3882
269 4392
272 2118
272 2310
272 2596
272 2835
272 3377
273 1953
273 3052
273 3327
273 4019
273 4113
275 2918
275 4381
275 5124
275 5537
275 5758
276 126
276 776
276 2365
276 2398
276 5446
276 5452
279 1842
279 2448
279 2641
279 3565
279 4516
279 5464
279 5576
280 592
280 835
280 2468
280 2943
280 4038
280 4356
281 1185
281 3685
281 3758
281 4063
282 1371
282 5130
282 5383
284 325
284 555
284 658
284 700
284 1548
284 3410
286 1377
286 1918
286 2706
287 402
287 426
287 604
287 1114
287 1932
287 2407
287 3028
287 4090
287 4677
288 1542
288 1877
288 2753
288 2766
288 3604
288 4429
288 4470
288 5172
292 519
292 765
292 767
292 1300
292 1797
292 2673
293 85
293 123
293 2123
293 2501
293 3310
293 5746
294 108
294 1550
294 3979
294 4423
297 44
297 931
297 1004
297 1172
297 2352
297 2361
297 2624
297 3315
297 4108
297 5002
299 412
299 692
299 822
299 2624
299 2895
299 3744
299 4433
299 5092
304 1405
304 2744
304 5306
304 5747
307 391
307 2393
307 2851
307 3194
308 1394
308 1912
308 4294
308 5445
308 5566
309 795
309 1506
309 2437
309 5291
313 281
313 1445
313 1775
313 2378
313 2803
313 4338
313 4380
313 4957
313 5740
315 275
315 367
315 1298
315 1643
315 1649
315 1895
315 3638
315 5303
315 5510
317 1978
317 2193
317 2336
317 2616
317 4330
317 5377
320 343
320 2215
320 4271
321 379
321 1606
321 4000
321 4619
323 83
323 770
323 804
323 1922
323 3403
323 4288
324 105
324 1169
324 1337
324 3278
324 4961
324 5269
324 5567
325 1025
325 1053
325 3178
325 3333
325 5085
325 5376
330 2332
330 2687
330 2900
330 4444
330 5270
330 5484
331 1241
331 1470
331 1687
331 2898
331 3130
331 3405
332 808
332 1042
332 2400
332 3123
332 3363
332 5328
333 1687
333 1841
333 1993
333 3150
333 3410
333 4691
334 66
334 2192
334 2452
334 2625
334 3148
334 3159
334 3424
334 4355
334 4894
339 2216
339 2424
339 2935
339 3115
339 3999
340 1304
340 2084
340 3071
340 3817
340 4698
340 4955
341 734
341 2523
341 3070
341 3772
341 5150
341 5279
342 133
342 1689
342 2370
342 4491
342 5214
343 352
343 5064
343 5205
343 5211
345 1220
345 3074
345 3128
345 4127
345 5166
345 5319
346 695
346 989
346 2594
346 5432
346 5585
347 716
347 2381
347 2927
347 2951
347 3032
347 5325
347 5694
348 481
348 714
348 1106
348 1171
348 2752
348 5274
348 5328
350 669
350 2739
350 3365
350 4219
350 5026
352 50
352 110
352 370
352 5017
352 5111
353 372
353 1038
353 1103
353 2129
353 3896
353 4467
355 62
355 398
355 521
355 652
355 1780
355 1957
355 2334
355 5355
356 2370
356 2760
356 5069
356 5214
357 194
357 862
357 1128
357 1454
357 1774
357 3049
357 4153
357 4252
357 4849
357 5063
360 673
360 694
360 1188
360 1874
360 3920
360 5621
361 204
361 2193
361 2258
361 3521
361 5082
363 2429
363 2762
363 3137
363 3621
363 3852
363 4954
363 5514
364 903
364 2319
364 5502
366 980
366 1684
366 1819
366 2151
366 2426
366 3696
366 4137
366 4268
366 5194
372 386
372 1624
372 2093
372 2222
372 2257
372 2630
372 4132
374 211
374 1769
374 2134
374 4643
374 4797
374 5015
374 5307
375 525
375 1960
375 3137
375 3301
375 4280
376 113
376 330
376 369
376 503
376 1072
376 2394
376 2792
376 3313
376 3955
377 1179
377 2403
377 3285
379 82
379 1114
379 2063
379 3405
379 3861
379 3986
379 4831
380 1318
380 3193
380 3304
380 4105
380 5622
