1 122
1 1412
1 4863
1 4951
2 2166
2 2619
2 4991
4 1420
4 2198
4 5240
5 901
5 1420
5 1576
5 2606
5 5240
6 1420
6 3302
6 3558
7 313
7 902
7 2814
7 3734
7 4286
7 5180
8 313
8 2459
8 5180
9 1250
9 1616
9 3556
9 4439
9 5613
10 3672
10 4775
10 5234
11 64
11 1286
11 1521
11 2939
11 3943
11 4432
11 4870
12 2810
12 3672
12 3824
12 4884
13 905
13 3278
13 3392
13 3393
13 3477
13 4414
13 5467
14 1536
14 1970
14 2171
14 4531
14 5027
14 5086
14 5731
15 767
15 1856
15 2702
15 3018
15 3027
15 3369
15 3503
16 577
16 3704
16 3892
17 8
17 594
17 2145
17 3857
17 5441
18 361
18 2304
18 5058
19 1452
19 3369
19 3892
19 4118
19 5485
19 5694
20 577
20 3240
20 3892
21 3218
21 3369
21 3892
21 5169
21 5668
23 117
23 303
23 692
23 1387
23 1588
23 1860
23 3369
23 3409
23 3463
23 3648
24 767
24 2090
24 2916
24 3369
24 4794
24 5668
25 940
25 3734
25 4277
25 4355
25 5328
25 5401
27 204
27 386
27 2177
27 4942
27 5272
27 5485
28 1168
28 1416
28 1875
28 2190
28 4582
29 1176
29 3287
29 5528
30 2201
30 2557
30 2636
30 2980
30 4248
30 4284
30 4880
31 2213
31 2645
31 3006
31 3119
31 3439
31 4706
31 5438
32 840
32 1719
32 2715
33 1984
33 2228
33 3612
33 3817
33 4925
33 5022
34 1246
34 2916
34 3369
34 3614
34 4147
35 70
35 292
35 516
35 1107
35 3032
35 3761
36 1187
36 3108
36 4052
36 4953
39 1357
39 3033
39 3621
39 3852
39 4186
40 254
40 345
40 1440
40 2478
40 5103
41 4
41 2823
41 2898
41 2919
41 4375
41 5320
42 896
42 917
42 924
42 2180
42 5627
43 2073
43 2158
43 2200
43 4020
43 4129
44 3762
44 4270
44 5424
45 2854
45 2891
45 4262
45 5080
46 828
46 2709
46 4100
46 4183
46 4885
47 716
47 2703
47 2779
47 2846
47 3130
47 4620
48 37
48 93
48 2709
48 4183
48 4847
48 4885
49 396
49 3102
49 3198
49 3827
50 1664
50 2161
50 5500
50 5611
51 462
51 1006
51 2121
51 3091
51 5118
53 220
53 2144
53 2398
53 3044
53 4645
53 4880
53 5225
54 1105
54 1441
54 3505
54 5205
55 1939
55 3892
55 5070
55 5485
56 1119
56 1234
56 1755
56 4357
56 5134
57 703
57 829
57 1515
57 1694
57 1727
57 1760
57 4563
58 141
58 182
58 916
58 2004
58 2633
58 5227
59 661
59 1717
59 3499
59 3875
59 4515
59 4806
59 5128
61 1425
61 4503
61 5506
62 2530
62 3269
62 4458
62 5420
63 1996
63 2016
63 4437
65 1619
65 3594
65 3872
65 4823
65 5160
66 221
66 752
66 1535
66 4302
67 276
67 2120
67 2753
67 3934
67 4416
67 4822
68 1756
68 2869
68 4310
69 67
69 180
69 348
69 2119
69 2406
70 102
70 1057
70 3711
70 3719
71 1305
71 2676
71 5203
73 2312
73 3995
73 5191
76 500
76 1488
76 3043
76 4743
76 5712
77 344
77 1055
77 5579
78 1078
78 3132
78 5365
79 888
79 1039
79 1311
79 1630
79 2333
79 4576
79 4940
79 4988
79 5094
80 1062
80 2631
80 4353
80 4374
80 4907
81 1271
81 2447
81 5373
82 186
82 1381
82 1960
82 3576
82 4107
83 797
83 3394
83 3827
83 4072
84 646
84 2430
84 4937
85 1329
85 3235
85 5405
86 916
86 1350
86 1535
86 1614
86 4059
87 3369
87 4118
88 3369
88 4118
90 1636
90 4061
90 5132
91 216
91 2295
91 3270
91 5064
91 5509
92 297
92 1442
92 1838
92 2307
92 2826
92 3110
92 5070
93 184
93 1793
93 1825
93 2266
93 3645
93 4464
94 610
94 2047
94 2065
94 3010
94 4346
94 4436
94 5370
94 5426
95 211
95 593
95 632
95 810
95 2051
95 4062
95 4398
96 593
96 2051
96 2880
96 4062
96 4933
96 5015
96 5498
97 48
97 1334
97 3746
100 85
100 624
100 716
100 2075
100 5614
101 855
101 2073
101 4021
101 4129
101 5712
103 61
103 2381
103 3210
103 3797
103 5694
104 1127
104 2240
104 3167
104 3659
104 3825
104 4061
105 1221
105 1810
105 4442
105 5028
106 191
106 227
106 691
106 814
106 841
106 1920
106 4856
107 831
107 2334
107 3037
107 3185
107 3286
108 732
108 1346
108 2747
108 4313
108 4597
108 4870
109 276
109 545
109 2753
110 545
110 3742
110 3948
110 4850
110 5313
111 640
111 901
111 2556
111 2843
111 4065
111 5482
112 553
112 826
112 931
112 1323
112 1783
112 3390
112 3499
112 5382
113 707
113 974
113 1027
113 1088
113 2533
113 5032
114 434
114 1380
114 5000
114 5005
114 5061
114 5732
115 53
115 2566
115 2573
115 3646
115 5334
115 5749
116 153
116 167
116 2391
117 828
117 3355
117 4697
117 5134
117 5653
118 972
118 1556
118 1623
118 2462
118 5064
119 702
119 761
119 1704
119 2505
119 4367
119 5109
122 946
122 1219
122 1981
122 2683
123 23
123 2995
123 3253
124 316
124 2483
124 3066
125 285
125 743
125 4405
125 4601
125 4982
126 666
126 1934
126 2805
126 4543
126 5342
127 52
127 517
127 1398
127 3963
127 4117
127 4619
128 404
128 2926
128 4252
129 1357
129 3033
129 3507
129 4186
129 5557
130 926
130 930
130 1115
130 1357
130 3852
130 4186
130 4190
130 5025
131 588
131 863
131 1142
131 2202
131 2862
131 3055
131 3465
131 4015
131 4252
131 4273
132 141
132 2314
132 2633
132 3685
132 4024
132 4939
133 2225
133 2786
133 4377
134 335
134 726
134 800
134 909
134 4354
134 5314
135 1384
135 3869
135 4555
135 4999
136 141
136 182
136 916
136 2004
136 2633
136 5227
137 939
137 1164
137 2380
137 4253
137 5613
138 2775
138 5394
139 730
139 1367
139 3777
140 728
140 1462
140 2051
140 3634
140 4491
140 5133
142 1145
142 2308
142 3807
142 5284
143 252
143 1937
143 2908
143 2992
143 4965
143 5666
144 647
144 3193
144 3894
144 4269
144 4330
144 5488
145 2050
145 4896
145 5380
147 1738
147 2431
147 3202
147 3499
147 5206
147 5462
148 226
148 2091
148 4326
148 5192
149 1548
149 4172
149 4679
149 4883
150 229
150 1357
150 1373
150 1761
150 1848
150 3033
151 1826
151 2017
151 4558
152 1001
152 1275
152 4404
152 4838
152 4954
154 109
154 2032
154 2070
154 2498
154 4388
155 1772
155 2297
155 3181
155 3218
155 3622
155 5125
156 850
156 1524
156 2110
156 3508
156 5437
156 5617
157 68
157 1124
157 1260
157 1715
157 1741
157 2212
157 2986
157 3014
157 3664
157 4116
157 5043
157 5372
157 5527
157 5548
158 262
158 2894
158 4911
158 5168
158 5262
159 295
159 421
159 568
159 727
160 2626
160 3850
160 4579
160 5235
161 640
161 785
161 2310
161 3544
161 3855
161 4113
162 949
162 984
162 1232
162 2132
162 3408
163 1376
163 3322
163 3699
163 4238
164 754
164 3842
164 5044
165 2034
165 4176
165 4222
165 5686
166 949
166 984
166 1232
166 2132
166 3408
167 632
167 1667
167 3504
167 3686
167 4572
168 1893
168 2358
168 2724
169 4079
169 5130
169 5383
170 342
170 1338
170 2099
170 2313
170 2809
170 3024
170 3820
170 4125
171 1750
171 3777
171 4287
171 4511
172 676
172 1537
172 2410
172 4920
172 5583
173 393
173 896
173 2175
173 3036
173 3868
173 5289
173 5618
174 496
174 566
174 1196
174 1460
174 2236
174 2620
174 3534
175 249
175 583
175 3975
175 4617
176 284
176 616
176 931
176 1046
176 1569
176 1789
176 1796
176 2153
176 2388
176 3025
176 3083
176 3520
176 3922
176 4164
177 1223
177 1357
177 1488
177 2087
177 2643
177 2665
177 4747
177 4752
177 4791
177 5318
179 1001
179 2540
179 2855
179 3036
179 3075
179 3173
179 3621
180 907
180 2349
180 2984
181 63
181 1835
181 1941
181 2811
181 2967
181 5055
183 1161
183 1174
183 2480
183 3695
183 3890
183 3950
183 5278
184 2039
184 2489
184 3881
184 4199
185 115
185 264
185 2374
185 4326
185 5614
186 360
186 1232
186 2708
186 2961
186 3380
186 4845
186 5015
186 5401
187 1823
187 4186
187 4713
187 5133
187 5413
188 2563
188 3964
188 4363
188 4600
189 226
189 1009
189 2094
189 2882
189 4186
190 874
190 1116
190 1988
191 2387
191 3382
191 5354
191 5675
192 366
192 1456
192 1872
192 2937
192 3096
192 3415
192 3767
192 4138
192 5148
192 5512
193 3068
193 3947
193 5403
194 2886
194 3109
194 3391
194 3581
194 3985
194 4053
194 4093
194 4817
194 5540
194 5679
195 39
195 2163
195 3855
196 5434
196 5523
197 84
197 571
197 2856
197 4208
197 5277
198 213
198 1493
198 1716
198 4011
200 559
200 1114
200 3140
200 3865
200 4255
201 192
201 668
201 1828
201 2004
201 2330
201 2456
201 2613
202 644
202 2275
202 3716
203 226
203 546
203 3233
203 3403
203 3709
203 4616
204 546
204 3314
204 4616
205 2435
205 4318
205 5091
206 607
206 1464
206 4959
208 22
208 603
208 691
208 1439
208 2451
208 2816
208 2933
208 3966
208 4718
209 1625
209 1705
209 4718
209 5481
210 893
210 1315
210 2028
210 3266
210 3680
210 4422
210 5324
211 288
211 1272
211 1668
211 1914
211 3687
211 4575
212 2943
212 3053
212 3145
212 4540
214 218
214 645
214 871
214 4155
214 4335
215 1659
215 3287
215 3406
216 2675
216 4396
216 5471
216 5619
217 60
217 216
217 3032
217 3227
217 5431
218 1326
218 1767
218 4163
218 4432
218 5381
218 5412
218 5473
219 2155
219 2230
219 3854
219 3884
219 4154
219 4237
219 5162
219 5248
219 5553
220 19
220 69
220 228
220 612
220 931
220 2435
220 2598
220 2721
220 3155
220 5122
221 38
221 627
221 4176
221 4486
221 5064
222 545
222 2587
222 2683
222 4028
222 4447
223 1256
223 1615
223 1693
223 1814
223 2361
223 3251
223 3417
223 4932
223 5158
224 639
224 2606
224 3350
224 3741
224 4103
225 279
225 1839
225 2268
225 3353
225 3488
225 4031
226 1703
226 2758
226 5266
227 2835
227 5112
228 637
228 758
228 1337
228 3484
228 4037
229 1752
229 2628
229 3275
229 5291
229 5415
231 1147
231 2800
231 3137
231 5514
232 949
232 984
232 1232
232 2132
232 3408
234 893
234 986
234 4495
234 5609
235 1519
235 3087
235 3532
235 4219
236 758
236 1082
236 3179
236 3301
236 5596
237 1590
237 1650
237 2340
237 2734
237 4406
237 5142
238 29
238 1374
238 1813
238 2137
239 707
239 1280
239 2365
239 3218
239 3892
239 3951
240 1070
240 4081
240 4184
240 4750
240 4981
240 5049
241 1687
241 1827
241 2669
241 3763
241 3890
241 4124
241 5733
242 435
242 1892
242 2159
242 4629
243 2446
243 3806
243 4295
243 4649
243 5574
244 15
244 472
244 714
244 1112
244 1192
244 1733
244 1884
244 2495
244 2976
244 3036
244 3104
244 3422
244 3628
244 4299
244 4739
244 4874
244 5069
244 5207
244 5631
245 1706
245 3320
245 4473
246 570
246 1648
246 1841
246 3370
246 3589
246 3592
246 4154
246 4989
246 5073
246 5661
247 570
247 1648
247 1841
247 3589
247 3592
247 4154
247 5073
248 237
248 1249
248 2187
248 2906
248 3404
248 3408
248 5073
249 972
249 3208
249 4168
249 4790
249 5599
252 886
252 988
252 997
258 624
258 1376
258 1755
258 5188
259 294
259 1500
259 1970
259 2167
259 2540
259 4791
259 5712
261 624
261 1376
261 1755
262 675
262 1328
262 2713
262 3296
262 4282
262 5545
263 1002
263 2813
263 5467
265 922
265 1307
265 3330
265 5258
265 5720
267 469
267 616
267 994
267 1044
267 5133
268 2924
268 3538
268 4290
268 4877
269 656
269 3195
269 3882
269 4632
270 1666
270 4541
270 5124
271 1137
271 1673
271 2762
271 2807
271 4378
272 1372
272 3081
272 3379
273 972
273 1953
273 3209
273 4113
273 5493
276 2365
276 2398
276 4037
276 5446
276 5492
277 2
277 274
277 1999
278 1566
278 2670
278 2707
278 5763
279 2855
279 3450
279 3565
279 4095
279 4556
279 4691
279 5005
279 5464
280 54
280 1680
280 2943
280 3398
280 4038
280 4356
280 5369
281 5242
281 5485
281 5734
282 4079
282 5130
282 5383
284 555
284 658
284 1043
284 1548
284 2090
285 218
285 226
285 1067
285 2096
285 2629
285 3777
285 4123
286 2706
286 2929
286 3392
286 4361
287 1932
287 2826
287 2871
287 3028
287 3223
287 3598
287 3657
287 3915
288 1877
288 2753
288 2765
288 3604
288 4429
288 4470
288 5224
288 5230
288 5283
289 90
289 547
289 589
289 2612
289 3165
289 3191
289 5238
290 1101
290 2298
290 2945
290 3692
290 3776
290 4029
290 5674
291 111
291 385
291 1066
291 5161
292 767
292 1797
292 4183
292 5136
293 2051
293 2523
293 3272
293 3919
293 5568
294 3117
294 3217
294 3588
294 4049
295 401
295 859
295 973
295 1967
295 5151
297 44
297 841
297 931
297 1004
297 1172
297 1446
297 2624
297 2914
297 4108
298 1949
298 2263
298 3284
298 5088
299 1304
299 1408
299 1599
299 2895
299 3517
299 4431
299 5343
299 5442
299 5638
300 66
300 1104
300 2168
300 2289
300 3236
302 66
302 1047
302 2289
302 3280
304 66
304 2289
304 2744
304 5747
306 688
306 1149
306 2393
307 391
307 2141
307 2352
307 2528
307 2851
307 5672
308 1238
308 2831
308 4294
308 5445
308 5592
309 2295
309 3460
309 4548
309 5181
311 2295
311 3460
311 4548
311 5181
313 281
313 648
313 2095
313 2803
313 3188
313 4338
313 4549
313 5740
314 694
314 5019
315 275
315 367
315 1298
315 1643
315 1649
315 1895
315 3638
315 5303
316 1664
316 1685
316 1897
316 5611
317 341
317 1978
317 2616
317 4330
317 5488
318 1889
318 1957
318 2229
318 2290
318 2648
318 4173
319 58
319 1757
319 2051
319 2691
319 3464
320 343
320 1293
320 2215
320 4271
320 5767
321 1606
321 1861
321 4619
321 5519
323 83
323 770
323 804
323 3403
323 4288
325 185
325 508
325 2081
325 4623
325 5085
329 1681
329 4183
329 5351
330 445
330 599
330 2332
330 3647
330 4444
330 4971
331 1470
331 1687
331 2268
331 2509
331 2898
331 3130
331 3648
332 808
332 1042
332 1095
332 2400
332 3363
332 4247
332 5643
333 555
333 681
333 1841
333 3150
333 3410
333 3745
334 1438
334 1873
334 1906
334 2054
334 2192
334 3124
334 3512
334 4039
334 4568
334 4894
336 2726
336 3291
336 4816
337 2117
337 3124
337 4816
338 1792
338 3291
338 4816
339 201
339 1507
339 1691
339 2424
339 2935
339 3115
339 4003
340 1304
340 1362
340 3071
340 3817
340 4925
340 4955
341 255
341 1334
341 1596
341 1710
341 3070
341 3777
341 5074
341 5202
342 73
342 555
342 2370
342 2756
343 147
343 1701
343 3326
343 4447
343 5205
344 427
344 1723
344 5346
344 5602
345 1220
345 1662
345 3074
345 3128
346 2594
346 4759
346 5432
347 2295
347 2397
347 3300
347 3827
347 5694
348 714
348 1106
348 2643
348 2752
348 3474
348 4251
348 5274
349 312
349 1013
349 1365
349 1415
349 4538
350 2609
350 3034
350 4344
350 5026
351 526
351 1158
351 3473
351 3960
351 4044
352 423
352 1126
352 1598
352 2179
353 372
353 1038
353 1041
353 1103
353 2129
353 2959
353 3896
353 4467
354 2604
354 3850
354 4633
355 1097
355 1957
355 2141
355 2334
355 2605
355 4512
355 4522
355 4881
355 5355
356 1106
356 1699
356 2370
356 2760
356 4691
357 194
357 862
357 1128
357 1454
357 1779
357 2254
357 3573
357 4252
357 4841
357 4849
357 5063
358 2299
358 2577
358 3545
358 5610
359 966
359 3163
359 3402
359 4102
359 4245
359 5642
360 205
360 2154
360 2652
360 3920
361 204
361 2193
361 2258
361 3521
361 5082
363 1023
363 2369
363 2898
363 3137
363 4419
363 4965
364 1748
364 2319
364 3707
366 353
366 1684
366 2151
366 2564
366 2872
366 3696
366 4268
366 5194
367 484
367 620
367 1817
367 1989
367 3047
367 3342
367 3469
367 3666
367 4826
367 4832
367 5411
368 237
368 1032
368 1249
368 2187
368 2906
368 3404
368 3408
368 3848
368 5073
369 1058
369 2680
369 4445
369 4984
370 931
370 1120
370 1569
370 2199
370 5646
371 969
371 4099
371 4769
372 64
372 208
372 1477
372 2093
372 2630
372 4132
372 5635
372 5718
374 243
374 714
374 1409
374 1769
374 2329
374 2782
374 3205
374 4643
374 4797
374 5015
374 5307
374 5396
374 5670
375 159
375 360
375 1433
375 3137
375 3301
375 3511
375 3529
376 113
376 330
376 369
376 473
376 1072
376 2394
376 2792
376 3313
376 3955
377 2403
377 3285
377 5550
378 2227
378 3352
378 3434
378 5606
379 664
379 1114
379 2063
379 3405
379 3861
379 3970
379 3986
379 4831
380 647
380 1216
380 1284
380 2967
380 3193
380 4234
381 134
381 1688
381 3137
381 3499
381 3557
381 5672
382 216
382 2164
382 2190
382 2760
382 3655
382 3779
382 5016
382 5624
383 1258
383 2756
383 3410
383 3503
383 4031
