1 2149
1 2910
1 3684
1 3754
2 766
2 1854
2 2166
3 88
3 2242
3 2637
3 2745
3 3862
4 639
4 2242
4 2606
4 2637
4 4391
5 207
5 1290
5 1576
5 2606
5 3153
6 744
6 2745
6 3558
7 313
7 409
7 1640
7 2814
7 4285
7 5342
8 4285
8 5342
8 5436
10 1011
10 1605
10 4204
10 4870
11 64
11 1286
11 1988
11 3734
11 4124
11 4460
11 4870
12 937
12 1011
12 1605
13 905
13 1236
13 3583
13 4414
13 5467
14 1222
14 1496
14 2171
14 2732
14 3600
14 4345
14 4531
14 5237
14 5539
15 253
15 1021
15 1473
15 3054
15 3219
16 1473
16 1577
16 5569
17 767
17 2105
17 3054
17 5441
17 5716
18 361
18 1085
18 3212
19 742
19 3228
19 5569
20 624
20 2033
20 2826
20 3054
20 3503
20 3596
20 5447
21 1246
21 1515
21 5169
22 75
22 541
22 1246
22 2341
22 3563
22 5485
23 642
23 1452
23 1515
23 2658
23 3409
23 3648
23 5558
24 219
24 2182
24 3054
24 3503
24 4194
24 4404
24 4725
25 940
25 1246
25 1531
25 4277
25 5015
26 775
26 1670
26 3725
27 73
27 204
27 1572
27 5272
27 5485
28 170
28 425
28 1186
28 1525
28 2958
28 3438
28 3773
29 891
29 3609
29 5528
30 2144
30 2268
30 2636
30 2796
30 2812
30 2840
30 4284
30 4880
31 1059
31 1243
31 1316
31 3094
31 3119
32 687
32 3107
32 3275
33 709
33 833
33 2228
34 276
34 1054
34 3346
35 1123
35 3373
35 5195
36 657
36 2623
36 3708
36 5215
36 5342
37 358
37 577
37 623
37 684
37 832
37 1473
37 4892
37 5671
38 718
38 2117
38 2281
38 3245
38 3950
38 4249
38 4961
39 1357
39 2051
39 3033
39 3611
39 3621
39 3852
39 4186
40 1015
40 1686
40 2699
41 2260
41 2823
41 2898
41 2919
41 3222
41 3358
42 2180
42 3244
42 3843
42 4756
42 5100
43 2073
43 2097
43 2158
43 2200
43 4020
44 1011
44 1538
44 1605
44 1612
45 1233
45 2176
45 2854
45 4664
47 1997
47 2668
47 3242
47 3317
47 5347
48 947
48 1337
48 2709
48 3589
48 5092
49 396
49 1252
49 3198
49 3827
49 5342
51 1006
51 2120
51 2450
51 3091
51 4806
51 5118
52 224
52 838
52 1241
52 1931
52 3550
52 3800
52 4020
52 4021
52 4708
53 1380
53 1770
53 2266
53 3093
53 5020
54 184
54 340
54 3005
54 5321
55 519
55 1515
55 1707
55 5485
56 847
56 1119
56 1234
56 1755
56 4357
57 1243
57 1273
57 1481
57 1930
57 1963
57 2066
57 3230
57 4956
57 5376
57 5449
58 141
58 182
58 916
58 2004
58 4265
58 5227
59 661
59 1717
59 2331
59 3499
59 3587
59 4806
59 5128
60 968
60 1683
60 2012
60 3783
60 4515
61 16
61 1702
61 2235
61 4503
62 3269
62 4458
62 5420
63 1414
63 1432
63 1996
63 2016
64 1208
64 3813
64 5339
65 3432
65 3872
65 4823
65 5160
66 1045
66 1535
66 1709
66 3189
66 4302
67 3
67 545
67 4041
67 4822
67 5488
70 1520
70 3553
70 5006
71 1305
71 2676
71 5134
71 5203
72 96
72 1631
72 3863
73 42
73 146
73 1633
73 2051
73 3621
73 4455
73 4548
74 877
74 1302
74 4089
75 877
75 1302
75 4089
76 472
76 562
76 2090
76 2385
76 4510
77 622
77 3910
77 3969
78 1078
78 1428
79 104
79 277
79 888
79 1132
79 1630
79 2144
79 2898
80 1008
80 2631
80 4681
80 5456
81 1270
81 2447
81 3799
82 571
82 3199
82 3610
82 5225
83 41
83 797
83 3827
83 4072
84 2430
84 4937
84 5243
85 49
85 2622
85 3730
85 3734
85 4995
86 587
86 1350
86 2036
86 2858
86 4059
87 1589
87 2197
87 4690
88 1589
88 2197
88 4690
89 2305
89 3246
89 3610
89 3777
89 4152
89 4462
89 4721
89 4736
90 682
90 1636
90 2131
90 3283
90 3616
91 1234
91 1982
91 2963
91 3032
91 4113
91 4249
92 2033
92 2826
92 3503
92 3610
92 5070
92 5447
93 1793
93 2126
93 2268
93 5304
93 5641
94 2955
94 4436
94 4861
94 5204
94 5493
95 211
95 593
95 602
95 810
95 1734
95 5460
96 211
96 640
96 2511
96 2833
96 5498
97 48
97 196
97 1334
97 1432
98 2444
98 2957
98 3072
99 427
99 3305
99 5134
100 665
100 1755
100 2858
100 3658
100 4735
101 855
101 2073
101 2097
101 4021
101 5712
102 2141
102 2420
102 3804
103 226
103 2020
103 2664
103 4727
103 5195
104 204
104 1744
104 2240
104 3167
104 3825
104 3901
105 985
105 1177
105 4923
106 11
106 81
106 191
106 434
106 1064
106 2148
107 831
107 2334
107 3037
107 3185
107 3286
107 3795
108 569
108 2395
108 2747
108 3950
108 4870
108 5542
109 3
109 771
109 895
109 2051
109 2066
110 459
110 506
110 4041
110 4412
111 1713
111 3095
111 3952
111 4065
111 4947
112 826
112 895
112 977
112 1618
112 3499
112 3614
112 3769
112 5343
112 5368
113 640
113 707
113 1702
113 2533
113 4961
114 91
114 238
114 679
114 1111
114 1380
114 2171
114 5732
115 53
115 2191
115 2566
115 4821
115 5766
117 1550
117 2157
117 2722
117 4354
117 5653
118 217
118 2462
118 3238
118 5064
119 504
119 702
119 761
119 1704
119 2505
119 4367
119 5109
120 151
120 3780
120 3860
120 3878
121 1807
121 2683
121 5233
121 5529
122 946
122 1219
122 1278
122 1980
122 2683
125 743
125 961
125 4405
125 4963
125 5216
126 666
126 1582
126 2066
126 2497
126 2805
127 2571
127 4217
127 4848
128 404
128 962
128 2239
128 2926
128 4521
129 1357
129 3033
129 3507
129 4186
129 5557
130 926
130 930
130 1115
130 1357
130 3852
130 4186
130 4190
130 5025
131 588
131 863
131 3055
131 3465
131 4035
131 4252
131 4273
131 4849
131 4868
132 20
132 141
132 941
132 2458
132 4024
132 4939
133 20
133 141
133 2458
133 4377
133 4822
134 1559
134 2109
134 2911
134 2948
134 3839
134 4211
134 5754
135 1136
135 1747
135 2820
136 141
136 182
136 916
136 2004
136 4265
136 5227
137 939
137 2200
137 2380
137 4253
137 5613
138 815
138 2280
138 3608
138 4355
139 730
139 2686
139 3777
140 728
140 2051
140 3243
140 5133
140 5474
141 975
141 2128
141 5134
142 258
142 3426
142 3589
142 4946
142 5027
143 174
143 252
143 2908
143 4730
143 4964
143 4965
143 5288
143 5666
144 267
144 690
144 1216
144 3193
144 5092
145 876
145 3000
145 3001
145 4896
145 5138
146 661
146 1566
146 3661
146 5134
147 83
147 377
147 1707
147 3494
148 468
148 2238
148 4326
148 5192
148 5712
149 215
149 1215
149 1279
149 1548
149 4679
150 1357
150 1761
150 2205
150 4792
150 4961
150 5557
150 5560
151 2637
151 2876
151 2975
151 3703
151 4558
152 670
152 1020
152 1920
152 3206
152 3596
152 3966
152 4096
153 638
153 2032
153 4652
153 5075
153 5660
154 109
154 2032
154 2070
154 2498
154 2568
154 4388
154 4597
155 1772
155 3181
155 3219
155 3243
155 4707
155 5125
156 362
156 1886
156 2093
156 3371
156 3397
156 4646
157 430
157 632
157 1786
157 2066
157 4337
157 5616
158 100
158 262
158 2894
158 5168
159 1887
159 3220
159 4409
160 1857
160 1995
160 2582
160 2720
160 3850
161 785
161 1452
161 2117
161 2903
161 5286
162 984
162 1094
162 2066
162 2270
162 4281
163 1257
163 2374
163 5650
164 1049
164 1920
164 3777
164 5531
165 1033
165 1701
165 2295
165 4222
166 1582
166 1621
166 2066
167 632
167 1667
167 3504
167 3686
167 5259
168 865
168 1479
168 2270
168 2358
168 3777
169 825
169 5130
169 5383
171 2653
171 3373
171 3777
171 4113
171 5605
172 580
172 914
172 3445
172 3553
172 4781
172 5223
173 393
173 461
173 1730
173 2000
173 4139
174 415
174 492
174 935
174 1196
174 2244
174 3151
174 5559
175 21
175 583
175 2293
175 3911
175 4230
175 4408
176 821
176 1841
176 3572
176 5225
176 5342
177 191
177 1357
177 1488
177 2301
177 2643
179 729
179 1261
179 2521
179 2540
179 2855
179 3036
179 3661
180 907
180 2984
180 4207
181 63
181 381
181 852
181 2018
181 2097
182 1035
182 4590
182 5003
183 216
183 542
183 3890
183 3950
183 4218
184 635
184 1118
184 3857
184 4031
184 4218
185 3625
185 4834
185 4945
186 940
186 953
186 2033
186 3380
186 3757
186 4094
186 4845
186 5401
187 222
187 2858
187 3835
187 4713
187 5133
188 548
188 1933
188 2218
188 2402
188 3064
188 5328
189 2094
189 2882
189 3344
189 3472
189 4186
190 13
190 2377
190 3298
190 3414
190 4654
190 4719
192 1254
192 1261
192 2041
192 4239
192 4394
192 5031
192 5512
194 1828
194 2494
194 2520
194 2886
194 3581
194 3755
194 3985
194 4093
194 5421
194 5679
195 884
195 2799
195 2901
195 4481
195 4482
196 2707
196 5434
196 5523
197 571
197 1695
197 1841
197 2602
197 3708
197 5034
198 213
198 1493
198 1716
198 3862
198 4011
200 265
200 468
200 559
200 1801
200 1982
200 3865
201 230
201 820
201 2542
201 3374
201 3834
202 2275
202 2401
202 3718
203 546
203 1263
203 1966
203 1990
203 3403
204 546
204 1263
204 1966
205 4318
205 5185
205 5400
206 606
206 1465
206 2103
207 3597
207 4191
207 4198
208 1217
208 1881
208 2274
208 2553
208 5008
209 1625
209 2414
209 5144
210 308
210 900
210 2904
210 3705
211 163
211 894
211 1690
211 1914
211 4588
212 1184
212 1494
212 4540
214 218
214 871
214 1067
214 1152
214 5143
215 3067
215 4023
215 4328
215 5059
216 4067
216 4396
216 5011
217 216
217 407
217 3032
217 5195
217 5431
218 1326
218 1767
218 3643
218 4163
218 4432
219 266
219 2155
219 3100
219 4237
219 5162
219 5212
219 5248
220 19
220 69
220 612
220 931
220 2157
220 2435
220 2721
220 3155
220 5121
220 5122
221 1569
221 1812
221 3449
221 4772
221 4891
222 707
222 1047
222 2958
222 2959
222 3982
223 616
223 1431
223 1488
223 2218
223 3495
223 5208
223 5290
224 639
224 2606
224 3350
224 3592
224 4407
225 44
225 472
225 1222
225 1484
225 2078
225 3488
226 885
226 4097
226 4230
226 4480
226 5652
227 267
227 852
227 1000
227 1269
227 1303
227 2097
227 2793
227 3548
227 4529
227 4764
227 5425
228 758
228 3484
228 3637
228 4037
229 413
229 2141
229 2628
229 3275
229 5217
230 10
230 156
230 758
230 1080
230 2637
230 3213
231 449
231 1715
231 2697
231 3911
231 5134
232 1582
232 1621
232 2066
233 860
233 2289
233 4495
234 893
234 986
234 4495
235 382
235 1900
235 2534
235 3048
235 5551
236 1297
236 1307
236 2126
236 5225
236 5716
238 920
238 2137
238 4657
239 78
239 356
239 858
239 3338
239 3442
240 3627
240 4081
240 4750
240 4803
240 4981
240 5049
241 434
241 542
241 2890
241 3614
241 5733
242 1892
242 2056
242 2159
242 4360
242 4629
243 175
243 3806
243 4295
243 4649
244 472
244 714
244 2545
244 2976
244 3227
244 4272
244 4408
244 4874
244 5069
244 5312
245 1706
245 1955
245 5691
246 570
246 573
246 1962
246 3408
246 3488
247 570
247 573
247 1962
247 3408
247 3488
247 4154
247 5073
248 260
248 597
248 1602
248 4025
249 999
249 2237
249 4177
251 692
251 847
251 3747
251 5416
251 5507
252 886
252 2759
252 3496
253 789
253 3496
253 4283
254 1532
254 2615
254 3496
255 2615
255 2691
255 3673
256 2615
256 3182
256 3496
257 1294
257 1397
257 1499
257 3122
257 5215
259 276
259 913
259 1081
259 1500
259 1970
259 2167
259 3970
260 624
260 1348
260 3658
260 4833
260 5650
262 472
262 1450
262 2268
262 2713
262 3717
262 5748
263 1022
263 3316
263 5467
264 209
264 617
264 1338
264 1563
264 2826
264 3474
264 3648
264 4961
264 5196
265 1307
265 2870
265 5258
266 106
266 264
266 2712
267 562
267 616
267 720
267 4720
267 5133
268 168
268 571
268 2657
268 2924
268 3430
268 4901
268 5695
269 656
269 3459
269 4242
270 1666
270 2142
270 2578
270 2580
270 4541
270 4794
271 569
271 1290
271 1337
271 1672
271 2762
271 2807
271 4610
272 1372
272 1785
272 4249
272 4730
272 5069
273 963
273 2462
273 3777
273 4113
273 5211
274 833
274 1114
274 2077
274 3621
274 3748
276 110
276 4037
276 5006
277 204
277 1047
277 1783
277 3027
278 742
278 1251
278 2707
278 2922
278 4012
278 5434
279 655
279 783
279 2068
279 2153
279 3777
279 3961
279 5077
279 5464
280 54
280 300
280 572
280 1121
280 4071
281 1452
281 2733
281 3190
281 5485
281 5702
282 825
282 3617
282 5130
282 5383
283 631
283 5385
283 5678
284 1548
284 2090
284 2983
284 3243
284 4172
285 705
285 2629
285 3610
285 3777
285 4092
285 4123
286 2281
286 2920
286 3392
286 3734
286 3950
286 5232
286 5451
287 1758
287 2428
287 3510
287 4527
287 4532
287 4574
287 5743
288 672
288 1798
288 3604
288 3621
288 4470
289 90
289 2723
289 2852
289 3458
289 3639
289 3752
289 5238
290 1487
290 5348
290 5744
291 1356
291 1776
291 4723
292 767
292 1797
292 3027
292 4496
292 5136
294 737
294 1550
294 2630
294 3590
294 3688
295 1278
295 2090
295 2891
295 2994
295 4307
295 5724
296 2016
296 2460
296 3488
296 3696
296 3775
296 4556
297 653
297 841
297 1004
297 1447
297 2914
297 3416
297 3641
297 3828
297 4108
298 234
298 2348
298 2646
298 2676
298 3482
298 4694
298 4820
299 951
299 1304
299 5288
299 5735
300 66
300 1104
300 1846
300 2168
300 3236
301 1047
301 5134
301 5263
302 66
302 1725
302 5263
302 5359
303 1047
303 1846
303 5578
303 5597
304 943
304 1047
304 1846
304 2744
304 5747
305 943
305 1047
305 1846
305 5577
306 688
306 2393
306 4151
307 391
307 2540
307 3589
307 4791
307 5324
308 3990
308 4294
308 4618
309 338
309 2107
309 2688
309 3509
310 359
310 1159
310 1427
311 2623
311 5422
311 5656
312 3244
312 5316
312 5479
313 200
313 281
313 1336
313 1435
313 2321
313 3053
313 3188
313 4549
313 4814
313 5740
314 1099
314 3568
314 3728
314 4493
315 275
315 1298
315 1643
315 1649
315 3638
315 4748
315 5303
316 1682
316 1897
316 2504
317 142
317 1978
317 2991
317 4330
317 5208
317 5488
318 474
318 1363
318 2648
318 5713
320 1293
320 2215
320 4271
320 5524
321 738
321 1861
321 2893
322 1681
322 1757
322 2270
322 4183
322 5342
323 2217
323 4595
323 5367
325 508
325 921
325 1053
325 3092
325 4623
325 4949
325 5376
326 2232
326 3388
326 5198
327 2232
327 2326
327 5157
328 748
328 937
328 1353
328 1988
328 2736
330 445
330 923
330 1155
330 1448
330 1463
330 5071
331 556
331 812
331 843
331 1615
331 1687
331 2058
331 2337
331 2788
331 3461
331 3648
331 4668
331 5065
332 1207
332 4235
332 4490
333 670
333 681
333 841
333 1841
333 2053
333 2671
333 2687
334 247
334 1438
334 1603
334 2192
334 3592
334 3928
334 4894
335 79
335 2659
335 2794
336 2726
336 3291
336 4816
337 2117
337 2320
337 4816
338 247
338 1792
338 3291
339 1266
339 1507
339 1691
339 2424
339 3389
339 4003
339 5139
340 833
340 1304
340 2077
340 3748
340 4955
341 136
341 1140
341 3262
341 4983
342 2754
342 5219
342 5647
345 2390
345 2493
345 3418
345 4084
345 4441
346 1443
346 1791
346 5432
347 750
347 1075
347 2457
348 555
348 866
348 1970
348 2643
348 3095
348 3474
348 4082
348 4724
349 312
349 937
349 1365
349 3483
349 3975
350 77
350 2609
350 3034
350 3260
350 4824
350 5026
352 995
352 2179
352 3739
353 581
353 1041
353 1258
353 2129
353 3679
353 5673
354 2899
354 3850
354 4459
354 4544
354 4633
354 5737
355 1023
355 3176
355 3226
355 4550
355 4912
356 145
356 643
356 2028
356 4300
356 5065
357 530
357 864
357 2264
357 3055
357 3465
357 4571
357 5516
357 5719
360 205
360 694
360 2436
360 3101
360 5623
361 204
361 2193
361 2220
361 2258
361 4653
361 5082
361 5468
362 2540
362 2855
362 5324
363 1801
363 4865
363 5417
363 5466
363 5627
364 2319
364 3707
365 2767
365 4175
365 4485
365 5443
366 286
366 1704
366 1878
366 2564
366 3696
366 4268
367 484
367 620
367 1989
367 2261
367 3047
367 3469
367 4900
368 237
368 531
368 597
368 1739
368 2998
368 3147
368 3408
369 1055
369 1058
369 4984
370 931
370 1120
370 1452
370 1569
370 2199
372 781
372 1262
372 1477
372 2231
372 3255
372 4132
372 4485
372 5635
373 106
373 264
373 2712
374 749
374 925
374 2897
374 3288
374 4691
374 4707
374 5531
375 870
375 1433
375 1485
375 1802
375 2415
375 4525
375 4694
376 473
376 712
376 1072
376 2792
376 3927
376 4967
377 1241
377 1953
377 2403
378 3352
378 3434
378 5606
379 664
379 1114
379 2063
379 3861
379 3970
379 3986
380 1216
380 1284
380 1722
380 1910
380 3193
380 5140
381 3130
381 3569
381 3690
381 5285
381 5657
382 1237
382 2760
383 655
383 1258
383 2151
383 3410
383 4031
384 958
384 4233
384 4548
