1 2019
1 2576
1 3754
1 3777
2 2166
2 2902
2 4993
3 1420
3 2198
3 5240
4 1420
4 2198
4 5240
5 901
5 1420
5 1576
5 2606
5 5240
6 1420
6 3302
6 3558
7 313
7 902
7 951
7 2814
7 4285
7 5180
8 313
8 951
8 5180
9 1250
9 1616
9 3556
9 4972
9 5613
10 3672
10 4775
10 5234
11 64
11 1286
11 1521
11 3648
11 4432
11 4478
11 4870
12 2810
12 3672
12 3824
12 4884
13 256
13 905
13 3278
13 3392
13 3393
13 3477
13 4414
14 175
14 1496
14 1536
14 1584
14 2171
14 4350
14 5027
14 5134
14 5539
14 5731
15 767
15 1856
15 2702
15 3027
15 3218
15 3369
15 3503
16 577
16 1577
16 3892
17 2105
17 3369
17 3892
17 5441
17 5715
18 1577
18 2304
18 5058
19 1452
19 3369
19 3892
19 4118
19 5485
20 577
20 3240
20 3892
21 3218
21 3369
21 3892
21 5169
21 5668
22 1577
22 2916
22 4147
23 303
23 692
23 1387
23 1860
23 3369
23 3409
23 3463
23 3648
24 767
24 2051
24 2916
24 3369
24 4794
24 5668
25 940
25 1232
25 3698
25 3734
25 4277
25 5015
25 5328
26 1670
26 3146
26 3725
26 5757
27 204
27 386
27 2177
27 4942
27 5272
27 5485
28 1168
28 1274
28 1875
28 2245
28 4582
29 891
29 1176
29 3609
29 5528
30 2201
30 2557
30 2636
30 2980
30 4248
30 4284
30 4880
31 269
31 3006
31 3119
31 3439
31 4706
31 5438
32 1752
32 3275
32 5291
33 1984
33 2228
33 3612
33 4925
33 5022
34 1246
34 2797
34 2916
34 3369
34 3614
35 70
35 292
35 516
35 1107
35 3032
35 3761
36 267
36 657
36 3048
36 3108
36 3783
37 358
37 623
37 1473
39 1357
39 2051
39 3033
39 3621
39 3852
39 4186
40 254
40 345
40 1440
40 2478
40 5103
41 4
41 1708
41 2260
41 2823
41 2898
41 2919
41 4375
42 896
42 924
42 2180
42 5627
43 2073
43 2158
43 2200
43 4020
43 4129
44 3762
44 4270
44 5424
45 2854
45 2891
45 4262
45 5080
46 828
46 2449
46 2709
46 4100
46 5101
47 716
47 2846
47 3130
47 3201
47 3242
47 4620
48 37
48 93
48 2709
48 3091
48 4183
48 4847
49 396
49 3102
49 3198
49 3827
50 1664
50 2161
50 5500
50 5611
51 462
51 1006
51 2120
51 3091
51 3570
52 3550
52 4605
52 4729
53 2266
53 2268
53 2398
53 2891
53 4880
53 5020
53 5225
54 2027
54 3505
54 3812
54 5205
54 5321
54 5710
55 1939
55 3892
55 5070
55 5485
55 5534
56 847
56 1119
56 1234
56 1755
56 4357
57 703
57 1515
57 1694
57 1727
57 4563
58 141
58 182
58 916
58 2004
58 2633
58 5227
59 661
59 1717
59 3499
59 3875
59 4515
59 4806
59 5128
61 1425
61 1702
61 4503
61 5506
62 3269
62 4458
62 5420
63 1996
63 2016
63 4437
64 1241
64 1677
64 2354
65 1619
65 3594
65 3872
65 4823
65 5160
66 221
66 1045
66 1535
66 3189
66 4302
67 276
67 2120
67 2753
67 3934
67 4416
67 4822
68 942
68 1756
68 2907
68 4310
68 5079
69 180
69 311
69 2003
69 2406
69 4415
70 102
70 1057
70 3711
70 3719
71 1305
71 2676
71 5134
71 5203
73 189
73 427
73 4738
73 5134
74 877
74 1302
74 4089
76 500
76 1488
76 3043
76 4743
76 5712
77 344
77 622
77 5035
78 1078
78 3132
79 888
79 1132
79 1630
79 2144
79 2898
79 3921
79 4988
80 1062
80 2631
80 4353
80 4374
80 4907
81 1271
81 2447
81 5373
82 186
82 1381
82 1960
82 3610
82 4107
83 797
83 3394
83 3827
83 4072
84 878
84 2430
84 4937
85 1329
85 3218
85 3324
85 3730
85 4497
85 5444
86 916
86 1350
86 2036
86 2858
86 4059
87 1589
87 2197
87 3369
88 1589
88 2197
88 3369
89 975
89 2303
89 3777
89 4152
89 4462
89 4667
89 4721
89 4733
89 5134
89 5726
90 682
90 1636
90 3283
91 216
91 2295
91 3270
91 5064
91 5509
92 1442
92 1838
92 2307
92 2826
92 3110
92 5070
92 5530
93 184
93 1793
93 1825
93 2266
93 3645
93 4464
94 610
94 2065
94 3010
94 4436
94 4861
94 5370
94 5426
94 5571
95 211
95 593
95 810
95 2051
95 2600
95 4062
95 5558
96 593
96 2880
96 4062
96 5460
96 5498
97 48
97 1334
97 3746
98 235
98 2444
98 3072
100 85
100 624
100 716
100 2075
100 5614
101 855
101 2073
101 4021
101 4129
101 5712
102 2073
102 2141
102 3804
103 61
103 3652
103 3797
103 4104
103 5364
104 1744
104 1868
104 2240
104 3167
104 3825
105 1221
105 1810
105 4442
105 5028
106 191
106 227
106 691
106 841
106 1920
106 4856
107 831
107 2334
107 3037
107 3185
107 3286
107 3795
108 732
108 3448
108 3950
108 4313
108 4870
108 5246
109 545
109 2343
109 2644
109 3553
109 4822
110 545
110 2247
110 3742
110 3864
110 3948
110 4850
110 5313
111 901
111 1713
111 2556
111 3095
111 4065
111 4373
111 5482
111 5707
112 553
112 826
112 1323
112 3390
112 3499
112 3614
112 5371
112 5382
113 707
113 974
113 1027
113 1088
113 2533
113 5558
114 434
114 1380
114 5000
114 5732
115 53
115 2416
115 2566
115 3646
115 5766
116 167
116 2391
116 4930
116 5637
117 828
117 2722
117 3355
117 5134
117 5653
118 217
118 972
118 1492
118 2462
118 3238
119 702
119 761
119 1704
119 2505
119 4367
119 5109
121 710
121 2023
121 2683
122 946
122 1219
122 1981
122 2683
123 23
123 436
123 1410
123 2714
123 3453
124 2483
124 3066
124 3468
125 285
125 743
125 4405
125 4601
125 4982
126 666
126 2805
126 4543
126 5292
126 5342
127 517
127 1658
127 2885
127 3963
127 4400
127 5458
127 5603
128 404
128 910
128 962
128 2239
128 2926
129 1357
129 3033
129 3507
129 4186
129 5557
130 926
130 930
130 1115
130 1357
130 3852
130 4186
130 4190
130 5025
131 588
131 863
131 3055
131 3463
131 3465
131 4035
131 4252
131 4273
131 4849
131 4868
132 20
132 141
132 941
132 2458
132 2633
132 4024
132 4939
133 20
133 141
133 2458
133 4377
133 4822
134 726
134 800
134 909
134 4354
134 4476
134 5045
134 5314
134 5497
134 5687
135 1617
135 4555
135 4577
136 141
136 182
136 916
136 2004
136 2633
136 5227
137 939
137 1164
137 2380
137 4253
137 5613
138 2280
138 4513
138 5005
138 5394
138 5590
139 730
139 1367
139 3777
140 728
140 1462
140 2051
140 3634
140 5133
141 1737
141 4040
141 5050
142 1235
142 1757
142 3827
142 4183
142 5342
143 252
143 2908
143 3735
143 4965
143 5666
144 116
144 406
144 1216
144 3514
144 5488
145 3000
145 3001
145 4624
145 4896
146 1681
146 3173
146 3661
146 5134
147 1738
147 2431
147 3202
147 4811
147 5206
147 5462
148 226
148 1909
148 1968
148 1971
148 2091
148 4795
148 5192
149 215
149 1279
149 1548
149 4172
149 4679
150 1357
150 1761
150 1848
150 3033
150 4961
150 5560
151 1826
151 2017
151 4558
152 1001
152 1856
152 4096
152 4404
152 4838
153 2032
153 4388
153 5660
154 109
154 2032
154 2070
154 2498
154 4388
155 1772
155 2297
155 3181
155 3218
155 5125
156 850
156 3243
156 3273
156 3508
156 5437
156 5617
157 68
157 1124
157 1260
157 1715
157 1741
157 2212
157 2986
157 3014
157 3664
157 4116
157 5043
157 5372
157 5527
157 5548
158 262
158 2894
158 4911
158 5168
158 5262
159 295
159 421
159 568
159 727
160 2626
160 3850
160 4579
160 5235
161 640
161 785
161 2117
161 3855
162 771
162 949
162 984
162 1232
162 3408
163 1376
163 3322
163 3699
163 4238
164 977
164 1750
164 3842
165 1655
165 2034
165 4176
165 4222
165 5639
166 771
166 949
166 984
166 1232
166 3408
167 632
167 1667
167 3504
167 3686
167 4572
168 114
168 868
168 2358
168 3084
168 5736
169 825
169 3617
169 5130
169 5383
170 2099
170 2313
170 2809
170 3024
170 3820
170 4125
171 847
171 1750
171 3777
171 4287
172 676
172 2410
172 3137
172 3553
172 5223
173 393
173 896
173 3868
173 4139
173 5289
174 566
174 935
174 1196
174 1460
174 2236
174 2252
174 3151
174 3534
174 5265
175 21
175 249
175 583
175 1742
175 4408
176 284
176 616
176 931
176 1046
176 1569
176 1796
176 3025
176 3572
176 3922
177 1357
177 1488
177 2643
177 4752
177 4791
179 2521
179 2540
179 2855
179 3036
179 3173
179 3621
179 3661
179 4183
180 907
180 2349
180 2984
181 63
181 2811
181 2967
181 4129
181 5055
182 1576
182 2122
182 3471
183 1161
183 1174
183 2480
183 3429
183 3447
183 3950
183 5278
184 635
184 1118
184 3857
184 4031
184 4199
185 115
185 264
185 2374
185 5541
185 5614
186 940
186 1232
186 2961
186 3380
186 4845
186 5015
186 5401
187 4186
187 4713
187 5133
187 5413
188 2563
188 3964
188 4363
188 4600
189 1009
189 2094
189 2882
189 3472
189 4186
190 874
190 1116
190 1988
191 2387
191 3382
191 3732
191 5354
191 5675
192 1261
192 1788
192 2269
192 4039
192 5031
192 5042
192 5512
193 3068
193 3947
193 5403
194 2494
194 2886
194 3391
194 3466
194 3581
194 3985
194 4093
194 5540
194 5679
194 5690
195 796
195 2163
195 3855
196 5434
196 5523
197 571
197 2602
197 2856
197 4208
197 5277
198 213
198 1493
198 1716
198 3862
198 4011
200 265
200 559
200 1114
200 1801
200 3865
201 230
201 1724
201 4150
201 5658
202 644
202 2275
202 3716
203 226
203 546
203 3233
203 3403
203 3709
203 4616
204 546
204 3314
204 4616
205 2435
205 4318
205 5091
206 607
206 1464
206 4959
207 4198
207 4926
208 603
208 691
208 819
208 1439
208 2451
208 2816
208 2933
208 3966
208 4718
209 1625
209 1705
209 4718
209 5481
210 240
210 983
210 1315
210 2028
211 288
211 894
211 1272
211 1668
211 1914
211 2703
211 4575
212 1184
212 1494
212 2943
212 3053
212 4540
213 1023
213 1301
213 2395
213 4573
213 5542
214 218
214 645
214 871
214 1067
214 4335
215 335
215 3356
215 4304
215 5528
216 4396
216 5011
216 5471
217 60
217 216
217 3032
217 3227
217 5431
218 841
218 1326
218 1767
218 3643
218 4163
218 4432
218 5412
219 2155
219 2230
219 3854
219 3884
219 4154
219 4237
219 5162
219 5248
219 5553
220 19
220 69
220 228
220 612
220 931
220 2435
220 2598
220 2721
220 3155
220 5122
221 38
221 627
221 4176
221 4486
221 5064
222 2587
222 2683
222 3470
222 4028
222 4447
223 1256
223 1615
223 1693
223 1814
223 3251
223 3417
223 4471
223 4932
224 639
224 2606
224 3350
224 3741
224 4103
225 1839
225 2268
225 2865
225 3002
225 3488
225 4031
226 598
226 984
226 1769
226 4480
227 1224
227 2614
227 3409
227 4647
227 4760
227 4764
228 758
228 1337
228 3484
228 4037
229 1752
229 2628
229 3275
229 4603
229 5291
230 156
230 758
230 1234
230 1347
230 1553
230 3213
231 202
231 2016
231 2800
231 3137
231 5514
232 771
232 949
232 984
232 1232
232 3408
233 986
233 4171
233 4495
234 893
234 986
234 4495
234 5609
235 382
235 3087
235 3318
235 3532
235 5427
236 10
236 758
236 1082
236 3232
236 3301
237 1590
237 1650
237 2340
237 2734
237 4406
237 5142
238 29
238 248
238 920
238 2137
238 3003
238 5729
239 707
239 1280
239 3218
239 3892
239 3951
240 3224
240 4081
240 4184
240 4750
240 4981
240 5049
241 2890
241 3340
241 3763
241 4772
241 5733
242 435
242 1892
242 2159
242 4629
243 175
243 3606
243 3806
243 4295
243 4649
244 15
244 472
244 714
244 1192
244 1733
244 1884
244 2495
244 2976
244 3036
244 3422
244 4299
244 4408
244 4739
244 4874
244 5069
244 5207
245 1706
245 3320
245 4473
246 570
246 701
246 987
246 1648
246 1841
246 3584
246 3589
246 3592
246 4154
246 4317
246 4989
246 5073
246 5661
247 570
247 1648
247 1841
247 3589
247 3592
247 4154
247 5073
248 237
248 1249
248 2187
248 2906
248 3404
248 3408
248 5073
249 972
249 2114
249 3208
249 5599
251 692
251 5097
251 5654
252 886
252 2759
252 4810
254 4810
254 5607
254 5727
256 320
256 1903
256 3496
257 3903
257 5351
258 624
258 1376
258 1755
258 5188
259 1081
259 1500
259 1970
259 2167
259 2540
259 4791
259 5712
261 624
261 1376
261 1755
261 2140
261 3387
262 675
262 1328
262 2713
262 2866
262 3296
263 2531
263 3293
263 5467
265 922
265 1307
265 3330
265 3732
265 5258
267 280
267 469
267 616
267 994
267 1810
267 5133
268 2049
268 2924
268 2941
268 3177
268 3430
268 3538
268 4877
269 656
269 3195
269 4632
270 1666
270 2578
270 2580
270 4541
270 4794
271 569
271 1673
271 2762
271 2807
271 4378
272 605
272 618
272 1372
272 3379
272 4249
273 972
273 3777
273 4113
273 5493
274 833
274 2077
274 5588
276 110
276 5007
276 5446
276 5492
277 204
277 274
277 1047
277 1999
277 3027
278 1566
278 2670
278 2707
278 5763
279 977
279 2251
279 3450
279 3565
279 4095
279 4556
279 5005
279 5464
280 54
280 828
280 1680
280 2025
280 2943
280 3398
280 4356
281 1452
281 3190
281 5485
281 5734
282 825
282 3617
282 5130
282 5383
284 555
284 658
284 1268
284 1548
284 2090
285 218
285 226
285 1067
285 2096
285 2629
285 3777
285 4123
286 2929
286 3392
286 4361
287 1932
287 2826
287 2871
287 3028
287 3223
287 3598
287 3657
287 3915
288 1877
288 2753
288 2765
288 3604
288 4429
288 4470
288 5224
288 5230
288 5283
289 90
289 547
289 589
289 2612
289 3165
289 3191
289 5238
290 3
290 132
290 205
290 1101
290 3776
291 3
291 1006
291 1267
291 1776
291 2027
292 269
292 767
292 1797
292 5136
293 2051
293 3272
293 3919
293 3949
293 5568
294 737
294 3117
294 3217
294 3590
295 1473
295 2607
295 2891
295 4537
295 4791
295 5151
296 1001
296 2460
296 3488
296 3785
297 44
297 210
297 841
297 1004
297 1172
297 1446
297 2624
297 2914
297 4108
298 1949
298 2263
298 3284
298 5088
298 5277
299 897
299 1304
299 1408
299 1599
299 2895
299 5288
300 1104
300 1846
300 2168
300 2289
300 3236
301 150
301 1423
301 1846
301 2289
302 66
302 1047
302 1725
302 5359
303 943
303 1846
303 2289
303 5578
304 943
304 1846
304 2289
304 5747
305 943
305 1846
305 2289
305 5577
306 688
306 1149
306 2393
307 391
307 2141
307 2851
307 4936
307 5672
308 1238
308 2831
308 4294
308 5445
308 5592
309 2295
309 3460
309 4163
309 5181
311 2623
311 5422
311 5656
313 281
313 648
313 1336
313 2321
313 3053
313 3188
313 4549
313 4814
313 5740
314 205
314 694
314 3552
315 275
315 367
315 1298
315 1643
315 1649
315 3638
315 4748
315 5303
316 1664
316 1685
316 1897
316 5611
317 142
317 341
317 1978
317 2616
317 4330
317 5488
318 2229
318 2290
318 2648
318 4173
318 5713
319 1757
319 2051
319 2691
319 3464
319 4276
320 1293
320 2215
320 4271
320 5524
321 1606
321 1861
321 4619
321 5519
323 83
323 770
323 2484
323 3982
323 4288
323 5751
325 185
325 508
325 2081
325 4623
325 5085
326 187
326 3388
326 3991
327 187
327 3388
327 3991
328 2714
328 2889
328 5684
329 1681
329 4183
329 4411
329 5351
330 445
330 599
330 3647
330 4444
330 4971
330 5329
331 1256
331 1687
331 3030
331 3251
331 3648
331 4668
332 808
332 1042
332 1698
332 2400
332 3363
332 4247
333 555
333 681
333 875
333 1841
333 3150
333 3410
334 1438
334 1906
334 2182
334 2192
334 3512
334 4568
334 4894
336 2726
336 3291
336 4816
337 2117
337 3271
337 4816
338 1792
338 3291
338 4816
339 201
339 1507
339 1691
339 2424
339 2935
339 3115
339 4003
340 1304
340 1362
340 1714
340 3953
340 4955
341 255
341 1710
341 3777
341 4537
341 5074
342 73
342 555
342 2060
342 2370
342 2756
343 147
343 1701
343 1723
343 3326
343 4447
343 5205
344 427
344 1723
344 4031
344 5346
344 5602
345 1220
345 1662
345 3074
345 3128
345 5708
346 2594
346 4759
346 5432
347 2295
347 3373
347 3827
347 5694
348 714
348 1970
348 2643
348 3095
348 3474
348 4082
348 4251
349 312
349 1365
349 2278
349 3670
349 4538
350 77
350 2609
350 3034
350 3260
350 5026
351 526
351 1158
351 3473
351 3960
351 4044
352 423
352 1126
352 2179
353 85
353 372
353 1038
353 1041
353 1258
353 2129
353 2959
354 2604
354 3850
354 4633
355 1327
355 2141
355 2942
355 3536
355 3551
355 3750
355 4512
355 4912
356 1859
356 2028
356 2370
356 2580
356 2760
357 194
357 530
357 536
357 862
357 1128
357 1454
357 1505
357 1779
357 3573
357 4252
357 4841
357 4849
358 2299
358 2577
358 4502
359 966
359 1383
359 2817
359 3163
359 3402
359 4102
359 4245
359 5642
360 20
360 205
360 2154
360 3920
361 204
361 2193
361 2258
361 3521
361 5082
362 179
362 1389
362 3790
362 4028
362 4266
362 5700
363 3
363 202
363 2369
363 2898
363 4419
364 2319
364 3707
365 1976
365 2006
365 3156
365 4485
366 1684
366 2151
366 2564
366 2872
366 3696
366 4268
367 620
367 1989
367 3047
367 3342
367 3469
367 4826
367 4900
368 237
368 1032
368 1249
368 2187
368 2906
368 3404
368 3408
368 3848
368 5073
369 1058
369 2680
369 4445
369 4984
370 931
370 1120
370 1569
370 2199
370 5646
371 186
371 619
371 969
371 1381
371 1572
371 3214
372 64
372 208
372 1262
372 1477
372 2630
372 4132
372 5635
372 5718
373 112
373 264
373 4182
374 714
374 925
374 1769
374 3288
374 4643
374 4691
374 4797
374 5307
375 360
375 1433
375 3137
375 3511
375 4570
376 113
376 473
376 712
376 1072
376 2608
376 2792
376 3313
376 3955
377 1241
377 2403
377 2462
378 2227
378 3352
378 3434
378 5606
379 664
379 1114
379 2063
379 3405
379 3861
379 3970
379 3986
379 4831
380 647
380 1216
380 1284
380 1722
380 2967
380 3193
380 4234
381 134
381 1688
381 3499
381 3557
381 5672
382 216
382 2190
382 2760
382 3779
382 5016
382 5624
383 1258
383 2756
383 3410
383 3503
383 4031
384 958
384 2718
384 4548
