1 1696
1 4951
7 313
7 902
7 2459
7 3763
7 5180
8 313
8 902
8 1087
8 2459
8 3714
10 64
10 1211
10 2471
11 902
11 4432
11 4870
11 5398
12 64
12 2471
12 3824
12 4884
12 5755
13 905
13 3278
13 3392
13 3393
13 4414
13 5467
14 1536
14 2171
14 4531
14 5086
15 767
15 1452
15 3018
15 3027
15 3054
15 3503
16 577
16 1588
16 3704
17 8
17 582
17 594
17 3857
17 5441
19 577
19 4075
23 577
23 2932
23 5759
24 767
24 2090
24 2702
24 3369
24 4517
25 813
25 4855
25 5328
25 5401
27 7
27 1762
27 4942
27 5568
30 1595
30 2557
30 2636
30 4212
30 4606
30 4880
30 5677
31 2213
31 2645
31 3119
31 4076
31 4706
32 840
32 1719
32 2715
33 1984
33 2228
33 3817
33 4925
33 5022
35 292
35 1107
35 3362
35 3761
36 1187
36 3636
39 1357
39 3033
39 3621
39 3852
39 4186
41 4
41 2898
41 2919
41 4375
41 5236
41 5320
42 17
42 924
42 2591
42 4665
42 5627
43 59
43 115
43 381
43 420
43 2073
43 2224
43 2887
43 3008
43 3051
43 3160
43 3804
43 4129
44 1385
44 4270
44 5424
45 1395
45 4262
45 5080
47 2779
47 2846
47 4620
49 396
49 3102
49 3198
49 3827
51 462
51 1006
51 2121
51 3091
51 5118
53 2463
53 3044
53 4146
53 4645
53 4880
53 5080
53 5225
54 2324
54 4296
54 4535
54 5205
54 5229
55 1939
55 2630
55 2674
55 4187
56 1119
56 1755
56 4357
56 5134
56 5503
57 829
57 1296
57 1694
57 1760
57 1959
57 4563
57 5183
58 141
58 182
58 916
58 2633
58 5227
59 661
59 1717
59 3499
59 3875
59 4515
59 5128
61 1425
61 4503
61 5506
62 575
62 3269
62 5420
65 1619
65 3872
65 5160
66 752
66 1638
66 2719
66 4302
66 4351
66 4369
67 276
67 545
67 2121
67 2753
67 3934
67 4416
68 168
68 1932
68 3561
69 576
69 1585
69 2169
69 2406
70 102
70 3711
70 3719
76 714
76 3043
76 4743
76 4880
76 5712
77 551
77 1055
77 3910
77 5599
78 1078
78 3132
78 5365
79 888
79 1039
79 1311
79 2333
79 4534
79 4638
79 5304
80 1062
80 2631
80 4353
80 4374
80 4907
81 1271
81 2447
81 5373
82 1381
82 1960
82 2404
82 3543
82 3929
83 797
83 3394
83 3827
83 4072
84 646
84 2430
84 4937
90 1636
90 4061
90 5132
91 591
91 640
91 5064
91 5509
93 1390
93 1793
93 1825
93 2266
93 2827
93 4464
94 2311
94 4264
94 4346
94 4436
94 5370
95 211
95 593
95 632
95 810
95 2086
95 2509
95 4062
95 4398
96 593
96 3671
96 4062
96 4933
96 5015
96 5498
100 85
100 624
100 716
100 2075
100 5614
101 2073
101 4020
101 4021
101 4129
101 4639
103 61
103 2381
103 5694
104 107
104 1127
104 3167
104 3659
104 3825
104 4061
105 1221
105 2219
105 4442
105 5028
106 691
106 814
106 841
106 1425
106 1920
106 3488
106 4113
107 2334
107 3037
107 3185
107 3286
108 732
108 1346
108 2747
108 2950
108 4313
108 4870
110 809
110 889
110 1498
110 1529
110 4678
110 5313
111 640
111 901
111 2556
111 2843
111 4065
111 5482
112 553
112 826
112 931
112 1323
112 1783
112 3499
112 5226
112 5382
113 707
113 974
113 1027
113 1088
113 2533
113 5032
114 31
114 434
114 1133
114 1380
114 2586
114 5732
115 53
115 1940
115 2566
115 5334
115 5750
116 1671
116 4176
116 5018
117 304
117 3355
117 4200
117 4660
117 4697
117 5087
122 946
122 1219
122 1981
122 2683
123 23
123 2995
123 3253
124 316
124 2483
124 3066
124 3088
126 666
126 1322
126 2043
128 404
128 4252
129 1325
129 1357
129 3033
129 5557
130 336
130 1325
130 1644
130 3033
130 5025
130 5033
131 588
131 772
131 863
131 1142
131 2202
131 3055
131 4015
131 4017
131 4252
131 4273
131 5260
131 5683
132 141
132 2314
132 2633
132 3685
132 4024
132 4939
133 2225
133 2786
133 4377
134 335
134 726
134 909
134 1559
134 2109
134 4026
134 5149
134 5409
135 309
135 840
135 1096
135 1157
135 1384
135 1876
135 3869
135 4943
136 141
136 182
136 916
136 2633
136 5227
140 728
140 1462
140 2721
140 3075
140 4491
142 1145
142 2308
142 3807
142 5284
143 252
143 2482
143 2908
143 4954
143 5620
144 647
144 3193
144 3894
144 4269
144 4330
144 5488
145 2050
145 4896
145 5380
147 1738
147 2431
147 2737
147 4111
147 5462
148 226
148 2091
148 4326
148 5192
149 4172
149 4679
149 4883
150 99
150 229
150 507
150 1357
150 1373
150 1533
150 1848
150 2363
150 2704
150 3033
150 3555
150 4156
150 4498
152 1001
152 1275
152 4404
152 4838
152 4954
154 109
154 2032
154 2498
154 4388
155 1772
155 3181
155 3622
155 4339
155 5125
155 5444
156 1524
156 3994
156 4562
156 4625
156 5075
156 5437
157 68
157 475
157 737
157 1124
157 1715
157 2770
157 3489
157 4098
157 5043
157 5372
158 1948
158 4644
158 4911
158 5168
158 5222
158 5262
159 2631
159 2921
159 5064
160 2626
160 3850
160 4579
160 5235
161 785
161 2310
161 2476
161 3544
161 4531
162 137
162 347
162 590
162 5387
162 5728
163 1809
163 1983
163 2075
164 754
164 3842
164 5044
165 4176
165 4222
165 5686
168 1893
168 2358
168 2724
169 4079
169 5130
169 5383
170 342
170 400
170 1338
170 2473
170 2809
170 3024
170 3820
171 1750
171 3777
171 4287
171 4511
172 1537
172 4920
172 4975
172 5042
172 5583
173 393
173 978
173 2482
173 3036
173 4278
174 263
174 496
174 566
174 1196
174 1460
174 2620
174 3534
174 4311
175 249
175 583
175 4617
175 4734
176 697
176 931
176 1569
176 2125
176 4082
176 4894
177 1001
177 3879
177 4752
177 4791
177 5511
179 383
179 500
179 1389
179 2540
179 3036
179 3173
179 3621
180 907
180 2349
180 4226
181 63
181 1835
181 1941
181 2811
181 3396
181 5055
183 1161
183 1174
183 2441
183 2480
183 3695
183 4085
183 5278
183 5371
185 787
185 4326
185 4836
185 5614
186 422
186 804
186 1031
186 1576
186 2961
186 4237
187 1823
187 4186
187 4713
187 5133
187 5413
188 2563
188 3964
188 4363
188 4600
189 226
189 1009
189 1345
189 2094
189 4186
191 2918
191 3902
191 4143
191 4193
191 5354
192 301
192 310
192 1456
192 1872
192 2195
192 2937
192 3309
192 3893
192 4142
192 5512
194 1557
194 2520
194 2886
194 3391
194 3985
194 4053
194 4093
194 5480
194 5540
194 5679
197 84
197 1476
197 2537
197 4208
197 4762
197 5088
197 5277
197 5454
197 5475
200 479
200 1114
200 3140
200 3865
200 4255
201 192
201 668
201 782
201 1828
201 2004
201 2330
201 2456
201 4101
201 4402
202 578
202 644
202 1430
202 3069
202 3716
202 4119
202 4120
202 4998
202 5211
202 5612
203 546
203 3314
203 4616
205 2435
205 4318
205 5091
206 607
206 1464
206 4959
208 22
208 603
208 691
208 1439
208 2451
208 2816
208 2933
208 3966
208 4718
208 4866
209 1370
209 4451
209 5481
210 553
210 893
210 1315
210 2028
210 3266
210 3680
210 5324
211 992
211 1358
211 1914
215 463
215 5051
215 5528
216 4387
216 5634
217 372
217 3032
217 5431
218 1326
218 1767
218 5381
218 5412
218 5473
219 495
219 2155
219 2230
219 3404
219 3854
219 3884
219 4154
219 5248
220 19
220 228
220 762
220 931
220 1916
220 2316
220 2435
220 2598
220 2721
220 3076
220 3155
220 4054
220 4417
220 4870
220 5122
220 5414
221 352
221 4176
221 4486
221 5064
222 1392
222 2683
222 5401
223 829
223 1256
223 1615
223 1814
223 2295
223 2361
223 3251
223 3988
223 5158
224 1489
224 2606
224 3350
224 3427
224 3592
225 1153
225 1839
225 3353
225 3488
225 4031
228 555
228 637
228 758
228 863
228 1337
228 1646
228 1844
232 714
232 934
232 984
232 2772
232 4472
232 4894
232 5129
235 1519
235 3087
235 3532
235 4219
236 259
236 3301
236 4106
236 5596
237 694
237 1590
237 2340
237 2734
237 3815
237 4677
239 707
239 2365
239 2923
239 3951
239 5568
240 1070
240 4081
240 4184
240 5049
241 990
241 1827
241 2669
241 3282
241 3763
241 5450
243 2446
243 3806
243 4295
243 4649
243 5574
244 15
244 203
244 472
244 1112
244 1732
244 1733
244 1884
244 2595
244 3036
244 3104
244 3628
244 3633
244 4299
244 4408
244 4873
244 4874
244 5069
244 5207
244 5631
245 225
245 2014
245 2940
245 4473
246 1648
246 1970
246 3171
246 3224
246 4051
246 4154
246 5073
247 1648
247 1970
247 3171
247 3224
247 4051
247 4154
247 5073
249 972
249 4168
249 4665
249 4790
249 4791
249 5599
258 624
258 3322
258 4439
259 294
259 1036
259 1500
259 1970
259 2540
259 2656
259 2969
259 3610
259 4622
262 675
262 1328
262 1840
262 3296
262 4282
263 1002
263 1547
263 2024
263 2913
263 3319
263 3341
263 3932
263 5467
265 2432
265 2611
265 3366
265 4100
265 5258
267 616
267 1221
267 1969
267 2367
267 2523
267 5133
269 656
269 3882
269 4242
269 4632
271 94
271 2762
271 4378
271 5609
272 2310
272 3308
272 3379
273 972
273 1953
273 2828
273 4113
273 4554
276 776
276 2365
276 2398
276 5446
279 1842
279 3565
279 4267
279 4488
279 4516
279 4691
279 5464
280 54
280 2943
280 4038
280 4611
280 5369
281 3758
281 5242
281 5734
282 4079
282 5130
282 5383
284 12
284 443
284 555
284 658
284 700
284 1043
284 1548
284 1781
284 1858
284 2090
284 3339
284 3410
284 3786
284 4569
284 5023
284 5164
284 5428
284 5455
284 5520
285 28
285 226
285 435
285 624
285 694
285 1067
285 3777
286 349
286 1377
286 2706
287 1114
287 1932
287 2826
287 3028
287 4677
288 1542
288 1877
288 2753
288 2766
288 3604
288 4429
288 4470
288 5172
289 1
289 547
289 1880
289 3165
289 4514
289 5518
292 767
292 1300
292 1797
292 2673
293 85
293 1213
293 2501
293 3919
293 5379
294 1486
294 1550
294 3217
294 4049
295 401
295 859
295 973
295 1967
295 5151
297 44
297 841
297 931
297 1004
297 1172
297 1693
297 2361
297 2624
297 2914
297 4108
298 4762
298 5277
299 412
299 692
299 822
299 2624
299 2895
299 2931
299 3744
299 4433
299 5092
299 5711
304 1047
304 2744
304 5747
307 391
307 2352
307 2528
307 2648
307 2851
308 1238
308 1912
308 2831
308 4294
308 5445
309 1506
309 1743
309 2437
309 5291
313 281
313 648
313 2803
313 3007
313 4338
313 4549
313 5740
315 275
315 367
315 1298
315 1643
315 1649
315 1895
315 3638
315 5303
315 5510
317 341
317 1978
317 2193
317 2336
317 2616
317 4330
320 343
320 2215
320 4271
321 1606
321 4000
321 4619
321 4640
323 83
323 770
323 804
323 1922
323 3403
323 4288
325 185
325 508
325 1025
325 1053
325 3333
325 5085
330 2332
330 2687
330 4444
330 5270
330 5484
331 1241
331 1470
331 1687
331 2509
331 2898
331 3130
332 808
332 1042
332 1095
332 2400
332 3363
333 1687
333 1841
333 2643
333 3150
333 3410
333 3745
333 3940
334 1438
334 1906
334 2192
334 3958
334 4039
334 4355
334 4568
334 4894
339 2216
339 2424
339 2935
339 3115
339 3522
339 4003
339 4157
340 1304
340 2084
340 3071
340 3446
340 3817
340 4955
341 235
341 734
341 2523
341 3070
341 5150
341 5279
342 73
342 133
342 1687
342 2370
342 2756
343 763
343 3326
343 4447
343 5205
344 1723
344 1953
344 4013
345 1220
345 3074
345 3128
345 4127
345 5166
345 5319
346 2117
346 2594
346 5432
346 5585
347 2295
347 2397
347 3300
347 3827
347 5694
348 714
348 1106
348 1171
348 2643
348 2752
348 3474
348 5274
349 312
349 326
349 5163
350 3034
350 4219
351 1158
351 2170
351 4044
352 110
352 4113
352 5069
352 5111
353 372
353 1038
353 1103
353 2129
353 3896
353 4467
355 62
355 398
355 1780
355 1957
355 2334
355 4512
355 4522
355 5355
356 1106
356 2370
356 2760
356 4691
356 5069
357 194
357 1128
357 1454
357 2254
357 3049
357 3463
357 4252
357 4849
357 5063
358 2299
358 2577
358 3545
358 5610
359 3163
359 4102
359 4862
360 673
360 867
360 1188
360 3761
360 3920
361 204
361 2193
361 2258
361 3521
361 5082
363 1023
363 2898
363 3137
363 3852
363 4954
363 5514
364 429
364 2319
364 5004
364 5038
364 5378
366 353
366 1684
366 2151
366 2872
366 3696
366 4137
366 4268
366 5194
367 484
367 620
367 701
367 1568
367 1817
367 2438
367 3047
367 3342
367 4746
367 5411
368 237
368 1249
368 3404
368 3408
368 4401
368 5073
368 5083
369 2680
369 4309
369 4984
370 780
370 1120
370 2398
370 2466
370 4250
370 4851
370 5572
372 64
372 386
372 1331
372 2093
372 2222
372 2630
372 4132
374 243
374 608
374 714
374 715
374 1409
374 1769
374 4062
374 4643
374 4797
374 4970
374 5015
374 5396
374 5670
375 1960
375 2642
375 3137
375 3301
375 4280
375 4589
375 5225
376 113
376 330
376 369
376 473
376 1072
376 2394
376 2792
376 3313
376 3955
377 2403
377 3285
377 5550
379 82
379 1114
379 2063
379 3405
379 3861
379 3970
379 3986
379 4831
380 1216
380 1594
380 2762
380 3193
380 5622
381 134
381 1156
381 1752
381 3557
383 472
383 2756
383 3410
383 3503
383 4031
