continuousAttribute
-0.870682
0.486280
-0.545615
-2.386336
-1.275597
-1.440184
0.842082
1.738367
-0.964337
-0.700464
-0.225376
0.902199
-0.294386
-0.483426
0.343264
-0.321956
-0.708358
0.534073
-1.407157
-0.247645
-0.271258
-0.808420
-0.542457
-0.620022
-0.269138
0.351067
0.595468
-0.464673
-0.269854
-0.577163
-0.136632
2.025538
-0.197770
0.230330
-0.057278
0.067915
0.283501
0.930261
0.145334
0.845501
-0.224264
1.357975
-1.042820
0.220297
-0.735467
-1.048409
0.606556
-0.676413
0.929480
-1.471006
-0.625671
-1.382251
1.026834
-0.520070
-0.545993
1.984106
-0.807870
0.584650
0.641186
-0.092778
0.303867
-0.832980
0.049685
-0.683027
0.416587
1.180065
-1.689705
0.260201
0.106306
-0.551299
0.028456
1.726880
-0.294940
-0.049866
0.811658
-0.958817
-2.126026
2.753895
0.979270
-0.712402
0.913497
0.585479
0.303391
-0.402828
0.425098
0.536023
-0.760723
-0.121872
-0.613350
-1.448741
-1.032325
-0.625091
-1.712539
1.026541
-1.490377
0.779709
2.876145
0.079308
0.253059
1.038133
1.555368
-0.664516
0.230741
-0.039897
1.326453
-1.439673
-0.501908
1.036477
-0.487666
0.149798
1.065768
-0.235570
-1.350155
0.859805
-0.111382
0.071995
1.371238
-0.368101
-0.244698
-1.490395
-0.268710
-0.221825
-0.340850
-0.628904
-0.303978
-1.348412
1.249328
0.607257
-2.138790
0.038264
0.420262
0.746484
1.023884
-0.575189
2.745233
-0.310770
1.921622
0.746535
0.721929
-0.484701
1.697415
-0.221766
0.104360
-0.301148
0.334483
0.062378
0.550174
-0.249798
0.042797
0.299332
-0.442929
-1.848443
0.602256
0.733003
0.718869
-0.096282
1.345301
-0.205410
2.339578
-0.122193
0.335270
-0.204368
1.946800
0.055701
0.757506
0.034996
0.291499
0.187438
-1.183434
-0.535471
-0.148811
0.737722
-1.335693
-0.343635
-0.517183
1.413345
-1.383347
0.752925
1.454663
-1.060170
0.647355
-0.413907
1.049193
-1.790809
0.527889
1.933155
-0.608824
-0.954100
0.907457
-0.745023
-2.007849
-0.179430
-0.332427
0.228844
1.271029
0.413975
0.832099
0.307874
0.451506
0.973693
-0.545057
0.968127
-0.226897
-0.740935
0.716642
-0.420272
0.171927
-1.807904
1.036732
0.042990
-1.811580
1.036985
0.518726
-0.237942
-1.252260
0.458078
-0.593011
-0.989170
-1.485210
0.171994
-1.303314
0.188216
-1.180458
0.686156
-0.527385
0.322240
0.190625
-0.302565
1.636963
0.171156
-0.288001
-0.910655
1.391299
-0.228442
-1.495403
0.160645
0.487653
-2.161468
-0.122323
1.037357
0.209308
-0.613249
1.491980
-2.196678
0.647867
-0.798369
-0.660885
-0.538438
0.308851
-0.174894
0.694330
-1.404040
-1.134138
0.645426
-1.801905
-1.608242
-0.382915
-0.077032
0.682825
-0.897083
1.623651
-0.485904
1.345881
-0.161946
-0.441204
-0.776308
1.087257
0.351912
0.183099
-1.509904
-0.867272
-0.068467
1.215668
2.113701
-0.524130
0.474076
1.713261
1.636343
-0.500753
-1.248317
0.165831
1.419994
0.006592
0.042997
-0.245174
-0.040204
0.405810
0.705146
1.407628
0.353552
1.463701
-1.289692
0.043522
-1.346896
0.311026
-0.270889
-0.656477
1.097909
-0.574594
1.696098
-0.979063
-0.539263
0.875949
1.788654
0.398617
0.714826
-0.694744
-0.573932
0.575514
2.244877
1.691399
-1.156958
0.855087
0.577499
-1.555552
0.178196
-1.725194
0.974699
-1.726842
-0.217767
-1.311022
-1.121542
0.229264
-0.861848
-1.939349
1.893117
0.275267
-0.156692
-1.894582
0.862490
0.430137
-0.067897
1.005493
-1.419488
1.007306
-1.298789
0.486850
0.082894
-0.087329
0.624915
-0.503208
-0.062343
-0.631353
1.023972
1.599995
0.924899
0.820933
-0.133198
1.555608
-0.390134
0.582813
-1.113644
2.275032
-0.615433
0.986152
-1.296890
-0.359507
0.158273
1.616217
0.488537
0.726815
1.085684
-1.292018
-0.023530
0.532299
-0.662732
-0.060332
-0.819340
-0.509121
-0.611103
-1.056861
-0.969814
-0.071201
-1.772091
0.761007
0.341721
1.332094
-0.534110
1.071783
1.764713
0.728556
0.619507
-0.308222
0.113000
-0.120917
-1.250877
1.054682
-0.117644
-0.275638
-0.516226
-1.236654
1.972290
0.935144
-0.616773
-1.184593
1.923184
-0.874905
0.942655
0.140210
-0.749597
0.429165
0.948649
-1.660058
0.033623
-0.055390
0.125623
-0.457446
0.085542
-0.883121
1.316795
0.054997
-2.299685
-1.289743
-0.603928
1.099830
-0.670432
0.923699
-0.115005
-1.969705
1.663521
-0.723035
0.866458
-0.273395
0.338869
0.559391
-0.345894
1.022997
-2.732578
0.442710
0.910475
1.297881
-0.639747
1.109836
0.914663
1.110100
-0.251418
0.728506
-0.381764
-0.908166
-1.135951
1.433970
-0.944756
1.774893
0.370010
-0.094674
1.113308
-0.331396
0.621886
0.584612
1.539354
-0.816532
0.352247
-1.572154
0.787260
-0.087717
0.015097
0.157983
1.670188
0.196046
-0.305046
0.318056
-0.372055
-0.501547
1.297338
0.328860
-0.391257
-0.268282
-0.579329
0.948877
0.857333
0.325579
-0.897452
-0.843795
-0.945691
-0.281385
0.148618
-0.623479
1.749817
-1.080287
-0.476087
-1.809879
-1.973915
2.213840
-1.070722
-0.790617
-0.881917
-0.209308
-0.625140
-0.191086
0.680800
0.777500
-0.979818
-1.708583
-0.518442
0.942532
0.042570
0.302697
0.260144
0.025213
1.562827
