*Vertices 500
*Edges
1 15
1 44
1 205
1 336
1 339
1 400
2 28
2 147
2 319
2 396
2 408
2 440
2 452
3 10
3 74
3 102
3 269
3 362
3 431
3 443
4 124
4 146
4 428
4 485
5 157
5 319
5 337
5 367
5 492
6 212
6 246
6 395
6 491
7 35
7 165
7 231
7 277
7 306
8 67
8 185
8 233
8 366
9 68
9 118
9 204
9 223
9 257
9 381
10 87
10 168
10 266
10 269
10 275
10 362
10 490
11 26
11 142
11 193
11 404
11 467
12 32
12 190
12 450
12 460
13 60
13 129
13 303
14 267
14 325
14 480
15 44
15 108
15 235
15 373
15 412
16 66
16 89
16 96
16 105
17 91
17 122
17 159
17 298
17 363
17 376
17 459
18 196
18 296
18 454
18 495
19 42
19 81
19 200
20 35
20 86
20 105
20 144
20 149
20 431
21 114
21 124
21 139
21 201
21 213
22 56
22 192
22 283
22 326
22 346
22 350
22 382
23 217
24 339
24 355
24 426
25 62
25 175
25 329
26 172
26 446
26 499
27 180
27 247
27 311
27 320
28 38
28 245
28 275
28 289
28 462
29 240
29 313
29 380
29 447
30 127
30 239
30 273
30 307
30 371
30 381
30 393
30 467
31 97
31 235
31 283
31 364
31 383
31 482
32 171
32 224
32 352
32 397
33 98
33 175
33 194
33 369
33 396
33 426
34 110
34 158
34 251
34 328
35 50
35 165
35 417
35 422
35 491
36 224
36 340
36 406
37 483
38 47
38 174
38 445
38 453
38 476
39 109
39 149
39 158
39 172
39 295
39 305
39 400
40 52
40 55
40 79
40 116
40 252
40 413
41 69
41 170
41 232
41 280
41 310
41 500
42 247
42 435
42 497
43 59
43 69
43 140
43 206
43 258
43 428
43 441
43 485
44 59
44 67
44 442
45 152
45 255
45 258
45 397
46 63
46 200
46 246
46 257
46 366
46 427
47 394
47 403
47 470
48 109
49 176
49 218
49 275
49 292
50 143
50 176
50 198
50 323
51 245
51 329
51 341
51 364
51 460
51 500
52 302
52 310
52 413
52 443
53 211
53 215
53 432
54 224
54 280
54 295
54 446
54 496
55 109
55 145
55 219
55 250
55 254
55 268
55 435
55 492
56 207
56 344
56 350
56 424
56 429
56 456
56 473
57 77
57 348
57 458
58 66
58 203
58 321
59 168
59 173
59 303
59 428
59 432
59 485
60 94
60 111
60 407
60 416
60 473
61 84
61 208
61 316
61 377
61 456
62 102
62 182
62 217
62 314
62 326
62 370
62 374
63 209
63 229
63 257
63 365
63 477
64 119
64 198
64 427
64 460
64 472
64 494
65 143
65 231
65 270
65 373
65 400
65 496
66 109
66 316
66 334
66 399
67 233
67 372
67 492
68 93
68 117
68 204
68 381
69 132
69 430
69 488
70 198
70 414
71 76
71 79
71 96
71 97
71 117
71 300
71 361
71 399
71 462
72 120
72 258
73 202
73 249
73 330
73 432
74 300
74 308
74 393
75 106
75 145
75 179
75 230
76 96
76 419
77 348
77 470
78 242
78 371
78 404
78 413
79 117
79 147
79 232
79 315
79 352
80 247
80 358
80 457
81 224
81 280
81 283
81 300
81 420
82 103
82 134
82 193
82 262
83 173
83 205
83 207
83 359
84 187
84 243
84 271
84 318
84 448
86 109
86 136
86 182
86 481
87 133
87 168
87 235
87 480
88 94
88 119
88 197
88 264
88 297
88 408
88 409
89 326
89 340
89 421
89 443
90 149
90 280
90 446
90 496
91 133
91 307
91 338
91 411
92 151
92 154
92 183
92 236
92 237
92 286
93 127
93 161
93 228
93 239
93 309
93 442
93 444
94 249
94 268
95 105
95 133
95 255
95 352
95 364
96 101
96 300
97 123
97 140
97 461
98 194
98 200
98 212
98 220
99 163
99 282
99 377
99 395
100 109
100 170
100 284
100 301
100 333
100 357
101 299
101 358
102 141
102 190
102 354
102 379
103 247
103 276
103 338
103 467
104 127
104 140
104 442
104 472
105 144
106 108
106 147
106 245
106 396
107 227
107 259
107 421
107 441
107 451
108 156
108 168
108 234
108 357
109 197
109 276
109 284
109 344
110 158
110 351
110 365
110 451
110 484
111 130
111 216
111 231
111 498
112 133
112 152
112 179
112 208
112 316
112 327
112 405
113 155
113 188
113 225
113 430
113 436
114 201
114 203
114 270
114 489
115 132
115 226
115 319
115 451
115 492
116 195
116 208
116 242
116 252
117 167
117 263
117 310
117 320
117 352
117 413
118 182
118 223
118 246
118 407
118 471
119 198
119 214
119 271
119 274
119 342
120 187
120 221
120 290
120 491
121 134
121 157
121 397
121 429
121 463
122 249
122 290
122 381
123 170
123 202
123 230
123 255
123 361
124 146
124 168
124 188
124 262
124 308
125 202
125 497
126 296
127 161
127 278
127 327
127 329
128 334
128 370
128 376
128 472
129 150
129 255
129 260
129 281
129 303
130 186
130 194
130 212
130 229
130 454
130 460
130 498
131 151
131 203
131 337
131 401
131 496
133 155
133 293
133 466
134 157
134 388
135 189
135 193
135 263
135 360
135 392
135 422
136 210
137 244
137 285
137 351
137 368
137 454
138 385
139 166
139 213
140 245
140 427
141 326
141 328
141 389
141 469
142 144
142 256
142 333
142 369
142 396
142 404
143 204
143 346
143 485
144 409
145 213
145 249
145 327
145 356
146 188
146 192
146 262
146 305
146 405
146 485
147 215
147 245
147 260
148 320
148 355
148 462
148 477
149 152
149 323
149 458
150 427
151 154
151 189
151 286
151 309
151 385
152 258
152 276
152 294
152 357
152 397
153 247
153 302
153 348
153 387
153 444
154 183
154 237
154 262
154 286
154 482
155 328
155 471
156 205
156 251
156 431
156 460
156 462
157 165
157 228
157 357
157 376
157 421
158 328
159 314
159 383
159 390
159 414
159 459
160 186
160 250
160 409
161 387
161 444
161 492
162 259
162 330
162 353
163 180
163 206
163 275
163 464
163 474
164 278
164 459
164 486
165 394
165 417
166 272
166 381
167 242
167 324
168 231
169 295
170 200
170 284
170 301
170 402
170 494
170 500
171 221
171 333
171 383
171 447
172 217
172 329
172 414
172 480
173 301
173 485
174 295
174 385
174 435
174 445
174 476
175 233
175 329
175 366
175 372
175 426
175 437
176 218
176 292
176 332
177 317
178 206
178 455
178 471
179 306
179 405
180 394
180 409
180 437
181 260
181 423
181 426
181 450
183 196
183 237
183 354
184 449
185 307
185 349
185 483
185 500
186 193
186 194
186 432
186 484
187 247
187 345
187 416
188 416
189 290
189 377
189 411
189 468
190 273
190 429
190 450
191 216
191 225
191 363
191 451
192 291
192 346
193 405
193 484
195 318
195 328
195 438
196 363
196 454
196 499
197 214
197 274
197 424
197 496
198 276
198 292
198 427
199 355
199 376
199 439
200 212
200 308
201 203
201 213
201 386
201 470
202 233
202 351
202 404
202 442
203 241
204 219
204 243
204 381
205 230
205 242
205 345
205 359
206 390
206 447
206 494
207 360
208 252
208 273
208 316
208 364
209 229
209 338
209 454
210 270
210 435
210 468
210 495
212 220
212 369
213 234
214 274
214 496
215 222
215 315
216 231
216 336
216 356
216 357
216 413
216 452
217 326
217 458
218 236
218 365
218 403
219 263
219 353
219 374
219 407
219 461
220 279
221 227
221 291
221 303
221 359
221 442
221 491
222 235
222 315
222 382
222 383
222 408
223 327
223 401
223 428
224 259
224 291
224 406
225 418
225 436
225 463
226 343
226 378
226 487
227 305
227 398
227 465
228 267
228 309
228 442
228 500
229 250
229 410
229 425
229 454
230 339
231 243
231 253
231 400
232 287
232 310
234 461
235 455
235 489
236 237
236 400
237 354
237 377
238 321
238 351
238 371
238 393
239 307
239 313
239 340
239 347
240 378
240 401
240 408
240 447
241 255
241 281
241 310
241 354
241 357
241 464
242 304
242 391
243 271
243 380
243 384
243 447
243 452
244 268
244 368
244 377
245 405
245 491
246 417
246 471
246 496
247 457
248 378
248 437
248 462
248 479
249 381
249 469
250 372
250 389
250 409
250 484
252 272
252 291
252 379
253 422
253 440
254 410
254 490
255 281
255 342
255 365
256 288
256 333
256 404
256 408
258 313
258 397
258 428
259 300
259 313
259 441
260 320
261 402
262 303
262 318
263 361
264 275
264 332
264 363
264 373
265 431
265 496
266 275
267 422
267 480
267 500
268 466
268 481
269 334
270 364
270 449
270 472
270 474
271 292
271 434
271 440
271 452
272 279
272 331
272 450
273 278
273 279
273 392
273 443
274 298
274 332
274 460
275 445
275 487
276 284
276 299
277 313
277 323
278 300
278 470
279 331
279 403
281 404
282 466
282 481
282 489
283 326
283 338
283 420
283 438
284 301
284 365
285 313
285 351
285 397
287 423
287 482
288 341
288 438
288 444
288 466
290 388
291 416
292 384
292 391
292 434
294 301
295 371
295 413
295 433
296 333
296 368
296 371
298 456
299 311
299 358
299 380
299 456
302 443
302 487
303 410
304 447
304 470
305 398
305 406
305 429
306 457
307 325
307 331
307 338
307 374
307 390
310 374
310 413
311 312
311 315
312 343
312 454
313 323
313 487
315 344
316 327
316 411
317 387
317 414
317 477
318 354
319 337
319 340
319 396
320 471
321 417
322 418
322 419
322 422
323 421
324 360
325 383
325 390
326 330
326 370
326 380
326 386
326 446
327 356
327 401
327 453
328 493
328 494
330 370
330 449
332 363
332 401
332 421
333 380
334 474
334 493
336 400
336 465
337 396
338 356
338 467
339 445
342 412
343 395
343 425
345 369
345 455
345 471
346 356
346 485
347 442
347 449
347 452
349 451
349 457
349 483
350 401
350 431
351 365
351 376
352 365
352 473
353 475
354 379
354 395
354 451
354 464
355 426
356 357
356 423
356 426
356 453
358 497
359 386
359 442
359 495
361 399
361 475
362 433
363 427
363 474
364 472
364 474
365 500
366 437
366 476
367 375
368 402
369 396
369 475
371 395
371 413
372 397
372 477
373 449
375 401
375 421
376 378
376 439
378 491
380 418
380 456
382 383
382 420
382 489
383 390
383 414
383 447
384 391
385 386
386 392
386 442
386 498
388 427
389 450
389 469
391 432
392 422
392 498
393 483
394 403
394 459
394 462
395 451
398 414
398 477
399 435
399 454
399 488
399 490
400 435
405 476
405 485
406 452
410 447
410 470
410 490
412 425
414 477
421 452
423 426
423 500
428 485
430 494
431 441
431 460
436 438
436 463
438 481
440 452
442 444
444 449
446 488
446 496
455 471
459 491
460 494
466 481
474 475
475 479
479 493
489 498
493 495
