continuousAttribute
-0.096160
-0.695570
-0.270844
0.758997
-1.728615
-0.324868
-0.031428
0.007549
0.439486
0.362332
1.203580
0.913269
0.593506
0.632419
-0.005212
1.652774
0.070766
0.276304
0.687385
-1.189566
-0.340771
-0.317959
-1.066332
0.231640
1.532552
-0.306739
-1.097009
0.391153
0.157761
-0.314926
-0.939383
-0.662473
-1.223691
0.412647
2.145033
0.638460
-0.438577
1.041969
0.290663
0.648802
1.813861
1.899434
-0.385572
-0.125873
1.577666
0.796857
-1.301067
-0.088201
-1.759786
-0.097340
1.099687
0.620009
0.558950
0.747386
1.641259
0.797177
-0.528115
-1.158504
-0.313564
-0.276793
0.170435
-0.514757
0.313826
1.045450
1.174152
1.551004
1.999475
0.895852
-0.340919
-0.302007
1.426975
-0.360857
-1.548369
-0.046159
0.043066
-0.709258
-0.480649
0.051215
-2.381239
0.136195
-1.384555
2.057465
-1.227416
1.604597
0.421635
0.924280
-0.682129
1.451121
-1.723623
-0.086729
-1.038428
0.256262
0.905545
-0.288593
-0.265279
0.836397
-1.604814
0.184514
-0.100303
0.905638
-0.441501
-0.173881
0.674070
1.194840
-0.605641
0.896807
-0.135171
0.914132
0.529727
-0.600812
0.814768
0.507846
0.046373
-1.291017
-1.334429
-2.274692
-0.560043
-1.780789
-0.381310
0.128245
-1.683532
-0.185211
-2.372002
-0.644436
-0.174382
1.028433
-0.425377
2.353520
2.123306
-1.600449
-0.720530
-0.312519
-0.111639
0.156605
0.670884
-0.035116
-2.094071
0.137480
-0.812887
0.698075
-1.417413
0.575413
0.446263
0.391254
1.132531
-0.353084
0.513100
-1.273840
-1.631405
-0.493189
1.223217
-0.453213
0.677512
1.123990
0.069223
-0.896246
2.242349
0.416509
-0.965170
1.544290
-0.049008
-0.301182
-1.724429
-1.806321
0.001876
0.230987
-0.076917
-0.142541
0.409398
-0.368687
1.053351
1.758159
-0.521732
-0.282988
-1.139595
-0.040319
1.442848
0.906356
0.743023
2.002982
0.531328
0.076649
0.344355
-0.171053
1.167640
-2.824922
1.902239
-1.608124
-0.931852
-0.998476
2.791032
-1.658920
-1.010980
-1.478503
0.797335
-0.294734
-0.096510
-0.699596
-1.248353
-0.734416
1.663584
1.580746
0.935715
1.345986
0.828626
0.737105
1.121506
-0.117234
-1.882455
-2.436437
0.558616
0.787333
-0.782156
1.073874
0.506054
-0.897450
1.033439
-1.878823
0.289183
-0.678389
-0.490808
-0.532680
0.121953
0.820668
-1.588930
1.206615
0.948466
-0.576158
-0.149535
1.864650
1.692233
2.087840
-0.610707
-0.865942
-0.229375
1.598272
0.968152
1.345789
-1.004890
0.793829
-1.647854
-0.282715
-1.324776
0.065104
0.543841
0.243175
-0.934261
1.714831
0.795969
-0.056256
2.342839
-0.837540
1.011061
-0.119152
0.954587
2.198306
-1.276628
0.034224
-0.855107
0.305896
-0.529931
1.207867
-0.409516
-0.283604
0.386851
1.109785
1.269134
1.664128
0.092383
-1.488591
1.796094
0.453623
0.360106
-1.111702
0.165554
1.025790
0.691980
-2.256966
0.025657
-0.117917
-1.593723
1.654277
-0.340287
-0.104674
1.271340
0.433566
0.560018
0.909540
0.448519
1.377566
2.311277
0.175097
0.983666
-1.213879
-0.593864
-0.351012
0.390427
-0.726265
0.707771
-0.634285
0.302270
-0.231745
-0.001240
1.693402
-0.973878
0.363319
-0.164442
0.415039
-1.178826
1.273456
0.044797
-0.710212
0.665844
0.620715
-0.306687
-0.806074
-0.259225
0.153807
0.188791
-1.183042
0.048810
-0.502036
-0.726174
0.175148
0.008057
-1.995031
-0.165480
0.241307
-0.406967
0.224992
1.054384
0.156157
-0.210442
0.115697
-1.554686
-0.673173
-0.157818
0.791622
0.659325
-0.841748
2.608477
0.353244
0.723813
-0.529377
-0.157430
0.189831
0.028981
0.170602
0.928943
-0.056162
1.067097
-0.063018
0.606898
0.159608
1.888268
-1.562540
0.013425
1.667146
-1.139928
0.456262
0.112615
1.337623
-0.127216
1.585205
-1.656156
0.018659
0.318817
0.108097
0.136543
0.443597
-0.688958
0.785798
0.317658
0.464874
0.719475
0.087864
-0.331420
0.050894
-0.544711
-0.305276
2.110251
-1.508359
-1.867060
0.062115
0.538713
-0.323086
-0.352715
-1.133618
1.459075
0.158635
0.190568
-1.730351
-1.302238
-1.238788
-0.391854
1.859335
1.385254
1.434665
-1.631574
1.248200
-0.901545
0.682161
-0.104983
-0.342765
-0.160422
0.525574
0.483849
1.797526
0.671109
-0.067415
0.850673
-0.288136
0.158845
-0.379385
-0.659853
-1.092733
-1.590260
-0.081957
0.392083
0.426423
0.949314
-1.024750
-0.456568
1.053205
2.065739
0.853729
-1.672750
-1.173230
-0.456569
0.947353
-0.727579
-0.416437
-0.340710
-0.523546
1.213209
0.100739
1.347024
-0.961905
0.396472
0.229590
-0.628567
0.295759
0.224359
2.598758
0.269995
0.350175
0.890078
0.401860
0.335124
-0.221009
-0.383043
1.006953
-1.499099
0.842713
-2.458165
-0.580294
0.335491
-0.743745
0.617305
0.053738
0.971535
1.242523
0.628929
0.362606
-1.039228
-0.877891
-1.600171
-1.443151
-0.424146
-0.004568
-1.470813
-0.499167
-0.381598
-1.529666
0.293644
-1.112507
0.322315
0.022023
0.353436
-0.782319
0.934178
0.201917
0.982914
1.794686
-0.449944
0.408586
0.264361
-0.359697
-0.116737
2.199157
0.471825
0.563461
1.087910
-0.817196
0.660117
-0.857733
0.182651
-0.765270
1.679761
0.122399
-1.061716
-2.632299
-1.220313
-2.062546
0.069913
0.485944
-1.991138
0.169870
-0.688702
-1.000367
-0.235509
0.383378
-1.485762
1.155470
-0.988441
-0.655510
2.775154
0.112442
-0.210443
-0.219686
0.405382
-0.446067
-0.957918
-0.962692
1.087570
-1.404235
-1.359637
0.453344
-0.164946
-1.929855
0.739469
0.328758
0.855386
-0.082687
1.843996
-0.277372
-0.291457
-1.347557
-1.370121
-2.297038
0.467493
-0.524652
0.154576
0.797296
0.864638
-1.294650
1.309572
0.879545
-0.815168
-0.620929
1.557331
1.242208
-0.109504
0.004559
0.221912
0.670664
-2.025919
-0.013252
-1.118379
1.642695
-0.663642
-0.874575
-1.853145
1.308821
1.751553
0.371731
-0.717855
-0.758895
-0.057538
-0.108064
-0.208662
0.333346
0.794234
-2.385708
-0.520779
-1.228653
-1.571371
-0.867915
0.431083
-0.123894
-0.832697
0.676497
-1.739886
0.662131
-0.185276
1.000530
-1.456950
-1.693988
0.498882
-0.608219
-0.664013
1.550610
-1.225834
0.193199
-0.911886
-0.986389
-0.380395
0.096431
-0.353663
1.052259
1.479670
1.312265
-0.193919
0.389000
-1.329451
-0.055737
-0.353921
-0.195008
0.472959
0.278979
1.008189
-0.842680
1.500573
-0.153983
-1.881960
-0.454425
0.152902
2.396321
-1.123894
-0.484004
-0.995640
0.647693
0.005130
-1.729432
1.045566
-0.252026
-0.435549
1.153710
0.034870
0.078487
0.745971
0.584568
-0.029273
-0.459790
0.322609
-0.658389
0.899434
0.140107
-3.569247
-0.182174
-0.008044
-1.473849
0.653102
-0.716012
0.275491
0.823700
-1.598374
1.246479
1.142303
-0.598324
-0.659105
-0.210250
1.051755
-0.553349
2.212083
-1.906757
0.296386
-0.060217
1.047139
-2.751374
-1.601627
-0.086353
0.903230
0.512901
1.915465
-0.242513
-1.438699
1.047021
0.799601
-0.080036
-2.041201
-1.130054
-0.412664
-1.107880
-1.403623
0.360721
0.429036
0.007895
-1.090903
0.242159
-1.419182
0.580256
-2.074857
1.262945
1.014414
-0.771217
0.482747
-0.063088
0.189927
0.874636
-0.641414
0.461574
2.025889
-0.074506
1.729756
-0.438891
1.753598
0.412371
-0.206803
-0.247088
0.181151
0.011839
-1.387941
0.432222
-0.160456
0.329835
-0.256906
-0.360582
-1.101374
-1.197909
-0.992372
0.458388
0.524590
-0.887070
0.546697
1.580611
0.474576
-0.478280
0.369402
-1.021343
-0.637289
-0.312324
-0.015314
1.312838
-0.434046
0.050875
1.135250
-0.175404
1.466088
-1.437450
-1.890614
1.257376
-0.265056
0.055366
1.140859
-0.905414
-0.404861
-0.311612
0.865279
0.414606
0.569372
-0.996428
-2.503081
-0.521269
0.859019
0.728424
-0.476790
-0.812694
-0.365499
0.456688
-0.549079
-0.768756
0.772404
0.235224
-1.815962
-0.115969
-0.042926
0.558809
0.696487
-0.213595
0.245694
2.848550
-0.104054
0.568237
0.121437
-1.344159
0.055041
0.791082
-0.929355
0.667324
0.207042
-0.487778
0.114467
1.240761
-0.018898
0.883527
0.117210
0.159222
-2.209688
0.061795
-1.133483
0.335785
1.080742
-0.951193
0.932260
-0.250978
0.730612
0.277110
-1.065076
1.406148
0.092624
0.652308
1.590120
-1.447654
-0.749981
3.052091
0.279326
0.681896
-1.122291
0.128192
0.817173
0.062825
-1.154356
0.254273
0.007511
0.933640
-0.555380
-1.469496
-0.083211
1.054372
-0.272026
0.045631
0.348499
1.325238
0.219970
-0.509889
-0.421522
1.551022
0.344193
-1.877783
0.297174
0.862419
1.311187
-0.944990
-0.612658
0.969575
-0.174480
0.001527
-0.105480
-0.231466
-1.033432
1.160382
1.466107
-0.192575
2.207616
0.227397
-0.819397
-0.324384
-0.125093
-0.475769
-0.548169
0.872145
1.491922
1.329625
-0.490532
-1.333112
-1.571764
-0.227147
0.167681
1.035920
0.382187
-1.007316
0.902334
-0.187474
-2.589049
-0.157053
-1.245079
-0.794001
-1.207688
-0.466649
-0.193326
1.497764
-0.807809
-1.360463
0.578900
0.170088
0.380043
1.071435
0.910654
0.087750
-0.350146
0.358906
-0.761784
0.068158
-0.155859
0.164677
0.105190
-0.151474
1.650449
-0.277486
0.719590
0.258006
-0.875141
-0.163014
0.643984
-0.017488
1.281815
-1.184402
-1.418167
-0.609386
-0.162748
2.084549
-0.572011
0.845753
-0.803224
-1.947140
-0.773481
0.380453
-0.688988
0.580226
-0.448126
0.920510
-2.213234
-0.243832
0.174972
0.203702
0.805808
-1.840089
0.635749
1.709591
-0.136673
-0.759587
-0.694921
-0.478411
-0.174941
0.859330
-0.154307
-1.329348
-1.064967
-0.775169
0.313735
0.650522
0.938371
-0.050021
1.025078
1.342093
0.704470
-1.253357
-0.947786
1.248703
1.054780
0.422186
-0.004392
-0.518190
0.132301
0.827688
1.394219
1.741264
-0.402386
-1.198786
0.579772
-0.585313
-0.830935
0.411598
-2.185207
0.048664
1.257710
-0.665538
0.981623
0.069508
-1.095002
-0.037075
0.664397
0.760919
0.200708
-0.077869
0.421624
1.044197
-0.005115
0.188342
1.228806
-1.617402
-0.340127
0.751348
0.242074
0.207394
1.615834
2.924900
1.263821
1.265508
-1.542888
-0.679641
-0.397516
-0.344889
-0.041141
-1.059863
0.056153
-0.415717
-1.784786
0.196052
-0.914777
1.115858
1.404855
0.635021
1.488922
-1.012312
0.246059
1.227548
0.434575
0.838030
0.435877
-2.012577
1.926908
-1.587356
-1.218730
0.235002
0.790778
-0.257550
0.133428
2.072463
