*Vertices 1000
*Edges
1 92
1 440
1 472
1 579
1 834
1 846
1 995
2 281
2 429
2 561
2 605
2 760
2 880
3 8
3 615
3 890
3 960
4 210
4 412
4 523
4 965
4 981
5 609
5 703
5 801
5 807
6 97
6 313
6 393
6 541
6 553
6 763
7 99
7 125
7 275
7 337
7 419
7 451
7 543
8 748
8 808
9 275
9 416
9 460
9 852
10 11
10 202
10 613
10 690
10 883
10 961
10 966
11 41
11 144
11 246
11 628
11 668
12 65
12 129
12 189
12 236
12 458
12 482
12 556
12 934
12 954
13 163
13 239
13 576
13 683
13 702
13 783
13 879
13 993
14 68
14 76
14 179
14 181
14 185
14 513
14 605
14 733
14 958
15 74
15 328
15 334
15 435
15 536
15 677
15 722
16 224
16 391
16 612
16 614
16 682
16 695
17 78
17 253
17 657
17 753
18 50
18 182
18 640
18 673
18 711
18 950
18 973
19 51
19 87
19 150
19 158
19 180
19 667
19 672
19 805
19 878
19 899
20 153
20 274
20 315
20 328
20 539
20 731
21 167
21 322
21 458
22 163
22 656
22 959
23 27
23 52
23 173
23 353
23 484
23 610
23 638
23 920
24 211
24 256
24 332
24 363
24 580
24 601
24 859
24 908
25 275
25 324
25 428
25 603
25 636
25 803
26 316
26 378
26 586
26 613
26 852
26 938
26 994
27 40
27 175
27 484
27 546
27 552
28 70
28 189
28 250
28 403
28 514
28 651
28 699
29 520
29 581
29 672
29 690
29 746
29 764
29 925
30 44
30 81
30 254
30 264
30 938
31 454
31 607
32 879
33 131
33 267
33 358
33 414
33 462
33 463
33 827
33 843
34 57
34 658
34 686
34 897
34 922
34 955
35 165
35 316
35 467
35 588
35 672
35 739
35 754
35 897
36 278
36 379
36 847
36 896
36 921
36 950
37 60
37 331
37 629
37 746
37 850
38 43
38 130
38 398
38 452
38 736
39 59
39 222
39 308
39 359
39 429
39 515
39 628
39 682
40 686
40 822
40 996
41 121
41 740
41 795
41 808
41 814
41 918
42 99
42 403
42 482
42 566
42 887
43 137
43 498
43 654
43 730
43 797
43 830
43 941
44 108
44 161
44 178
44 187
44 426
44 770
44 810
45 71
45 215
45 379
45 527
45 910
46 257
46 430
46 439
46 517
46 721
46 757
46 884
47 63
47 159
47 503
47 656
47 899
47 944
47 972
48 118
48 289
48 390
48 453
48 862
49 380
49 570
49 578
50 166
50 186
50 362
50 387
50 797
50 939
51 174
51 288
51 519
51 586
51 624
51 878
51 938
52 135
52 163
52 425
52 610
52 854
52 882
52 966
53 516
53 536
53 929
54 338
54 515
54 563
54 580
54 654
54 718
54 805
54 830
55 200
55 644
55 730
55 844
55 955
55 982
56 163
56 166
56 203
56 348
56 448
56 488
56 607
57 216
57 523
58 350
58 559
58 767
58 775
59 137
59 329
59 423
59 429
59 653
59 893
59 923
60 83
60 331
60 381
60 509
60 651
60 655
61 71
61 277
61 870
61 924
62 124
62 196
62 418
62 432
62 563
62 654
62 836
63 239
63 444
63 715
63 915
64 134
64 140
64 299
64 511
64 800
64 948
65 569
65 587
66 110
66 318
66 579
66 748
66 782
66 846
66 880
66 946
67 96
67 151
67 441
67 465
67 497
67 899
68 167
68 182
68 185
68 193
68 461
68 480
68 774
68 826
68 898
69 361
69 424
69 448
69 679
69 680
70 72
70 170
70 202
70 212
70 305
70 325
70 392
70 844
70 965
71 272
71 420
71 631
71 924
72 100
72 369
72 630
72 935
73 338
73 423
73 424
73 486
73 927
74 350
74 531
74 848
74 967
75 201
75 394
75 931
76 554
76 721
76 733
76 826
77 83
77 408
77 450
77 703
77 844
77 969
77 973
78 253
78 331
78 846
78 956
79 260
79 385
79 676
79 710
79 895
79 907
80 382
80 500
80 608
80 727
81 139
81 196
81 430
81 873
82 107
82 404
82 502
82 594
82 960
83 187
83 284
83 370
83 568
83 900
83 929
83 943
84 98
84 205
84 421
84 494
84 582
84 710
85 238
85 483
85 569
85 606
85 622
85 652
85 763
85 968
85 997
86 328
86 401
86 459
86 669
86 802
86 807
87 657
87 771
87 813
87 865
87 878
88 156
88 470
88 933
89 105
89 120
89 161
89 171
89 752
89 764
89 886
90 330
90 727
90 959
91 230
91 709
91 738
91 768
91 911
92 122
92 231
92 249
92 455
92 537
92 769
92 779
92 846
93 534
93 602
93 690
94 337
94 409
95 342
95 390
95 637
95 667
95 676
95 744
95 749
96 364
96 531
96 547
97 350
97 541
97 591
97 618
97 813
97 862
98 200
98 221
98 624
98 754
99 451
99 732
100 147
100 505
100 592
100 785
100 935
101 158
101 650
101 791
101 814
102 208
102 218
102 227
102 384
102 713
102 758
102 842
102 922
103 180
103 197
103 446
103 685
103 726
103 865
103 889
103 972
104 279
104 290
104 295
104 748
104 978
104 987
105 157
105 171
105 341
105 443
105 485
105 812
105 946
106 296
106 372
106 522
106 751
106 836
106 881
106 950
107 502
107 593
107 780
107 921
108 598
108 685
108 885
108 890
109 164
109 849
110 272
110 379
110 436
110 550
110 712
110 748
110 782
110 811
111 155
111 167
111 287
111 593
111 713
111 985
112 307
112 377
112 522
112 638
113 399
113 860
114 575
114 611
114 731
114 756
115 295
115 332
115 575
115 644
116 161
116 481
116 597
116 755
116 930
116 951
117 244
117 427
117 612
117 617
117 641
117 991
118 345
118 453
118 924
119 205
119 265
119 464
119 491
119 542
119 684
119 887
120 146
120 278
120 335
120 624
120 673
121 149
121 201
121 445
121 581
121 945
121 964
121 998
122 277
122 299
122 473
122 779
122 846
122 963
123 552
123 760
123 844
123 863
123 938
124 324
124 414
124 437
124 603
124 654
124 661
124 708
124 724
124 779
125 226
125 576
125 630
125 761
125 788
125 874
126 580
126 588
127 163
127 214
127 280
127 514
127 589
127 850
127 918
127 952
128 185
128 242
128 462
128 497
128 658
128 666
128 838
129 700
129 709
129 801
129 843
130 311
130 335
130 549
130 683
130 809
130 954
131 290
131 761
131 764
131 828
131 943
132 145
132 203
132 584
132 598
132 616
132 624
133 186
133 293
133 368
133 495
133 529
133 660
133 671
133 951
134 168
134 267
134 364
134 658
134 869
135 392
135 811
135 815
135 910
136 172
136 249
136 384
136 409
136 464
136 476
136 649
136 717
136 885
136 972
136 997
137 156
137 198
137 232
137 270
137 876
138 414
138 603
138 714
138 830
139 421
139 546
139 548
139 588
139 611
139 698
139 745
139 805
140 310
140 354
140 549
140 575
140 646
140 793
141 165
141 817
141 857
141 868
142 143
142 144
142 221
142 359
142 402
142 421
142 493
142 827
143 144
143 201
143 445
143 790
144 201
144 398
144 939
145 568
145 598
145 605
145 625
145 662
145 815
145 906
146 193
146 548
146 818
147 245
147 319
147 670
147 783
148 157
148 355
148 528
148 591
148 599
148 740
149 412
149 440
149 514
149 627
149 639
149 964
150 158
150 201
150 344
150 357
150 572
150 700
150 773
150 870
151 288
151 291
151 601
151 787
151 876
151 941
151 949
151 977
152 374
152 436
152 603
152 962
152 999
153 382
153 539
154 189
154 246
154 349
154 464
154 773
154 916
155 587
155 769
155 985
156 470
156 669
156 793
156 897
157 168
157 340
157 434
157 507
157 715
158 358
158 547
159 187
159 364
159 782
159 819
159 974
160 213
160 244
160 737
160 990
161 430
161 461
161 555
162 168
162 242
162 264
162 641
162 827
162 841
163 214
163 425
163 550
163 745
164 170
164 299
164 565
164 810
164 820
164 889
165 199
165 206
165 433
165 588
165 796
165 995
166 217
166 227
166 309
166 349
166 912
167 463
167 562
167 672
167 927
168 218
168 340
168 602
168 684
168 692
168 771
169 209
169 361
169 397
169 410
169 506
169 617
170 284
170 490
170 770
171 257
171 263
171 302
171 466
171 752
172 407
172 428
172 467
172 789
172 857
173 219
173 484
173 496
173 518
173 553
174 433
174 569
174 648
174 656
175 297
175 377
175 446
175 488
175 666
175 674
176 182
176 199
176 548
176 798
176 882
177 225
177 469
177 513
177 780
177 954
178 320
178 464
178 469
178 537
178 770
178 834
179 246
179 273
179 615
179 855
179 894
179 913
180 364
180 505
180 754
180 863
180 937
181 985
182 454
182 620
182 778
182 931
182 986
183 277
183 350
183 381
183 545
183 838
183 849
184 334
184 530
184 760
185 228
185 290
185 464
185 554
186 450
186 582
186 661
186 797
186 799
186 937
187 370
187 446
187 585
187 756
187 770
188 277
188 321
188 462
188 957
188 994
189 212
189 299
189 521
190 229
190 420
190 437
190 780
190 896
191 409
191 461
191 576
192 268
192 698
193 774
194 293
194 375
194 568
194 638
194 650
195 199
195 369
195 374
195 466
195 562
195 711
195 976
196 221
196 231
196 368
196 902
197 225
197 416
197 482
197 526
198 340
198 451
198 688
198 741
198 777
198 836
199 266
199 930
199 996
200 406
200 624
200 805
200 848
200 915
200 956
200 983
201 826
202 212
202 213
202 350
202 401
202 418
202 442
202 734
202 883
203 285
203 538
203 741
204 285
204 304
204 625
204 669
204 687
204 784
205 265
205 516
206 467
206 664
207 289
207 306
207 759
207 814
208 326
208 389
208 530
208 591
208 669
208 758
209 241
209 296
209 331
209 743
209 776
209 966
210 242
210 477
210 492
210 513
210 699
210 712
210 960
211 363
211 402
211 536
211 849
211 939
212 287
212 348
212 501
212 611
212 883
213 232
213 621
213 723
213 758
213 978
214 256
214 425
214 514
214 588
214 797
214 929
214 933
214 968
215 379
215 402
215 689
215 781
215 960
216 431
216 609
216 728
216 802
216 832
217 249
217 309
217 338
217 590
217 634
217 699
217 723
217 765
218 545
218 689
218 776
219 369
219 496
219 553
219 663
219 726
220 235
220 274
220 328
220 389
220 408
220 496
220 739
220 791
220 914
221 558
221 736
221 791
221 866
221 919
222 480
222 912
222 961
223 265
223 267
223 408
223 654
223 798
224 310
224 395
224 555
224 593
224 723
224 776
224 803
225 248
225 355
225 485
225 527
225 680
225 722
225 933
226 526
227 551
227 621
227 688
227 758
227 834
227 934
228 287
228 318
228 492
228 566
228 749
228 860
228 913
228 947
229 315
229 335
229 417
229 442
229 576
229 692
230 294
230 559
230 563
230 699
230 768
231 250
231 266
231 805
232 678
232 890
233 295
233 555
233 574
233 621
233 758
233 910
234 239
234 351
234 521
234 823
234 855
234 913
235 336
235 344
235 396
235 813
236 305
236 313
236 506
236 553
236 560
236 600
236 954
237 276
237 397
237 486
237 523
237 638
237 737
238 420
238 569
238 799
239 383
239 490
239 551
239 783
239 821
239 919
240 260
240 332
240 452
240 554
240 590
240 768
240 892
241 540
241 988
242 456
242 658
243 542
243 761
243 793
243 881
244 574
244 635
244 708
244 924
245 312
245 608
245 911
246 340
246 633
246 883
246 913
247 367
247 574
247 579
247 858
247 962
248 263
248 269
248 320
248 639
248 902
248 973
249 324
249 476
249 496
249 634
249 909
250 313
250 403
250 437
250 489
250 699
250 805
251 306
251 336
251 339
251 805
251 813
251 872
252 342
252 386
252 505
252 509
252 816
253 289
253 325
253 657
253 753
253 878
254 321
254 451
254 672
254 788
255 290
255 628
255 949
256 320
256 404
256 425
256 632
257 289
257 408
257 665
257 760
257 944
258 342
258 671
258 953
259 351
259 417
259 532
259 585
259 809
260 425
260 474
260 542
260 572
260 643
260 659
261 569
261 583
261 589
261 656
261 722
262 401
262 462
262 611
262 767
262 859
263 472
263 716
263 720
263 756
263 786
264 282
264 285
264 516
264 608
264 794
264 983
265 668
265 742
265 854
265 935
266 339
266 577
266 850
266 982
267 408
267 832
268 385
268 792
269 320
269 501
269 651
270 559
270 642
271 498
271 697
271 818
271 866
271 993
272 587
272 748
272 780
272 924
273 353
273 430
273 756
273 766
273 799
273 976
274 293
274 316
274 355
274 617
275 543
275 594
275 824
276 635
276 636
276 810
276 833
277 473
277 538
277 674
277 994
278 464
278 504
278 866
278 997
279 367
279 409
279 672
279 930
280 283
280 329
280 541
280 606
280 702
280 891
280 926
281 486
281 719
281 958
282 292
282 526
282 605
282 751
282 884
283 508
283 648
283 972
284 428
284 505
284 506
284 742
284 858
284 929
285 380
285 383
285 525
285 794
286 802
286 915
288 319
288 505
288 519
288 592
288 878
289 349
289 732
290 761
290 886
291 601
291 663
291 786
291 956
291 973
292 296
292 645
292 795
293 326
293 374
293 447
293 720
293 746
294 325
294 457
294 546
294 550
294 758
294 858
295 397
295 931
296 410
296 704
296 860
296 872
297 647
297 690
297 693
297 721
297 966
298 414
298 488
298 608
298 657
298 698
299 398
299 439
299 696
299 892
299 948
300 670
300 902
301 329
301 459
301 597
301 864
301 930
302 328
302 772
302 815
302 822
302 906
303 522
303 692
303 818
303 840
303 897
304 365
304 371
304 577
304 784
304 921
305 501
305 513
305 560
305 594
305 664
305 787
306 339
306 388
306 858
306 883
307 482
307 557
307 789
307 841
308 320
308 334
308 653
308 920
308 945
308 983
309 567
309 590
309 639
309 898
310 631
310 695
310 836
310 894
310 976
311 344
311 821
312 752
313 403
313 442
313 583
313 975
313 996
314 382
314 487
314 505
314 528
314 833
314 972
315 341
315 357
315 417
316 470
316 739
316 938
317 341
317 574
317 961
318 439
318 877
318 977
319 695
319 801
320 653
320 831
321 342
321 499
321 557
321 749
321 911
321 957
321 984
322 669
322 764
322 846
322 903
322 983
323 407
323 678
323 895
323 897
323 992
324 337
324 500
324 661
324 717
324 803
325 405
325 504
325 548
325 904
325 965
326 511
326 684
326 690
326 832
327 406
327 780
327 864
327 964
328 772
328 980
329 741
329 953
329 970
330 402
330 538
330 549
330 903
331 545
331 562
331 646
332 430
332 856
332 859
332 890
332 985
333 655
333 685
334 438
335 342
335 641
335 852
336 396
336 660
336 813
337 419
337 590
337 610
337 687
338 543
338 594
338 1000
339 464
339 554
339 788
340 532
340 617
340 807
341 418
342 499
342 749
343 566
343 877
344 513
344 572
345 428
345 554
345 572
345 927
346 448
346 578
346 912
346 998
347 460
347 607
347 724
347 962
348 537
348 607
348 611
348 743
348 861
349 662
349 986
350 531
350 644
351 532
351 554
351 710
351 860
352 407
352 510
352 529
352 543
352 820
353 360
353 372
353 705
353 856
354 456
354 515
354 876
355 368
355 593
355 594
356 522
356 569
356 574
356 584
356 648
356 724
356 806
357 494
357 503
357 714
357 870
357 974
358 759
358 763
358 827
358 955
358 984
359 411
359 620
359 656
359 775
359 870
360 372
360 686
360 713
360 757
361 530
361 780
362 474
362 563
362 611
362 735
362 740
362 777
363 452
363 624
363 849
363 995
364 466
364 604
365 371
365 519
365 800
365 941
366 398
366 491
366 508
366 658
367 405
367 690
367 893
367 912
368 470
368 558
368 765
369 422
369 548
369 619
369 630
369 726
369 933
370 386
370 668
370 676
370 838
371 525
371 921
371 944
371 974
372 757
373 590
373 630
373 673
373 846
374 892
374 952
375 399
375 604
375 638
375 792
376 484
376 512
376 571
376 655
376 731
376 735
377 386
377 419
377 537
377 625
377 638
377 885
377 931
378 394
378 689
378 787
378 968
379 445
379 689
379 806
379 811
379 987
380 506
380 578
380 735
380 895
380 932
381 422
381 543
381 550
381 601
381 657
381 1000
382 539
382 584
382 631
383 658
383 691
383 694
383 821
383 905
384 570
384 602
384 962
385 485
385 541
385 558
386 431
386 494
386 537
386 681
386 879
387 568
387 584
387 837
387 993
388 444
388 491
388 641
388 825
388 837
388 867
388 868
389 408
389 516
389 669
389 729
389 813
389 974
389 986
390 609
390 692
390 900
390 988
391 576
391 986
392 468
392 712
392 782
393 514
393 677
393 700
394 826
394 917
395 614
395 786
395 917
396 410
396 541
396 706
396 732
396 773
396 808
396 956
396 996
397 544
397 931
397 984
398 439
398 660
398 759
398 978
399 604
399 966
400 438
400 739
400 775
401 587
401 859
402 493
403 482
403 576
403 647
403 828
404 719
404 824
404 862
405 456
405 518
405 729
406 429
406 750
407 467
407 566
407 678
408 438
408 844
408 914
410 437
410 503
410 808
411 589
411 620
411 656
411 659
412 445
412 495
412 849
413 536
413 648
413 667
413 674
413 944
415 462
415 644
415 825
415 978
416 460
416 488
418 432
418 742
418 773
418 858
419 701
420 449
420 843
421 553
421 574
421 843
422 448
422 483
422 521
422 702
422 910
423 424
423 742
423 905
424 426
424 742
424 784
425 468
425 665
425 889
426 761
426 810
427 492
427 617
427 989
428 736
428 927
428 929
429 467
430 584
430 894
431 481
431 595
431 667
431 728
432 803
432 921
432 933
433 471
433 585
433 644
433 701
434 443
434 510
434 697
434 729
434 979
435 707
435 713
435 841
435 850
436 631
436 830
436 980
437 491
437 717
437 750
438 599
438 704
439 595
439 759
439 884
440 812
440 918
441 527
441 753
441 778
441 872
441 958
442 583
443 485
443 603
443 829
444 535
444 662
444 802
444 837
444 985
445 498
445 882
445 959
446 581
446 588
446 666
446 878
447 539
447 648
447 863
447 900
448 784
448 828
448 905
448 972
448 990
449 483
449 820
450 495
450 635
450 659
450 661
450 758
451 710
452 781
452 901
452 993
453 489
453 602
453 615
454 499
454 517
454 556
454 620
454 845
454 970
455 738
455 837
455 916
457 622
457 703
457 894
457 981
458 529
458 603
458 739
458 775
458 951
459 594
459 657
459 809
460 724
461 506
461 559
461 650
461 775
461 902
462 553
462 666
463 479
463 562
463 652
464 585
465 545
465 682
465 786
465 959
466 518
467 707
467 716
467 836
468 629
468 712
468 761
469 778
469 785
469 882
469 952
469 971
470 473
470 881
470 887
471 547
471 691
471 698
471 745
471 797
471 978
472 753
472 772
472 905
472 921
473 638
473 655
473 704
473 820
473 976
474 542
474 550
474 563
474 637
474 866
475 508
475 562
475 592
475 952
475 971
476 538
476 651
476 922
477 566
477 806
479 562
479 616
480 600
480 794
480 895
480 957
481 595
482 568
483 521
483 606
483 650
483 681
484 509
484 524
484 573
485 997
486 536
486 793
486 958
487 798
487 828
488 608
488 949
489 644
489 663
489 688
489 830
490 728
490 869
490 1000
491 668
492 712
492 801
492 870
493 827
494 506
494 718
494 818
494 858
494 917
495 661
495 665
495 945
495 998
496 598
496 877
496 909
497 601
497 605
497 672
497 834
497 932
498 697
498 892
499 557
499 970
500 730
501 594
501 643
501 686
501 920
501 924
501 947
502 773
502 793
502 913
502 986
503 626
503 633
503 714
503 824
503 889
504 707
504 817
504 839
504 925
504 946
504 965
506 866
507 599
507 760
507 995
508 577
508 658
508 722
508 810
509 666
509 788
509 804
510 579
510 682
510 709
510 738
511 532
511 534
511 623
511 789
511 937
512 540
512 655
512 657
512 876
513 981
514 618
514 651
515 535
515 576
515 618
515 684
515 916
516 540
516 629
516 654
516 771
516 794
516 915
516 917
516 983
517 705
517 845
517 965
517 970
518 667
518 724
518 769
518 902
519 611
519 801
519 872
519 878
520 533
520 693
520 836
521 573
521 687
521 793
522 670
522 950
523 662
523 671
523 693
523 829
524 588
524 631
524 719
524 750
524 766
524 772
525 921
526 546
526 751
526 842
526 872
528 779
529 951
530 594
530 739
530 798
531 562
531 664
531 920
531 947
532 601
532 807
532 991
533 693
533 743
533 770
533 817
533 851
534 567
534 623
534 690
534 700
534 753
535 585
535 642
535 820
536 648
536 674
536 778
537 916
538 645
539 541
539 556
539 908
540 641
540 715
540 894
540 1000
541 851
541 891
542 677
542 881
543 550
543 868
543 928
544 561
544 727
544 732
544 773
544 881
545 555
545 793
545 917
546 579
546 689
548 630
548 714
548 929
549 683
549 707
549 881
550 811
550 851
551 575
551 813
551 950
552 643
552 704
552 760
552 785
553 726
554 733
555 803
555 862
557 616
557 669
557 734
557 988
558 791
558 867
559 646
559 775
559 804
560 698
560 977
560 999
561 605
561 732
561 774
561 790
561 807
562 645
562 859
563 687
563 777
563 921
564 579
564 745
564 757
564 819
565 704
565 794
565 810
566 778
566 860
567 778
568 638
569 656
569 713
569 769
569 787
570 602
570 635
570 699
570 717
570 758
570 909
570 960
571 704
571 723
572 812
572 959
573 584
573 627
573 651
573 739
573 793
574 578
574 659
574 724
574 730
574 749
574 758
574 962
575 628
575 731
575 838
575 995
576 873
577 637
577 784
577 851
577 870
578 635
578 655
578 878
578 895
579 861
579 927
580 830
581 588
581 847
581 968
581 987
582 814
582 937
583 645
583 767
583 847
584 793
585 777
585 820
586 874
586 942
587 661
587 877
589 626
589 660
589 695
589 701
589 706
589 734
589 779
589 826
589 990
590 634
590 654
590 699
590 839
592 722
592 779
592 785
592 798
592 942
592 971
593 626
593 677
593 713
594 820
595 642
595 704
595 847
595 884
596 817
597 742
597 804
597 920
598 786
598 906
599 907
599 940
600 721
600 743
600 934
600 975
601 605
601 681
601 932
602 981
603 708
603 744
604 748
606 763
606 826
606 833
606 880
606 992
607 755
607 941
608 727
608 736
608 794
609 728
609 832
609 878
610 804
610 989
610 993
611 805
611 872
611 908
612 614
612 919
612 973
613 670
613 947
614 786
614 951
615 911
615 960
616 841
616 988
616 996
617 802
617 807
617 972
617 984
618 738
618 745
618 783
618 795
619 863
619 913
619 941
620 676
620 728
621 758
621 792
621 948
621 978
622 781
622 930
623 625
623 685
623 727
623 809
623 930
625 780
625 784
625 845
625 936
625 950
625 967
626 815
626 946
627 639
627 967
627 981
628 751
628 949
630 767
630 880
631 695
631 903
632 656
632 792
632 901
633 749
633 851
633 861
633 869
635 688
635 690
635 744
635 787
635 816
636 700
636 912
637 669
637 676
637 994
638 770
638 976
639 900
639 964
640 886
640 907
640 936
641 799
642 741
642 774
643 659
643 789
643 904
644 703
644 730
644 824
644 955
645 929
646 763
647 893
648 856
649 840
649 853
649 940
649 972
650 734
650 842
652 676
652 766
652 920
653 945
654 769
654 941
655 840
655 992
656 887
657 800
657 809
659 755
659 788
659 789
659 820
659 999
660 951
661 688
661 816
661 899
661 977
663 688
663 885
663 953
664 767
664 947
664 953
665 848
665 983
666 740
666 752
666 814
667 747
667 855
667 944
668 688
669 677
670 827
670 940
670 964
671 823
671 893
672 710
672 777
672 925
673 682
673 814
674 791
675 702
676 684
676 795
676 895
676 907
677 686
677 713
678 707
678 992
679 828
679 989
681 831
682 738
682 909
682 969
683 715
683 765
683 783
683 899
684 804
684 832
684 839
684 904
685 887
685 924
686 919
687 923
687 962
687 989
688 849
688 953
688 968
689 806
691 694
691 756
691 833
691 886
692 725
692 892
693 741
693 751
693 836
694 735
694 885
694 958
696 823
696 913
696 976
697 839
700 809
700 922
700 983
701 870
704 706
704 839
705 760
705 787
705 882
705 970
706 826
706 996
707 961
708 907
708 924
710 907
711 766
711 938
711 939
711 976
712 923
714 824
714 887
715 915
715 966
717 819
717 853
718 784
718 917
718 929
719 902
720 822
720 894
721 744
721 975
722 764
723 783
724 749
724 910
724 962
724 980
725 733
727 773
728 799
728 1000
729 795
729 802
730 941
730 955
731 762
731 869
732 790
732 956
733 862
733 953
734 826
734 842
736 899
737 781
737 974
737 990
738 916
739 740
740 904
741 751
742 811
742 858
744 987
744 989
745 750
746 847
746 875
746 928
747 771
747 894
748 808
748 846
749 861
750 950
750 957
751 803
751 943
752 946
753 829
755 856
755 914
755 941
755 982
756 786
756 799
756 825
756 886
757 926
758 768
760 844
762 808
762 846
763 979
763 984
763 991
763 999
764 866
765 795
765 899
766 806
766 847
766 976
769 805
771 794
771 980
772 910
772 980
774 884
774 982
775 917
776 975
777 820
778 960
779 901
780 921
782 990
784 927
784 929
784 936
785 901
785 932
785 971
786 789
788 844
788 874
789 814
790 897
790 951
790 999
791 919
791 981
792 948
793 835
793 942
796 807
796 941
797 863
798 971
798 984
799 815
799 890
800 809
801 878
801 912
801 916
803 825
805 872
806 879
806 969
808 882
813 818
815 906
817 839
817 868
817 933
818 866
819 874
820 999
821 905
822 894
822 906
823 913
825 877
825 978
828 905
828 943
828 972
829 950
831 886
834 981
835 841
835 905
835 917
835 942
836 837
836 894
837 874
837 916
838 873
838 882
839 892
839 904
840 930
841 871
842 848
842 852
843 862
843 948
844 897
844 938
845 867
845 950
845 967
846 963
847 943
847 976
848 929
850 904
850 982
851 861
851 869
853 936
853 985
854 882
854 947
855 866
855 913
856 910
857 871
857 932
857 949
858 883
866 896
867 919
868 903
871 873
871 949
872 882
873 904
873 943
874 908
875 928
875 961
876 878
880 925
881 958
883 931
883 966
884 937
884 986
885 886
885 918
886 935
891 926
892 946
893 987
893 991
895 909
897 952
898 998
904 920
904 965
906 910
907 940
911 952
911 994
912 962
913 947
913 952
916 964
920 924
921 949
924 974
924 997
925 998
928 967
930 951
932 971
934 967
936 967
938 964
938 994
939 979
942 957
942 969
945 959
946 965
946 972
947 994
949 977
951 974
956 996
959 961
963 968
965 991
968 993
973 983
973 989
975 996
979 999
985 988
991 999
