age
40.5853738213956
35.995342623893
33.2737889177096
24.0300697644358
22.0652616277382
26.5855191949844
19.4822089036123
23.3587892939765
36.6887655121289
18.2566857228577
48.9709673304114
25.7950767684883
17.9061106604632
22.0338711851437
35.0279223604939
29.6060297017683
31.5636286651008
42.1375956562401
35.2859648403592
59.9181218435221
23.3935891661706
26.6899867320737
25.5130991851146
14.3550385925461
27.5962847636705
58.0677003181592
46.168357842015
37.5425851369396
38.5771436564779
31.161628284005
36.9715395367203
17.2098980065296
47.8848000276552
19.0997883466108
